Data Point Listing of File C:\NTNMR\data\Dan\LiFe.25Mn.75PO4_redux\[001]\Li7 [001] 120deg.tnt
Starting Point:	1	Ending Point:	512
Real	Imag	ppm
141507.469	-6215.326	8573.054
97201.422	-2633.401	8539.564
96287.078	27382.342	8506.075
132291.797	26521.566	8472.586
116952.867	6421.856	8439.097
37917.281	-27248.027	8405.608
91203.703	8496.352	8372.119
53915.684	33901.297	8338.629
145540.172	52985.367	8305.140
60128.965	60771.445	8271.651
38168.621	-24958.711	8238.162
102556.086	-7737.130	8204.673
63402.246	-14822.886	8171.184
73000.633	6027.729	8137.695
88327.031	30800.375	8104.205
99947.547	-1667.510	8070.716
162099.594	-23577.840	8037.227
42116.582	28708.209	8003.738
84562.398	37881.473	7970.249
50645.223	-9768.067	7936.760
86428.203	-46461.957	7903.271
89653.758	22778.797	7869.781
47877.727	-24791.672	7836.292
64700.195	11865.412	7802.803
135420.250	-19399.805	7769.314
84318.047	37370.027	7735.825
49947.582	10155.871	7702.336
64890.379	30466.525	7668.846
71731.328	-30667.955	7635.357
130880.094	-15708.958	7601.868
118510.148	-10238.373	7568.379
67124.938	86291.922	7534.890
102252.609	10046.710	7501.401
138744.594	3372.294	7467.912
83761.070	-30405.748	7434.422
87920.891	1182.570	7400.933
57202.586	104314.516	7367.444
126323.656	2222.997	7333.955
81723.375	18216.662	7300.466
63989.406	28604.113	7266.977
62975.203	-649.423	7233.488
89703.906	50926.145	7199.998
103619.102	-3673.108	7166.509
71146.234	32143.441	7133.020
104480.563	79109.102	7099.531
76081.672	-21964.295	7066.042
69643.211	56543.719	7032.553
76894.820	12483.957	6999.063
74452.594	-42262.137	6965.574
84777.172	-8212.379	6932.085
97352.211	68241.875	6898.596
23055.586	23818.795	6865.107
-238.697	64072.266	6831.618
118399.102	59604.141	6798.129
31289.539	80129.500	6764.639
117431.281	69906.742	6731.150
34753.172	35192.238	6697.661
103190.297	58559.434	6664.172
91264.023	81693.508	6630.683
107980.109	156133.922	6597.194
81855.453	-7203.521	6563.704
99383.438	96977.547	6530.215
59277.184	-18577.039	6496.726
83111.805	-13099.499	6463.237
73869.531	105199.047	6429.748
82725.992	-35376.027	6396.259
66144.914	29079.297	6362.770
141357.453	43234.449	6329.280
127353.195	67524.898	6295.791
121407.047	41350.648	6262.302
128035.539	82101.516	6228.813
130689.336	67830.914	6195.324
96812.789	72324.398	6161.835
53003.797	79580.227	6128.346
90150.789	71351.133	6094.856
91034.523	90697.305	6061.367
199560.266	60674.277	6027.878
95085.477	17109.330	5994.389
14550.521	101563.023	5960.900
143880.703	153457.875	5927.411
72545.875	-22258.217	5893.921
92329.313	10246.864	5860.432
95818.609	10262.726	5826.943
122884.930	58121.078	5793.454
121003.945	-27523.541	5759.965
147329.375	-14547.744	5726.476
110947.852	51734.824	5692.987
102385.742	86398.102	5659.497
99919.289	58488.250	5626.008
75024.008	60329.563	5592.519
95379.055	92368.250	5559.030
93271.227	70985.320	5525.541
45824.262	72414.969	5492.052
100023.125	44183.191	5458.563
153579.047	76382.641	5425.073
124384.063	41787.578	5391.584
69813.102	26089.693	5358.095
94703.875	73125.750	5324.606
103540.438	27391.721	5291.117
163107.016	37386.238	5257.628
7564.277	31994.426	5224.138
134395.609	103497.156	5190.649
109415.984	110778.414	5157.160
49771.426	-1338.505	5123.671
100699.813	102797.117	5090.182
85772.523	60383.941	5056.693
97741.211	50670.746	5023.204
136224.484	77874.414	4989.714
67579.719	55258.227	4956.225
79518.773	67490.461	4922.736
147968.078	-41003.754	4889.247
-3129.694	109714.836	4855.758
61723.051	80956.523	4822.269
57406.207	85674.758	4788.780
94341.211	94748.656	4755.290
142030.125	52706.602	4721.801
97185.375	29271.396	4688.312
120797.734	100471.547	4654.823
130204.852	105593.414	4621.334
64206.250	86947.430	4587.845
96677.594	81698.719	4554.355
97246.969	77787.727	4520.866
70033.836	105593.133	4487.377
82834.195	11189.476	4453.888
82185.570	31836.441	4420.399
92434.883	114249.609	4386.910
32590.578	71799.328	4353.421
96586.555	73089.484	4319.931
80910.852	101827.195	4286.442
48110.910	111282.633	4252.953
139565.969	95671.578	4219.464
100471.805	96291.477	4185.975
72854.711	89502.578	4152.486
67034.813	110719.070	4118.996
141605.688	59013.391	4085.507
106306.102	65879.672	4052.018
106995.148	106683.461	4018.529
154267.422	138975.891	3985.040
125924.047	131971.766	3951.551
103826.070	112946.688	3918.062
33122.059	123250.188	3884.572
127012.695	115595.805	3851.083
114607.008	64366.102	3817.594
25388.209	110171.859	3784.105
112050.617	145938.750	3750.616
111023.789	88684.180	3717.127
108878.195	83573.633	3683.638
25524.434	130280.953	3650.148
97564.570	105897.828	3616.659
79401.844	63792.871	3583.170
60661.297	69841.789	3549.681
110971.922	86997.320	3516.192
57734.313	108122.203	3482.703
104388.375	108103.742	3449.213
114041.422	110594.109	3415.724
89786.188	115843.117	3382.235
71688.516	89160.633	3348.746
104985.305	122568.313	3315.257
95493.641	181269.984	3281.768
96034.078	124035.078	3248.279
64109.840	98161.695	3214.789
113182.320	118352.641	3181.300
76637.039	107735.250	3147.811
29381.533	97912.281	3114.322
112029.531	200279.875	3080.833
95059.414	164008.906	3047.344
56554.488	159183.719	3013.855
162082.203	168805.750	2980.365
131809.641	104012.656	2946.876
111324.938	153562.266	2913.387
127925.891	212162.047	2879.898
57557.238	128617.023	2846.409
49899.520	218874.422	2812.920
120771.445	145185.438	2779.430
61707.477	164171.172	2745.941
154638.328	146950.609	2712.452
48857.922	147842.922	2678.963
44643.762	101941.617	2645.474
104007.047	76982.625	2611.985
91455.820	219738.266	2578.496
78982.672	201658.891	2545.006
123387.117	91952.594	2511.517
52257.363	105318.133	2478.028
97284.172	104706.188	2444.539
150366.328	204669.109	2411.050
81819.016	166232.922	2377.561
49274.543	209586.547	2344.072
76152.414	150311.016	2310.582
116069.844	216642.516	2277.093
70553.367	181669.984	2243.604
96648.602	107619.141	2210.115
13296.097	184919.766	2176.626
57699.348	210109.844	2143.137
73320.891	233998.688	2109.647
114522.242	199227.313	2076.158
90375.422	246569.859	2042.669
65297.027	158327.406	2009.180
74736.164	273026.156	1975.691
63462.945	207490.938	1942.202
28428.357	255564.797	1908.713
129931.031	172671.266	1875.223
109444.750	224225.875	1841.734
68394.594	207151.281	1808.245
177925.422	292163.063	1774.756
64070.203	334317.281	1741.267
46302.477	229512.094	1707.778
-18714.947	182841.484	1674.288
54830.230	234246.063	1640.799
34919.406	256956.281	1607.310
-10860.191	309544.438	1573.821
46369.289	318620.063	1540.332
-13869.608	300491.063	1506.843
46542.492	392756.406	1473.354
51010.605	327717.719	1439.864
29772.811	323963.375	1406.375
50307.262	339956.250	1372.886
128954.133	357752.281	1339.397
78771.578	336800.313	1305.908
2447.023	413552.281	1272.419
-478.361	414586.219	1238.930
89737.023	343832.938	1205.440
406.460	399581.719	1171.951
102923.852	461641.094	1138.462
78143.422	444062.438	1104.973
32609.041	466302.813	1071.484
108316.797	472569.313	1037.995
59197.477	490244.625	1004.505
98092.039	563270.000	971.016
110996.453	524545.938	937.527
94047.617	552752.250	904.038
106389.398	569797.375	870.549
84417.023	551969.438	837.060
69324.320	686099.313	803.571
174589.234	685571.938	770.081
171301.906	650898.250	736.592
115879.945	739976.750	703.103
176901.172	732383.313	669.614
178187.969	836926.375	636.125
183961.125	867434.500	602.636
175314.141	882824.188	569.147
218942.391	951442.938	535.657
247202.281	960545.563	502.168
319809.719	1063004.500	468.679
359690.094	1060337.875	435.190
461346.563	1164950.375	401.701
508208.719	1228640.750	368.212
583902.813	1195699.750	334.722
674235.313	1279972.625	301.233
754536.875	1298801.625	267.744
966256.250	1386937.875	234.255
1162323.250	1281922.500	200.766
1302411.375	1248798.125	167.277
1472697.375	1252488.000	133.788
1576230.250	1164196.250	100.298
1754166.625	1090451.625	66.809
1899653.125	893277.688	33.320
1961808.750	748365.938	-0.169
2049072.500	619306.000	-33.658
2110730.250	457577.313	-67.147
2156448.250	314334.281	-100.636
2100775.750	103671.602	-134.126
2137349.250	-61352.488	-167.615
2033471.500	-292467.094	-201.104
2048333.000	-411842.750	-234.593
1942888.625	-447658.531	-268.082
1824844.250	-636077.375	-301.571
1827127.500	-742956.563	-335.061
1700109.000	-851171.750	-368.550
1634927.500	-915237.313	-402.039
1557849.875	-1106921.875	-435.528
1361097.750	-1080616.750	-469.017
1311161.250	-1141984.125	-502.506
1121058.125	-1238137.250	-535.995
1025947.938	-1186306.375	-569.485
852894.625	-1278086.125	-602.974
852350.688	-1275865.625	-636.463
750334.750	-1207564.000	-669.952
665122.000	-1168572.750	-703.441
470164.688	-1056452.375	-736.930
404102.531	-1130081.250	-770.420
334331.875	-1047017.063	-803.909
381954.375	-973504.750	-837.398
269240.188	-977428.563	-870.887
199812.688	-927348.500	-904.376
194393.703	-809700.750	-937.865
196976.188	-864281.125	-971.354
187812.578	-825977.938	-1004.844
167349.797	-727398.688	-1038.333
154270.297	-653984.063	-1071.822
96417.344	-718227.813	-1105.311
90168.180	-665657.750	-1138.800
139488.594	-604415.875	-1172.289
51661.473	-630418.000	-1205.778
26587.258	-485754.281	-1239.268
71263.609	-570166.688	-1272.757
76684.875	-480991.000	-1306.246
61400.352	-492034.813	-1339.735
58050.195	-447953.500	-1373.224
27363.471	-477549.500	-1406.713
77123.109	-431917.813	-1440.203
13330.730	-401304.875	-1473.692
54465.887	-398419.219	-1507.181
84779.094	-390292.750	-1540.670
28042.375	-388958.625	-1574.159
62290.234	-394659.125	-1607.648
111608.953	-313813.563	-1641.137
14100.672	-323106.656	-1674.627
11431.346	-349191.625	-1708.116
97539.984	-331503.844	-1741.605
49039.914	-324502.688	-1775.094
99979.359	-333599.906	-1808.583
65573.828	-252882.594	-1842.072
3893.533	-319187.844	-1875.561
70225.234	-295421.406	-1909.051
56537.695	-328755.219	-1942.540
73226.867	-336934.000	-1976.029
94253.547	-242920.734	-2009.518
87488.156	-234738.563	-2043.007
68056.469	-240805.484	-2076.496
51010.590	-284007.250	-2109.986
72497.508	-241875.953	-2143.475
115862.258	-205207.188	-2176.964
43956.477	-246377.766	-2210.453
41460.465	-203453.516	-2243.942
50055.914	-236880.781	-2277.431
77609.492	-217072.344	-2310.920
6493.007	-205870.891	-2344.410
85942.609	-175357.141	-2377.899
64553.699	-187517.797	-2411.388
125917.570	-236203.250	-2444.877
94093.344	-160344.625	-2478.366
104312.039	-147655.406	-2511.855
72848.633	-165902.906	-2545.344
61399.137	-113535.563	-2578.834
102038.031	-187053.531	-2612.323
94384.234	-168903.938	-2645.812
62073.504	-124334.141	-2679.301
71579.813	-109051.750	-2712.790
76846.305	-151728.813	-2746.279
120446.781	-158892.250	-2779.769
49798.027	-207078.281	-2813.258
59739.500	-179818.703	-2846.747
94623.367	-205262.984	-2880.236
118300.609	-118819.727	-2913.725
98510.391	-150407.719	-2947.214
92095.133	-173005.781	-2980.703
76928.656	-158423.656	-3014.193
128307.734	-149330.219	-3047.682
75919.961	-122076.781	-3081.171
38324.609	-128035.445	-3114.660
2409.565	-88110.680	-3148.149
125610.039	-109374.047	-3181.638
67982.969	-157811.766	-3215.128
157887.422	-159469.766	-3248.617
152413.688	-161724.344	-3282.106
75618.945	-126516.930	-3315.595
103396.523	-85038.930	-3349.084
116067.461	-191345.422	-3382.573
77970.047	-183401.016	-3416.062
81605.211	-87900.453	-3449.552
116709.891	-112993.398	-3483.041
120557.258	-127700.211	-3516.530
37288.953	-110390.117	-3550.019
107947.211	-115840.773	-3583.508
108355.016	-86806.852	-3616.997
69543.578	-106862.156	-3650.486
87597.438	-143802.328	-3683.976
138075.203	-91268.281	-3717.465
135037.484	-137465.516	-3750.954
93603.500	-116379.469	-3784.443
67938.945	-98132.117	-3817.932
72952.336	-73558.406	-3851.421
116214.930	-113770.969	-3884.911
82796.430	-127323.945	-3918.400
120810.742	-99265.008	-3951.889
96657.445	-84720.016	-3985.378
76623.195	-105092.609	-4018.867
81449.414	-73228.789	-4052.356
23691.395	-133868.109	-4085.845
115742.711	-156670.750	-4119.335
84615.430	-96146.055	-4152.824
117119.953	-62455.496	-4186.313
109346.797	-56965.992	-4219.802
94916.828	-61850.953	-4253.291
106917.945	-33332.441	-4286.780
91081.625	-116025.195	-4320.269
80895.117	-92370.117	-4353.759
119722.266	-84086.273	-4387.248
90287.148	-107528.375	-4420.737
96887.320	-66223.648	-4454.226
74492.367	-91824.367	-4487.715
77891.797	-91408.234	-4521.204
106726.125	-108172.234	-4554.694
89359.750	-56815.984	-4588.183
87908.664	-80954.359	-4621.672
120266.000	-69624.609	-4655.161
77154.727	-122634.219	-4688.650
90402.391	-42099.352	-4722.139
58307.301	-124016.453	-4755.628
73593.852	-62192.859	-4789.118
108131.992	-65488.637	-4822.607
54397.871	-94813.063	-4856.096
126892.016	-36684.594	-4889.585
97869.719	-30218.551	-4923.074
94875.133	-84727.125	-4956.563
138142.797	-56095.559	-4990.053
81996.094	-91913.961	-5023.542
87868.008	-65371.418	-5057.031
77608.250	-68344.641	-5090.520
95306.000	-50144.543	-5124.009
104588.125	-85967.180	-5157.498
119096.063	-84676.031	-5190.987
118355.516	-24600.813	-5224.477
116249.477	-43002.633	-5257.966
154610.938	-43811.012	-5291.455
99821.266	-52720.816	-5324.944
128807.039	-84582.219	-5358.433
94074.508	-127958.039	-5391.922
80805.461	-34215.523	-5425.411
105345.328	-32579.795	-5458.901
27821.203	-57770.957	-5492.390
103224.539	-45648.105	-5525.879
113697.047	-83391.789	-5559.368
119015.625	-61747.523	-5592.857
71952.602	-6440.349	-5626.346
125202.086	-44010.344	-5659.836
84230.516	-64770.656	-5693.325
85152.359	-76410.695	-5726.814
96392.078	-129158.703	-5760.303
72788.211	-21396.738	-5793.792
106328.477	-82043.180	-5827.281
108466.008	-4594.496	-5860.770
78685.000	-5440.542	-5894.260
114218.789	-74548.578	-5927.749
108684.828	-50954.168	-5961.238
61795.172	-76656.797	-5994.727
85935.469	-50374.664	-6028.216
101141.281	-72821.016	-6061.705
107028.625	-94408.852	-6095.194
139496.891	-41452.777	-6128.684
69854.531	-15957.499	-6162.173
90194.063	-21872.650	-6195.662
73343.875	-18520.904	-6229.151
114345.641	-20253.055	-6262.640
107640.680	-58992.473	-6296.129
96064.031	-46626.691	-6329.619
101180.117	-22964.783	-6363.108
44640.703	-2280.442	-6396.597
69272.266	-97480.523	-6430.086
110965.477	-27919.430	-6463.575
113594.828	-50070.277	-6497.064
87403.773	-43280.016	-6530.553
81712.836	-19598.369	-6564.043
99228.477	-57372.020	-6597.532
77744.398	-40018.293	-6631.021
144574.250	-41249.078	-6664.510
97904.961	-64377.402	-6697.999
99104.195	-36394.738	-6731.488
59167.457	-43904.012	-6764.977
136129.313	-43732.211	-6798.467
140437.188	-32143.842	-6831.956
97703.102	6241.022	-6865.445
113452.125	-66567.281	-6898.934
66140.914	5001.838	-6932.423
144808.609	-48988.480	-6965.912
72357.906	-66159.375	-6999.402
92376.867	9858.338	-7032.891
104370.367	-21683.738	-7066.380
104736.727	-7950.684	-7099.869
84712.805	-7476.190	-7133.358
101804.109	-65942.578	-7166.847
40596.707	-57648.957	-7200.336
109695.805	-36465.910	-7233.826
80568.805	-35152.559	-7267.315
96987.625	-27325.738	-7300.804
77710.992	-84803.828	-7334.293
102761.516	-44184.004	-7367.782
108319.977	-46495.531	-7401.271
124532.602	-14900.057	-7434.761
93090.109	-6011.751	-7468.250
88822.758	9081.607	-7501.739
36823.852	-37088.383	-7535.228
88565.516	-22996.574	-7568.717
103264.953	-30509.475	-7602.206
63344.402	-14537.534	-7635.695
57024.563	-40418.691	-7669.185
84492.719	-18099.670	-7702.674
113127.883	-35037.695	-7736.163
114043.484	-25837.023	-7769.652
107074.000	16259.201	-7803.141
56948.047	44442.973	-7836.630
38152.863	-39376.289	-7870.119
93428.781	-769.278	-7903.609
106107.773	-22764.850	-7937.098
72113.078	-14575.546	-7970.587
71170.578	775.146	-8004.076
114305.750	-15468.393	-8037.565
85831.305	-31502.895	-8071.054
88013.023	1197.526	-8104.544
45467.656	-9983.174	-8138.033
104829.836	14583.007	-8171.522
76978.625	-52973.703	-8205.011
131128.297	-24381.158	-8238.500
71352.023	-57878.227	-8271.989
101335.727	-9210.261	-8305.478
72444.469	-2708.940	-8338.968
76868.461	18515.814	-8372.457
95192.094	21810.959	-8405.946
47259.820	-47846.254	-8439.435
87457.406	-6081.185	-8472.924
104746.891	-30004.813	-8506.413
124067.219	-10858.938	-8539.902
