Data Point Listing of File C:\NTNMR\data\Dan\LiFe.25Mn.75PO4_redux\[001]\P31 [001] 135deg.tnt
Starting Point:	1	Ending Point:	1024
Real	Imag	Hz
90042.250	-168401.750	2499980.282
-165662.500	42968.453	2495097.470
-100061.500	30966.344	2490214.657
49797.500	-100650.625	2485331.845
-172500.250	10356.594	2480449.032
-98247.500	-50326.039	2475566.220
-7763.875	-154840.438	2470683.407
-164575.000	-212272.844	2465800.595
-69488.250	98269.938	2460917.782
-221078.000	-109230.938	2456034.970
-6324.750	-22605.500	2451152.157
98131.875	61585.500	2446269.345
16536.000	-176004.125	2441386.532
62801.750	19517.969	2436503.720
-246302.875	166638.375	2431620.907
-288594.563	369.000	2426738.095
-111216.875	65150.750	2421855.282
-96346.750	3373.625	2416972.470
-22852.188	172266.500	2412089.657
12983.688	-188337.500	2407206.845
-7574.250	-57265.750	2402324.032
-22146.625	61750.625	2397441.220
117711.875	-243100.875	2392558.407
-35515.469	21494.750	2387675.595
89668.938	9991.688	2382792.782
68075.063	-120720.250	2377909.970
213358.313	81634.500	2373027.157
-4780.688	66638.875	2368144.345
-139469.844	50013.625	2363261.532
105069.031	169305.813	2358378.720
124230.484	35361.375	2353495.907
13363.891	-155959.000	2348613.095
225798.250	-192909.969	2343730.282
262554.469	108296.453	2338847.470
66642.188	-170150.563	2333964.657
-265403.938	-517803.875	2329081.845
-77067.617	-64582.625	2324199.032
-341292.375	-107833.375	2319316.220
-150248.594	-162854.188	2314433.407
-224011.156	-117036.000	2309550.595
-192276.266	-152945.656	2304667.782
-125470.648	684.000	2299784.970
-112859.250	-365248.531	2294902.157
-187757.750	-116812.188	2290019.345
-2597.031	-129206.625	2285136.532
-17572.500	-70909.500	2280253.720
-102681.844	-22850.938	2275370.907
104418.508	-44846.406	2270488.095
-82414.602	-32728.125	2265605.282
-122210.766	-184637.984	2260722.470
-20111.867	-40436.125	2255839.657
-183427.047	-254641.625	2250956.845
-119956.578	82340.625	2246074.032
162495.063	-298019.438	2241191.220
-48359.188	164040.172	2236308.407
-312060.531	-239804.766	2231425.595
30734.375	-339952.531	2226542.782
1699.344	-209957.734	2221659.970
-89607.164	131219.250	2216777.157
-170249.313	29643.094	2211894.345
-15896.500	-95363.063	2207011.532
-47783.625	20179.188	2202128.720
-20401.594	29019.445	2197245.907
-10201.555	238148.656	2192363.095
19343.813	-100978.641	2187480.282
31375.531	-191282.406	2182597.470
-86308.266	-35826.438	2177714.657
255989.344	96649.047	2172831.845
-292069.313	-101253.469	2167949.032
-96213.266	-84228.938	2163066.220
240626.172	-401302.250	2158183.407
45135.063	-64181.500	2153300.595
-230685.859	-47801.750	2148417.782
-238572.797	66365.438	2143534.970
75621.906	16815.781	2138652.157
179044.344	-218311.219	2133769.345
-175983.719	109445.219	2128886.532
131809.750	-235091.516	2124003.720
77221.031	-31536.313	2119120.907
-347213.938	-201525.750	2114238.095
-358689.563	-13835.625	2109355.282
-93512.242	163868.750	2104472.470
-38837.578	-116891.625	2099589.657
-171956.313	-10270.031	2094706.845
271451.625	-47733.250	2089824.032
208575.625	200729.938	2084941.220
-6605.406	42607.082	2080058.407
38494.563	244589.125	2075175.595
-145707.094	-252248.688	2070292.782
-45029.566	176858.188	2065409.970
-93363.609	-184661.000	2060527.157
54753.656	-226584.938	2055644.345
-22592.352	-306557.063	2050761.532
-170832.938	-196119.891	2045878.720
-1921.625	-57672.672	2040995.907
85257.000	-516663.563	2036113.095
-91607.719	-345564.969	2031230.282
-48563.625	8254.250	2026347.470
-177569.328	-42178.250	2021464.657
-152760.938	7053.953	2016581.845
-219563.531	96931.359	2011699.032
117857.344	-186829.016	2006816.220
-271973.781	-243387.281	2001933.407
18720.203	-353383.719	1997050.595
-195236.172	596.719	1992167.782
-63361.602	-187422.938	1987284.970
-258621.859	13800.250	1982402.157
-6396.076	-198545.016	1977519.345
-171649.063	84464.125	1972636.532
-341714.000	242750.906	1967753.720
-220831.766	-255644.938	1962870.907
-78821.797	284296.875	1957988.095
81716.094	-20602.438	1953105.282
67152.063	-366171.938	1948222.470
157703.781	-153130.844	1943339.657
-444597.469	-164702.781	1938456.845
-95666.047	-202570.125	1933574.032
-293281.031	36756.656	1928691.220
-327845.063	80793.313	1923808.407
-310137.750	-238023.063	1918925.595
141933.859	63737.875	1914042.782
-44403.828	190034.000	1909159.970
-116330.703	-255998.844	1904277.157
-378839.719	-185207.250	1899394.345
-395337.750	-56608.125	1894511.532
-97927.688	-57209.125	1889628.720
-567167.188	-72101.047	1884745.907
-67585.422	87955.375	1879863.095
-189473.313	160195.625	1874980.282
-212053.422	43885.289	1870097.470
-276032.250	-252796.531	1865214.657
267711.813	-65359.617	1860331.845
-474521.313	135094.000	1855449.032
214222.828	-148288.953	1850566.220
-259528.625	-14240.625	1845683.407
-109109.656	95939.813	1840800.595
-244884.453	68923.313	1835917.782
274067.500	211376.344	1831034.970
-213797.625	46676.695	1826152.157
-125114.219	-154756.531	1821269.345
13283.727	-84872.000	1816386.532
-157536.281	-406418.625	1811503.720
18061.016	-190168.125	1806620.907
-148336.188	51318.797	1801738.095
57039.844	160884.609	1796855.282
101254.203	206737.313	1791972.470
34556.938	208341.156	1787089.657
25611.906	213463.719	1782206.845
237225.969	271374.125	1777324.032
113985.094	26436.203	1772441.220
-339697.813	274539.250	1767558.407
-259055.938	51580.438	1762675.595
-33441.938	395738.875	1757792.782
-110939.813	-121623.859	1752909.970
195016.406	-158578.094	1748027.157
-202423.313	361877.813	1743144.345
-11734.375	-171617.188	1738261.532
77468.766	88761.938	1733378.720
151402.016	170273.109	1728495.907
-64525.219	87934.156	1723613.095
-125185.875	-76684.063	1718730.282
123583.969	144997.938	1713847.470
-501468.406	287077.844	1708964.657
-135430.781	39986.375	1704081.845
60762.750	196981.063	1699199.032
-612724.813	-104529.266	1694316.220
-259102.906	-54825.344	1689433.407
-131761.000	-168928.609	1684550.595
-244504.484	198291.656	1679667.782
-194954.344	-88840.188	1674784.970
-195872.391	243046.781	1669902.157
-109076.508	-34360.938	1665019.345
-212401.188	27184.781	1660136.532
-251240.938	-189313.109	1655253.720
-113332.680	124061.758	1650370.907
-169045.328	65439.625	1645488.095
47162.563	-336494.094	1640605.282
-667526.188	32242.461	1635722.470
225896.313	-124903.438	1630839.657
-117681.781	357312.781	1625956.845
-407451.219	-157081.031	1621074.032
66309.422	140494.469	1616191.220
-187365.859	56587.594	1611308.407
592671.750	352234.250	1606425.595
-174311.281	299846.688	1601542.782
-116601.984	-396294.438	1596659.970
-299724.063	-163504.609	1591777.157
-625631.625	-66512.438	1586894.345
-131914.609	175028.313	1582011.532
-138320.172	294381.219	1577128.720
-178052.563	-101026.664	1572245.907
370208.125	245368.594	1567363.095
-539437.250	40680.203	1562480.282
233858.750	71992.516	1557597.470
50455.949	292087.156	1552714.657
-48647.828	216988.328	1547831.845
67080.250	45473.828	1542949.032
43058.719	418752.438	1538066.220
-29048.359	101733.813	1533183.407
293132.031	107206.719	1528300.595
-121708.797	-54236.922	1523417.782
-27764.516	305515.281	1518534.970
-90757.281	-451175.031	1513652.157
499485.625	194443.453	1508769.345
17984.313	150728.094	1503886.532
21737.750	-112809.492	1499003.720
-72795.883	-44927.813	1494120.907
395187.500	-179832.672	1489238.095
29793.641	117119.328	1484355.282
-50030.148	-268696.813	1479472.470
-315714.063	110921.125	1474589.657
493729.500	177048.609	1469706.845
-85865.734	-381407.625	1464824.032
-477451.500	25500.625	1459941.220
-184024.000	-87534.484	1455058.407
-187163.625	-157399.563	1450175.595
-320923.938	-132162.406	1445292.782
-348788.750	34553.980	1440409.970
-509241.313	404339.563	1435527.157
-200394.172	-129915.070	1430644.345
-43599.273	272397.500	1425761.532
-123570.391	-258855.891	1420878.720
-571304.563	93481.484	1415995.907
89248.969	-52985.813	1411113.095
-472217.469	465971.563	1406230.282
-543056.563	90149.500	1401347.470
221578.422	135067.688	1396464.657
-567314.375	672491.750	1391581.845
90484.695	-58473.848	1386699.032
-105557.141	-50181.781	1381816.220
-72192.375	-177742.859	1376933.407
244567.750	-205871.219	1372050.595
-109160.617	-574659.625	1367167.782
231497.766	342161.656	1362284.970
57863.832	174022.344	1357402.157
-81676.875	394700.063	1352519.345
226116.422	-481880.313	1347636.532
206512.594	-125416.000	1342753.720
-371226.313	123794.789	1337870.907
-615978.875	-558123.063	1332988.095
-261932.109	-401871.750	1328105.282
157091.391	-84437.219	1323222.470
-756382.500	-359425.625	1318339.657
386793.281	318846.781	1313456.845
-175348.109	67350.117	1308574.032
-639347.125	-160336.125	1303691.220
132601.234	154305.000	1298808.407
131634.813	-372813.844	1293925.595
-642329.375	-48365.148	1289042.782
-304110.813	291927.438	1284159.970
177677.406	-604342.125	1279277.157
-494676.156	140770.641	1274394.345
261820.625	552681.625	1269511.532
-257364.703	325993.500	1264628.720
577861.375	357066.500	1259745.907
-222741.000	-95543.750	1254863.095
-180133.500	-282549.250	1249980.282
-353321.875	-229888.250	1245097.470
-158607.250	-1104131.375	1240214.657
-312310.750	745153.813	1235331.845
-719488.688	482000.813	1230449.032
262487.438	981542.563	1225566.220
-65925.203	-77222.813	1220683.407
-539066.500	582017.563	1215800.595
-263232.031	182249.125	1210917.782
54800.453	4105.417	1206034.970
-323655.438	177229.063	1201152.157
-256649.125	191076.422	1196269.345
606523.750	329778.063	1191386.532
-231542.344	510904.438	1186503.720
-109514.938	-110397.570	1181620.907
-49389.313	311288.594	1176738.095
256264.469	-20640.906	1171855.282
-429288.625	140797.500	1166972.470
267932.813	-185560.531	1162089.657
160610.891	787179.000	1157206.845
-148585.828	-178096.813	1152324.032
299241.781	-215279.563	1147441.220
75245.688	121955.297	1142558.407
-306498.813	115288.094	1137675.595
119932.023	56738.094	1132792.782
914857.375	105527.719	1127909.970
-457203.875	-258790.172	1123027.157
-360825.938	120260.906	1118144.345
-47020.953	123470.594	1113261.532
-34292.938	-25783.688	1108378.720
-960823.250	255023.188	1103495.907
-263023.906	618348.875	1098613.095
-528876.000	-205502.125	1093730.282
-338579.750	125607.781	1088847.470
-347981.594	440767.656	1083964.657
-365160.438	479337.000	1079081.845
-127439.031	127145.266	1074199.032
-285689.844	577896.125	1069316.220
-454990.250	373266.688	1064433.407
156074.031	390774.125	1059550.595
-486788.250	263156.438	1054667.782
357937.500	432765.500	1049784.970
459983.844	69950.781	1044902.157
365358.500	21472.328	1040019.345
-942670.438	-30098.078	1035136.532
-881278.125	357957.750	1030253.720
-149514.719	843331.688	1025370.907
-470673.344	718765.625	1020488.095
-417538.188	-165486.063	1015605.282
-647172.063	66391.609	1010722.470
-618307.125	505567.750	1005839.657
46363.930	717884.688	1000956.845
-947074.875	807758.625	996074.032
-162716.938	252261.625	991191.220
-111760.547	-5881.758	986308.407
-873475.875	-142156.875	981425.595
-609881.438	-36352.531	976542.782
-673190.500	-43882.750	971659.970
96060.000	573456.375	966777.157
-121346.281	157544.094	961894.345
-700034.563	144369.688	957011.532
-172680.875	545301.438	952128.720
-304193.750	139691.828	947245.907
-252325.328	79885.703	942363.095
333319.063	-159238.609	937480.282
-439307.500	-90989.875	932597.470
-565652.500	-299665.531	927714.657
-311380.938	-219448.781	922831.845
99705.898	445903.063	917949.032
37586.781	1565.531	913066.220
-361774.688	-672344.438	908183.407
567916.438	-336079.406	903300.595
-593732.813	418101.313	898417.782
-692412.000	396866.375	893534.970
468469.844	100826.516	888652.157
2728.559	152197.344	883769.345
-627195.313	1078825.625	878886.532
29172.461	-115522.203	874003.720
-449578.813	113889.852	869120.907
208059.391	65273.227	864238.095
17066.330	733314.250	859355.282
-381378.875	-506948.313	854472.470
-444340.313	809257.313	849589.657
-526579.813	288110.063	844706.845
-1018842.750	339153.813	839824.032
-297753.250	372703.125	834941.220
-675106.625	-98851.195	830058.407
40713.734	-521963.250	825175.595
-919502.125	-59984.758	820292.782
743499.625	-371965.125	815409.970
-378729.219	1042174.875	810527.157
-598953.375	780292.500	805644.345
-100375.781	-185808.000	800761.532
-392505.000	-552961.000	795878.720
405000.563	836580.000	790995.907
-981465.375	624752.063	786113.095
-824840.875	50652.344	781230.282
-989819.688	-111264.688	776347.470
-354172.844	-191722.609	771464.657
376134.750	443735.750	766581.845
342241.000	-337449.969	761699.032
-620922.188	39447.438	756816.220
-1183404.750	1152401.375	751933.407
162014.328	507843.219	747050.595
595105.313	-288177.281	742167.782
258157.297	261183.875	737284.970
592344.250	280841.188	732402.157
-531236.875	269553.938	727519.345
-216719.047	441122.125	722636.532
349337.844	152119.516	717753.720
357755.938	392301.594	712870.907
628926.938	-280448.531	707988.095
-1160835.875	66216.211	703105.282
-861445.500	-264426.125	698222.470
-1282868.250	217627.594	693339.657
147675.438	192817.781	688456.845
-360466.031	417941.781	683574.032
78093.789	318413.156	678691.220
15882.063	-65926.938	673808.407
-91966.195	130823.219	668925.595
113872.156	37747.906	664042.782
-1444670.750	-63528.090	659159.970
-216149.344	-132914.672	654277.157
-485175.063	-709715.875	649394.345
751972.875	711803.875	644511.532
267645.563	144295.734	639628.720
-257556.047	77275.953	634745.907
600066.438	-27576.625	629863.095
-522565.688	194177.531	624980.282
-435251.875	245018.750	620097.470
199409.766	1444347.750	615214.657
-665417.688	1264576.125	610331.845
143177.563	310300.719	605449.032
-489802.281	545283.875	600566.220
107606.508	-462148.625	595683.407
-750493.063	-58536.813	590800.595
290711.844	854524.125	585917.782
719496.000	506769.438	581034.970
-680213.625	88454.313	576152.157
-788774.125	2088799.000	571269.345
-660916.125	759235.250	566386.532
-500071.281	524740.125	561503.720
-448802.063	-213205.313	556620.907
-1097795.875	615464.250	551738.095
-226618.938	-131743.016	546855.282
-230648.563	64330.750	541972.470
-565566.563	1034541.125	537089.657
660332.313	2024594.250	532206.845
131835.609	891426.563	527324.032
3327.082	204743.156	522441.220
422255.500	-9957.531	517558.407
291452.500	681890.875	512675.595
-159699.359	823605.313	507792.782
-143437.391	284628.875	502909.970
-219696.063	193127.875	498027.157
650620.625	706537.375	493144.345
-619121.813	-373841.188	488261.532
20008.609	-80685.273	483378.720
-869343.938	506500.750	478495.907
72793.203	271528.750	473613.095
-558177.250	-353916.188	468730.282
66863.953	201077.797	463847.470
-1344417.000	1100140.750	458964.657
82535.266	820228.000	454081.845
-643348.563	1141595.000	449199.032
244187.359	910327.500	444316.220
-905958.875	602106.625	439433.407
540089.813	-246905.766	434550.595
-592192.625	1053921.000	429667.782
68906.227	591334.375	424784.970
-766855.125	1523747.750	419902.157
-875085.500	1319203.750	415019.345
490094.250	1386560.250	410136.532
-1805638.750	767004.625	405253.720
-610366.375	672163.625	400370.907
-1177228.750	1349595.625	395488.095
-326800.469	1780101.125	390605.282
-373374.656	596091.250	385722.470
-101142.930	96258.984	380839.657
448503.563	760510.688	375956.845
103448.891	948474.063	371074.032
-616762.938	2076294.250	366191.220
-321365.188	97235.422	361308.407
-760257.000	866986.500	356425.595
152445.922	784176.500	351542.782
563683.250	-509267.563	346659.970
-61715.168	950045.125	341777.157
-1202022.750	1423760.375	336894.345
-329345.875	1056275.375	332011.532
-585610.438	477308.625	327128.720
-973696.750	177246.703	322245.907
-1305693.750	-347795.375	317363.095
-672858.875	774614.125	312480.282
119028.977	131423.141	307597.470
-637790.125	-760122.000	302714.657
-724474.938	1380724.000	297831.845
-788962.250	820790.813	292949.032
-247838.938	1288730.500	288066.220
-826860.125	2284688.500	283183.407
777201.875	998437.375	278300.595
697704.500	1385193.000	273417.782
-350530.094	1441481.750	268534.970
788445.750	1340385.750	263652.157
-615693.188	1056164.125	258769.345
864010.688	836374.875	253886.532
-174982.969	1596900.625	249003.720
632498.125	2264766.000	244120.907
1111518.250	2277387.250	239238.095
-825853.500	970466.313	234355.282
-961464.500	1526568.750	229472.470
-191097.281	2129648.000	224589.657
-51369.781	1871138.875	219706.845
-704696.125	571270.125	214824.032
1326180.750	1606120.500	209941.220
-400511.375	281882.438	205058.407
-537493.875	3480519.500	200175.595
-1240006.500	1577959.750	195292.782
-317547.406	1795315.750	190409.970
441543.063	1085323.250	185527.157
35054.859	2379896.000	180644.345
374357.750	2245219.000	175761.532
359128.063	2276668.000	170878.720
-635410.625	1113171.750	165995.907
-329499.313	562763.625	161113.095
-88664.664	1903562.250	156230.282
396355.125	2142839.500	151347.470
712933.000	2485046.500	146464.657
-1206983.750	2078545.000	141581.845
1371503.000	2477479.500	136699.032
1412257.000	3105401.750	131816.220
1358318.750	3818002.000	126933.407
2356484.750	4283229.000	122050.595
959697.875	3087822.250	117167.782
1988762.625	3094123.250	112284.970
1363774.500	3048293.500	107402.157
642464.125	2505908.500	102519.345
1433790.250	2532826.000	97636.532
571891.625	2448672.000	92753.720
2231553.500	2517937.500	87870.907
2386061.750	1587845.000	82988.095
2751440.500	3256273.500	78105.282
3196160.750	2615272.750	73222.470
2656481.000	2665643.000	68339.657
2471182.500	2944551.500	63456.845
3693937.250	3276717.500	58574.032
2297285.250	2193362.000	53691.220
3732258.250	2400249.250	48808.407
5161172.000	1950963.250	43925.595
3094401.750	2033234.250	39042.782
3746386.000	998958.938	34159.970
3526210.500	1041543.625	29277.157
2666526.500	2254001.750	24394.345
2790842.500	918538.750	19511.532
3861139.500	-449587.313	14628.720
3528814.250	292205.625	9745.907
5233377.500	430073.938	4863.095
4360407.000	5578481.000	-19.718
4818015.500	414662.063	-4902.530
4651583.500	633833.875	-9785.343
4455198.500	-1075082.000	-14668.155
4796549.000	-409648.344	-19550.968
4347488.000	-250783.313	-24433.780
2300917.000	-1799328.750	-29316.593
5035265.000	-1218201.250	-34199.405
6045544.000	-1438243.500	-39082.218
2530565.250	-1991793.250	-43965.030
2825300.750	-1767388.625	-48847.843
2433436.500	-3065637.750	-53730.655
2514167.250	-2060411.875	-58613.468
3214525.250	-986570.000	-63496.280
2170688.000	-2327801.500	-68379.093
1679117.750	-1404069.125	-73261.905
1050923.250	-2627783.500	-78144.718
2855357.750	-3096757.000	-83027.530
1497572.500	-3233298.500	-87910.343
1805080.250	-3250500.750	-92793.155
1375816.375	-1657700.500	-97675.968
1759671.875	-2045254.625	-102558.780
1849800.875	-2593697.500	-107441.593
552347.000	-4495733.000	-112324.405
1574668.250	-1650656.750	-117207.218
1506248.000	-2722577.250	-122090.030
1174371.750	-3803744.000	-126972.843
1317449.250	-3528386.000	-131855.655
-259730.656	-2161957.000	-136738.468
818861.750	-1406156.000	-141621.280
371204.938	-2662245.500	-146504.093
434383.313	-2644572.250	-151386.905
-42237.000	-527719.500	-156269.718
105808.445	-566930.125	-161152.530
722430.750	-2193618.250	-166035.343
296072.688	-1817573.875	-170918.155
-232318.094	-1200224.250	-175800.968
-984197.375	-1638613.250	-180683.780
158168.156	-1912401.250	-185566.593
497284.156	-2541002.000	-190449.405
-634457.625	-855222.750	-195332.218
138496.594	-2796941.750	-200215.030
-424310.875	-778919.375	-205097.843
713375.188	-1904270.000	-209980.655
-741530.125	-1849104.000	-214863.468
-567951.000	-1190581.250	-219746.280
-858069.625	-761788.188	-224629.093
51425.211	-737666.125	-229511.905
-339437.125	-578137.438	-234394.718
-163515.828	-469374.500	-239277.530
-238753.750	-1630419.875	-244160.343
-598033.125	-860317.375	-249043.155
273286.125	-987792.875	-253925.968
-404683.125	-522832.063	-258808.780
-1594768.750	-207681.891	-263691.593
-169059.250	-466688.000	-268574.405
-947161.625	-1219357.375	-273457.218
288782.656	-20149.391	-278340.030
-69149.867	-1153367.875	-283222.843
-1283202.500	32612.719	-288105.655
-1324741.500	-875288.500	-292988.468
-658645.625	-536410.438	-297871.280
-766279.875	-215061.094	-302754.093
-242817.406	677755.875	-307636.905
1059273.750	-569008.313	-312519.718
496290.281	-1029262.375	-317402.530
510327.625	-403632.938	-322285.343
1108251.000	-30903.754	-327168.155
-158429.813	-1120628.500	-332050.968
-73977.094	-678200.188	-336933.780
351130.188	-301049.375	-341816.593
132021.656	-1775385.250	-346699.405
-736201.500	-1112361.125	-351582.218
-230003.641	-1047200.063	-356465.030
-664092.750	-573741.750	-361347.843
-19672.648	-1203082.250	-366230.655
15015.781	-744773.750	-371113.468
-1409403.000	-363073.219	-375996.280
-874722.500	-688976.875	-380879.093
93373.141	-1406612.250	-385761.905
-741044.813	-1101415.375	-390644.718
354572.000	133877.656	-395527.530
515022.750	-956270.375	-400410.343
-1230283.750	-1026023.875	-405293.155
-1484999.375	-885500.063	-410175.968
-300077.156	-1430424.750	-415058.780
-697870.125	-153513.203	-419941.593
-1047065.938	20375.594	-424824.405
-732314.500	-145050.406	-429707.218
-90803.406	-645533.125	-434590.030
-404347.500	-695897.313	-439472.843
117947.906	-1189036.500	-444355.655
218061.094	514383.875	-449238.468
-437193.500	397296.938	-454121.280
1265420.000	-53282.734	-459004.093
-1083143.375	116028.328	-463886.905
-530449.500	-319328.844	-468769.718
-728588.875	-1235236.000	-473652.530
266529.125	-713680.688	-478535.343
129029.875	133775.156	-483418.155
13677.086	178447.453	-488300.968
-757429.000	-700857.688	-493183.780
-899278.375	-1274035.000	-498066.593
-501996.563	-641372.625	-502949.405
362804.688	607097.250	-507832.218
196247.188	-250036.000	-512715.030
488029.250	-772115.625	-517597.843
-62100.328	-318105.938	-522480.655
1015313.063	115937.000	-527363.468
-882842.250	-542189.000	-532246.280
139948.797	-948171.438	-537129.093
-169862.266	-396542.000	-542011.905
598431.750	-403160.750	-546894.718
-369397.250	-547819.813	-551777.530
-268832.094	359539.125	-556660.343
-568220.125	-717912.125	-561543.155
-256518.109	-869552.625	-566425.968
414898.656	-501689.094	-571308.780
-397802.813	-143313.125	-576191.593
-433477.750	-159040.469	-581074.405
-588205.125	-895091.750	-585957.218
-162512.578	-1375099.000	-590840.030
-43684.723	-583409.500	-595722.843
180947.969	-1323922.000	-600605.655
-880996.750	555673.250	-605488.468
661243.688	-1091631.125	-610371.280
313148.000	44511.891	-615254.093
59134.105	-648443.000	-620136.905
932110.938	2310449.500	-625019.718
-86238.391	14954.430	-629902.530
99089.453	-76607.164	-634785.343
680285.688	-246577.688	-639668.155
-329785.938	100867.094	-644550.968
-10758.000	-583326.750	-649433.780
-206241.313	-603916.750	-654316.593
223803.063	665183.313	-659199.405
640572.188	405982.281	-664082.218
-312133.875	-1026253.625	-668965.030
23311.945	108388.273	-673847.843
452456.719	356354.406	-678730.655
129666.180	-1161540.750	-683613.468
103340.461	-2068094.875	-688496.280
234653.453	-18401.195	-693379.093
15904.281	-524037.438	-698261.905
-844556.000	-414679.438	-703144.718
-493554.688	-1168764.500	-708027.530
-201556.500	324425.469	-712910.343
-247410.594	-437434.094	-717793.155
-956381.625	-844705.500	-722675.968
457838.531	-291003.375	-727558.780
-40901.953	-1027018.375	-732441.593
74713.555	-583670.813	-737324.405
-1223955.250	88529.047	-742207.218
-590615.875	-108155.359	-747090.030
-516359.844	215376.563	-751972.843
-485241.063	-268633.250	-756855.655
-264858.375	113014.445	-761738.468
-423148.625	-1309439.750	-766621.280
429142.250	239945.453	-771504.093
-391963.938	48238.938	-776386.905
737517.750	507876.375	-781269.718
345669.719	-836525.813	-786152.530
271132.094	-586377.000	-791035.343
-236138.469	602518.438	-795918.155
-140058.031	-445833.563	-800800.968
208669.766	-566422.000	-805683.780
-87745.789	-385158.469	-810566.593
-782508.813	309485.250	-815449.405
670940.000	-749115.500	-820332.218
664104.000	-923639.188	-825215.030
-416485.813	-663168.500	-830097.843
-135213.906	373193.250	-834980.655
18646.117	607296.625	-839863.468
1344728.250	436149.125	-844746.280
128213.430	-46016.570	-849629.093
-643436.313	-397316.031	-854511.905
-1157182.750	-893934.000	-859394.718
-957278.813	163649.875	-864277.530
1442031.000	-384273.344	-869160.343
-965448.750	-228333.531	-874043.155
-289011.031	-718616.625	-878925.968
-79880.578	309850.031	-883808.780
252272.484	221538.813	-888691.593
856824.500	-327214.188	-893574.405
50888.680	-356368.688	-898457.218
602624.938	67448.141	-903340.030
121984.461	44389.422	-908222.843
-77072.906	1141193.750	-913105.655
74419.375	-45184.727	-917988.468
-20724.574	-529657.500	-922871.280
-869804.000	123968.102	-927754.093
178304.266	780039.250	-932636.905
-1064351.000	563181.875	-937519.718
185254.438	-84808.297	-942402.530
155509.172	31684.789	-947285.343
50495.266	-211092.703	-952168.155
-107971.219	-301531.875	-957050.968
506064.344	41863.391	-961933.780
363460.188	-704169.063	-966816.593
-1159710.500	-669560.625	-971699.405
399559.750	-343418.375	-976582.218
-304604.375	-445706.219	-981465.030
-201312.250	-1195340.000	-986347.843
365476.188	429265.250	-991230.655
582399.375	284638.500	-996113.468
-1101281.000	68057.867	-1000996.280
227861.250	-1257932.500	-1005879.093
-12134.672	-263796.438	-1010761.905
-292001.938	-224337.016	-1015644.718
75615.273	200897.328	-1020527.530
-78427.117	-1246162.250	-1025410.343
-133196.328	-339183.750	-1030293.155
-390036.875	-207368.484	-1035175.968
2017.516	550981.250	-1040058.780
303546.750	-174907.016	-1044941.593
513740.563	707786.313	-1049824.405
-64250.195	193195.781	-1054707.218
-199391.453	66333.578	-1059590.030
-387679.438	-1206647.750	-1064472.843
244006.391	67618.945	-1069355.655
245763.344	-118228.000	-1074238.468
467497.875	230225.453	-1079121.280
-945883.688	-168875.297	-1084004.093
-443926.656	-390458.844	-1088886.905
1011229.500	-312569.500	-1093769.718
-24135.563	3551.688	-1098652.530
-226505.547	-238420.188	-1103535.343
-1963.125	-199317.438	-1108418.155
205790.125	-48388.152	-1113300.968
428254.125	161012.281	-1118183.780
-400009.531	159529.609	-1123066.593
976259.000	355359.469	-1127949.405
-173202.203	-1670347.625	-1132832.218
-282426.313	-484890.656	-1137715.030
145758.609	-380670.219	-1142597.843
1795894.625	-644038.063	-1147480.655
509774.813	218696.688	-1152363.468
-810719.000	-863499.375	-1157246.280
112618.953	153223.344	-1162129.093
204363.750	63345.563	-1167011.905
-157347.641	33950.141	-1171894.718
194421.234	-873521.375	-1176777.530
42304.219	-688970.375	-1181660.343
-124791.406	-706825.250	-1186543.155
176063.359	106826.508	-1191425.968
-78209.000	-850908.750	-1196308.780
467408.500	1056987.625	-1201191.593
69378.195	469576.781	-1206074.405
79340.969	-206578.406	-1210957.218
712710.938	-505007.250	-1215840.030
938597.000	-161910.531	-1220722.843
-604366.063	-291806.000	-1225605.655
431111.250	-515791.875	-1230488.468
-464688.563	82677.000	-1235371.280
-811512.625	-1126083.750	-1240254.093
-436654.000	-1390103.625	-1245136.905
569061.500	-576662.250	-1250019.718
5883.109	904050.000	-1254902.530
-406982.500	-209216.719	-1259785.343
-1209131.500	651759.563	-1264668.155
279971.063	261808.547	-1269550.968
-9213.078	-286015.063	-1274433.780
-560143.375	-594993.813	-1279316.593
433722.781	157356.297	-1284199.405
-444315.969	-473826.750	-1289082.218
444035.813	-13495.729	-1293965.030
-214667.938	-92943.188	-1298847.843
-153229.250	-108311.172	-1303730.655
587368.250	797509.438	-1308613.468
253471.469	729344.813	-1313496.280
-217104.500	-140570.063	-1318379.093
565622.500	416839.531	-1323261.905
-672026.125	-661965.250	-1328144.718
486243.500	-702539.000	-1333027.530
-6880.797	372850.906	-1337910.343
172876.734	-485873.000	-1342793.155
-175008.391	596107.250	-1347675.968
-31645.594	1221767.500	-1352558.780
-195883.375	245780.953	-1357441.593
-482969.813	-885974.125	-1362324.405
-31457.961	-833734.125	-1367207.218
-57595.219	-621351.000	-1372090.030
349009.000	244341.672	-1376972.843
270842.375	367086.594	-1381855.655
83002.750	-188944.719	-1386738.468
-921727.188	-758803.938	-1391621.280
205142.531	-329295.438	-1396504.093
708981.875	-263120.125	-1401386.905
-515579.781	-261002.938	-1406269.718
921853.500	899694.125	-1411152.530
-402385.844	-1046172.875	-1416035.343
40912.359	202464.063	-1420918.155
394979.750	570276.000	-1425800.968
-204795.344	306093.469	-1430683.780
-478876.438	196992.188	-1435566.593
109837.719	13570.109	-1440449.405
119264.000	82674.047	-1445332.218
63581.063	387919.813	-1450215.030
263854.656	905069.875	-1455097.843
203425.813	-298812.500	-1459980.655
-405726.438	247592.203	-1464863.468
-100567.406	626902.500	-1469746.280
-688133.250	-370562.813	-1474629.093
-601149.438	77436.219	-1479511.905
-280283.563	-199953.875	-1484394.718
-537210.563	361338.750	-1489277.530
-347330.500	183258.297	-1494160.343
118430.258	23477.250	-1499043.155
185240.906	-22232.094	-1503925.968
156394.781	-193906.500	-1508808.780
-376647.375	157632.844	-1513691.593
-147553.156	477485.188	-1518574.405
-112791.828	417068.281	-1523457.218
-271581.969	522061.313	-1528340.030
-339575.594	-83445.375	-1533222.843
297938.656	-405604.656	-1538105.655
-413513.438	1044776.438	-1542988.468
-8929.594	36073.047	-1547871.280
530674.938	-400618.500	-1552754.093
-464008.688	370068.188	-1557636.905
-272549.563	-420207.438	-1562519.718
546518.438	301349.438	-1567402.530
-485654.125	291097.969	-1572285.343
-141559.594	-341215.969	-1577168.155
-170384.344	-83929.609	-1582050.968
-513025.656	681839.750	-1586933.780
322221.563	-304602.188	-1591816.593
-991533.688	-874704.875	-1596699.405
-239681.938	186208.063	-1601582.218
-303884.813	-182522.453	-1606465.030
170062.719	46123.266	-1611347.843
-132557.156	-613513.375	-1616230.655
-573290.938	654534.625	-1621113.468
-54089.273	-197319.391	-1625996.280
-910305.438	-119783.477	-1630879.093
133837.891	-65828.789	-1635761.905
13561.670	163044.688	-1640644.718
169927.688	-324527.688	-1645527.530
304875.313	-158063.875	-1650410.343
-724023.563	-780143.438	-1655293.155
-424538.250	918827.188	-1660175.968
-56756.375	350594.500	-1665058.780
140451.656	-41699.617	-1669941.593
-301622.750	254811.047	-1674824.405
288670.625	-190304.656	-1679707.218
118961.250	226987.938	-1684590.030
-108397.250	-307253.281	-1689472.843
-497679.844	409584.000	-1694355.655
133427.953	-91956.688	-1699238.468
-57334.453	-116701.594	-1704121.280
-269189.188	148935.469	-1709004.093
530709.500	154148.938	-1713886.905
591198.125	-221188.656	-1718769.718
273072.688	-193520.094	-1723652.530
-72837.219	-207766.578	-1728535.343
423473.000	-261508.875	-1733418.155
112633.109	-534124.125	-1738300.968
737108.563	671348.000	-1743183.780
-407219.813	-205617.875	-1748066.593
-27655.578	88.844	-1752949.405
-264692.750	-29508.414	-1757832.218
-100660.203	-356251.938	-1762715.030
56082.750	-61982.328	-1767597.843
314730.500	300255.250	-1772480.655
514169.625	329433.875	-1777363.468
173462.781	50435.004	-1782246.280
263769.563	-177778.094	-1787129.093
-141627.563	-257438.234	-1792011.905
-542164.625	61514.973	-1796894.718
-32067.469	215190.344	-1801777.530
-71556.500	25537.820	-1806660.343
-59127.383	506774.156	-1811543.155
123147.680	158516.531	-1816425.968
-44854.422	33657.719	-1821308.780
419362.063	-922008.875	-1826191.593
-65334.832	-216518.188	-1831074.405
227041.500	-285447.438	-1835957.218
229205.688	-28253.973	-1840840.030
220947.750	192546.953	-1845722.843
268929.438	191279.906	-1850605.655
-317759.031	-605419.625	-1855488.468
-231072.422	-170545.109	-1860371.280
11198.328	-227198.047	-1865254.093
97884.859	-746003.375	-1870136.905
-357345.438	-495422.656	-1875019.718
-51796.297	350332.000	-1879902.530
-453203.125	71557.500	-1884785.343
292525.688	-279041.656	-1889668.155
-32048.602	-287050.406	-1894550.968
384812.219	267688.031	-1899433.780
-179161.469	-514254.750	-1904316.593
-30187.688	127273.344	-1909199.405
135854.938	508283.500	-1914082.218
-243173.016	276159.000	-1918965.030
130404.094	273069.281	-1923847.843
22212.375	-82200.438	-1928730.655
-75555.031	-160717.750	-1933613.468
-210798.656	480198.000	-1938496.280
164450.984	-37666.680	-1943379.093
24696.500	400406.250	-1948261.905
-409452.250	595635.250	-1953144.718
-229674.844	-200040.406	-1958027.530
-120691.438	233206.281	-1962910.343
554045.188	-272890.063	-1967793.155
-292500.250	117243.688	-1972675.968
91392.406	170919.656	-1977558.780
-14002.484	478898.156	-1982441.593
-162270.031	-177372.000	-1987324.405
-152822.297	-219154.875	-1992207.218
-144616.422	90643.086	-1997090.030
318854.250	234843.313	-2001972.843
-582190.000	49025.031	-2006855.655
88451.750	-97212.484	-2011738.468
-365020.375	-181765.750	-2016621.280
46718.188	-6142.766	-2021504.093
-402283.875	-358604.875	-2026386.905
-242840.094	-18151.688	-2031269.718
-356853.188	196351.484	-2036152.530
210802.438	-204317.688	-2041035.343
234938.172	-334265.469	-2045918.155
46970.188	-254859.500	-2050800.968
-69807.891	121038.969	-2055683.780
124532.313	305361.063	-2060566.593
176561.250	-361797.750	-2065449.405
245831.234	-391437.188	-2070332.218
-235176.563	-224077.125	-2075215.030
-314304.625	341487.000	-2080097.843
-2853.625	79784.563	-2084980.655
87979.359	-211483.375	-2089863.468
21937.938	323447.125	-2094746.280
57988.656	-456734.719	-2099629.093
-77837.313	-161419.375	-2104511.905
-284660.781	141287.750	-2109394.718
231001.594	-126271.219	-2114277.530
-310103.688	279600.563	-2119160.343
-450371.563	-115955.813	-2124043.155
-171437.359	180456.188	-2128925.968
12444.063	-211837.750	-2133808.780
-414843.438	-208463.984	-2138691.593
367356.719	-30331.656	-2143574.405
84096.672	-367313.031	-2148457.218
-30879.406	-92144.797	-2153340.030
-125429.094	248398.906	-2158222.843
217206.938	222558.500	-2163105.655
-218344.797	-154310.875	-2167988.468
347224.938	-203313.859	-2172871.280
89014.344	74316.609	-2177754.093
140926.938	300748.688	-2182636.905
117727.594	-120107.156	-2187519.718
-190397.281	121998.758	-2192402.530
-149958.469	244209.031	-2197285.343
-758065.063	-231104.438	-2202168.155
-270657.250	33327.063	-2207050.968
86963.164	-344293.844	-2211933.780
-25030.969	335344.313	-2216816.593
250981.813	234555.000	-2221699.405
-55969.094	49286.813	-2226582.218
100189.648	33196.000	-2231465.030
12426.906	-174815.813	-2236347.843
143492.625	313674.625	-2241230.655
-171786.000	36499.406	-2246113.468
-309576.750	27000.250	-2250996.280
-138946.000	310368.063	-2255879.093
80998.125	-286544.313	-2260761.905
-5933.094	232149.438	-2265644.718
-199741.094	125246.688	-2270527.530
-114817.914	46722.000	-2275410.343
-21248.127	435050.625	-2280293.155
28318.938	-224002.219	-2285175.968
-61797.313	-115755.813	-2290058.780
-266689.313	-48868.859	-2294941.593
-201197.438	-60802.625	-2299824.405
-50597.813	-1208.375	-2304707.218
259458.719	-72078.188	-2309590.030
-68361.203	-102890.688	-2314472.843
-119480.359	-2475.375	-2319355.655
-142909.563	-36774.375	-2324238.468
-66819.453	-257107.375	-2329121.280
-69220.844	289153.000	-2334004.093
340356.438	234264.531	-2338886.905
-203877.656	-60495.063	-2343769.718
109097.766	-242210.375	-2348652.530
-107775.531	-191926.625	-2353535.343
42126.938	-308732.000	-2358418.155
-79334.063	174345.125	-2363300.968
-78129.500	87441.250	-2368183.780
47789.375	-96512.500	-2373066.593
-353924.500	213778.125	-2377949.405
-68845.406	-112131.000	-2382832.218
-195823.125	-381629.250	-2387715.030
159510.563	218649.875	-2392597.843
-13311.094	134459.750	-2397480.655
244958.563	-130358.000	-2402363.468
-95183.719	-122177.625	-2407246.280
-62931.000	-27619.375	-2412129.093
-170730.750	279275.250	-2417011.905
-111756.625	-152849.625	-2421894.718
-69295.250	338410.250	-2426777.530
-313302.875	156190.250	-2431660.343
-282745.625	89043.250	-2436543.155
-167078.000	-82025.000	-2441425.968
75389.250	193550.125	-2446308.780
265624.000	-70373.250	-2451191.593
-594.250	-367979.750	-2456074.405
-61377.250	44218.500	-2460957.218
-432855.000	-5891.375	-2465840.030
211723.375	-25926.281	-2470722.843
77649.750	192011.688	-2475605.655
66167.500	-64172.875	-2480488.468
-46980.125	-7113.563	-2485371.280
-70336.000	147012.844	-2490254.093
-8456.500	-10399.453	-2495136.905
