Data Point Listing of File C:\NTNMR\data\Dan\LiFe.25Mn.75PO4_redux\[100]\Li7 [100] 15deg.tnt
Starting Point:	1	Ending Point:	512
Real	Imag	ppm
18657.697	-13982.439	8573.054
25983.611	-10534.389	8539.564
33486.711	15559.840	8506.075
16080.160	-27974.072	8472.586
-8564.786	-14346.092	8439.097
618.265	6520.806	8405.608
-6546.306	22437.514	8372.119
-8763.810	-36564.824	8338.629
-23083.396	-11659.837	8305.140
17075.176	-1093.806	8271.651
15634.545	-297.316	8238.162
-6028.933	12859.488	8204.673
-20081.836	-39447.941	8171.184
-26200.643	37573.863	8137.695
-15507.329	28364.406	8104.205
15728.499	-4683.234	8070.716
-31941.443	16836.123	8037.227
12771.210	12497.482	8003.738
34393.504	25769.500	7970.249
1342.719	49204.633	7936.760
6178.634	10129.515	7903.271
-34688.934	-28214.035	7869.781
7929.704	48636.871	7836.292
18511.324	-3054.221	7802.803
5601.901	-2603.998	7769.314
16866.992	-1871.038	7735.825
54405.402	-30374.887	7702.336
-27341.875	-11284.430	7668.846
8822.607	41969.879	7635.357
-16349.717	-3999.760	7601.868
14349.737	8105.057	7568.379
-37391.039	46254.594	7534.890
-11297.976	-4625.461	7501.401
-21539.021	10032.243	7467.912
-46620.887	7252.352	7434.422
-43604.453	28515.799	7400.933
-12351.019	21856.494	7367.444
-20543.332	44645.535	7333.955
-9685.085	-8586.718	7300.466
-1667.724	-780.403	7266.977
27022.379	3434.108	7233.488
-13183.916	-7302.048	7199.998
-6802.903	6530.347	7166.509
9660.038	5538.983	7133.020
-1831.656	43155.512	7099.531
-21975.684	46251.055	7066.042
11132.403	53296.512	7032.553
17992.961	16893.334	6999.063
4530.171	-22607.270	6965.574
-33689.184	15946.788	6932.085
-24885.822	30712.393	6898.596
-30980.629	21302.359	6865.107
-24830.121	10223.753	6831.618
-43955.996	33122.887	6798.129
-40086.910	36848.484	6764.639
-21190.176	-15893.269	6731.150
-18617.402	39800.066	6697.661
8517.826	-24525.270	6664.172
-1915.747	4265.804	6630.683
-27117.914	14565.731	6597.194
-24224.746	51290.504	6563.704
7999.634	32532.324	6530.215
-15550.286	45646.664	6496.726
-29035.488	43075.086	6463.237
-12602.909	87335.203	6429.748
-31207.199	13106.269	6396.259
-22532.420	845.114	6362.770
-10708.872	40036.430	6329.280
-66868.359	29357.969	6295.791
-6805.635	48088.625	6262.302
-7425.076	9463.533	6228.813
-4310.593	16644.768	6195.324
-15333.247	27751.174	6161.835
11321.826	57325.277	6128.346
-62525.922	27246.807	6094.856
-5312.249	31473.990	6061.367
-16217.737	36499.133	6027.878
-20639.887	16211.284	5994.389
13527.125	-17389.822	5960.900
-39088.547	25528.527	5927.411
11161.506	26191.100	5893.921
-23526.705	42525.359	5860.432
25625.809	91202.086	5826.943
23009.934	18405.828	5793.454
-3918.990	17102.783	5759.965
129.582	11620.260	5726.476
-20998.137	12286.881	5692.987
24777.990	43363.328	5659.497
-10908.223	49386.668	5626.008
41987.797	57933.469	5592.519
325.235	34515.941	5559.030
33506.543	40036.246	5525.541
818.580	36798.582	5492.052
11522.314	25680.240	5458.563
-5262.718	14393.694	5425.073
-18741.641	-8745.745	5391.584
-8419.948	52300.738	5358.095
-2287.192	22340.580	5324.606
-7944.115	82173.820	5291.117
-48555.121	28835.230	5257.628
-7167.705	21363.869	5224.138
24699.791	77994.094	5190.649
-8242.664	73974.070	5157.160
-22940.953	32586.023	5123.671
-9773.257	48337.984	5090.182
-28649.975	55396.328	5056.693
32361.217	6665.238	5023.204
-1496.743	60258.551	4989.714
28879.699	22613.732	4956.225
-11870.771	35731.164	4922.736
-66428.695	23178.219	4889.247
-28230.348	97671.852	4855.758
26914.008	65025.074	4822.269
-13838.698	60599.883	4788.780
-39120.195	41136.070	4755.290
12965.290	61218.172	4721.801
-45787.758	41345.664	4688.312
-32167.529	73905.313	4654.823
-60073.277	118120.352	4621.334
-31013.945	54779.738	4587.845
7149.557	47562.902	4554.355
70534.930	61990.648	4520.866
-87128.977	102225.180	4487.377
-15797.477	68188.992	4453.888
18869.746	113109.664	4420.399
-10180.881	68483.547	4386.910
-32504.516	78827.883	4353.421
-37370.980	103568.172	4319.931
-11764.091	126509.211	4286.442
-43168.234	87714.758	4252.953
-45520.742	105962.781	4219.464
-52375.957	42160.320	4185.975
49990.250	-15465.726	4152.486
-20833.023	92472.766	4118.996
42273.551	92251.563	4085.507
-34332.813	27250.426	4052.018
27414.896	44647.262	4018.529
-35209.543	57130.148	3985.040
7123.551	136054.531	3951.551
-55962.043	108171.594	3918.062
-47100.891	19130.547	3884.572
17381.029	102644.859	3851.083
6776.642	76934.953	3817.594
-2365.967	55933.516	3784.105
-791.849	106990.070	3750.616
9378.391	9994.350	3717.127
-22660.828	115884.703	3683.638
33238.785	118692.547	3650.148
-12928.517	93354.133	3616.659
18258.771	54879.727	3583.170
60935.410	86790.000	3549.681
-12288.835	96077.820	3516.192
1232.579	100840.586	3482.703
-29064.154	83619.758	3449.213
-16612.441	65028.141	3415.724
-18316.176	81294.234	3382.235
38996.473	104724.094	3348.746
-83278.102	116778.930	3315.257
18065.197	105639.500	3281.768
-3256.765	158371.656	3248.279
-20208.301	68399.555	3214.789
-68830.664	110774.648	3181.300
-3546.668	91203.625	3147.811
-1244.935	104596.492	3114.322
-51644.586	108838.977	3080.833
39378.918	131171.109	3047.344
-26993.305	63016.809	3013.855
46013.203	76867.531	2980.365
-12761.571	145541.438	2946.876
17558.500	162987.078	2913.387
48481.184	137924.969	2879.898
28768.445	91396.984	2846.409
-28627.354	156986.234	2812.920
-30015.660	142689.797	2779.430
29095.338	153262.031	2745.941
-7783.477	124212.383	2712.452
-10736.857	113454.594	2678.963
-13.439	134099.172	2645.474
-1907.086	119476.758	2611.985
83027.781	122079.000	2578.496
-11252.004	112187.969	2545.006
-25402.285	98672.531	2511.517
-11988.632	187521.563	2478.028
8575.647	181142.547	2444.539
19928.494	122577.156	2411.050
-13306.744	167028.078	2377.561
38871.773	138763.469	2344.072
63526.785	150022.594	2310.582
-5609.978	173767.703	2277.093
12396.669	140615.969	2243.604
-1781.924	194533.156	2210.115
44669.496	135920.313	2176.626
31213.602	180490.797	2143.137
-4800.519	175321.797	2109.647
-21850.252	200829.156	2076.158
-8855.584	169555.813	2042.669
-27479.717	161961.297	2009.180
28758.510	179486.016	1975.691
14256.023	226745.078	1942.202
-4227.980	182218.172	1908.713
15242.076	168768.109	1875.223
37516.594	213462.578	1841.734
-10634.226	252482.156	1808.245
-19009.754	168136.328	1774.756
24017.654	223436.859	1741.267
54993.379	308836.438	1707.778
10419.127	254196.375	1674.288
-18035.723	252386.109	1640.799
-17931.760	251152.859	1607.310
28208.789	240228.516	1573.821
-6259.487	241613.063	1540.332
22927.844	313124.156	1506.843
-43421.043	275223.656	1473.354
-34325.938	338032.000	1439.864
36433.266	298654.688	1406.375
-11144.121	330965.750	1372.886
44642.934	369146.406	1339.397
43978.898	357166.750	1305.908
7177.119	395258.531	1272.419
55242.707	428348.000	1238.930
54151.883	467333.656	1205.440
61763.289	471022.469	1171.951
86862.656	533801.063	1138.462
82449.453	525876.438	1104.973
46632.344	508859.406	1071.484
137310.609	590672.688	1037.995
138011.578	619426.938	1004.505
193807.469	679648.563	971.016
282300.813	774924.563	937.527
303488.375	812639.688	904.038
444658.313	867103.625	870.549
544146.313	847558.125	837.060
679543.000	775984.438	803.571
757099.188	853668.438	770.081
928406.438	799479.125	736.592
1002835.063	734203.375	703.103
1085039.375	551845.375	669.614
1102279.375	467123.406	636.125
1179763.625	373898.781	602.636
1131917.125	187516.047	569.147
1116228.625	104260.195	535.657
1173133.500	-2070.370	502.168
1119362.250	-64609.184	468.679
1038242.125	-135927.125	435.190
1031720.500	-160572.750	401.701
967760.313	-269753.844	368.212
991760.375	-287807.688	334.722
948986.438	-400282.813	301.233
942676.500	-430381.156	267.744
902690.125	-456029.688	234.255
859050.250	-604658.563	200.766
711732.813	-593391.875	167.277
646619.000	-655426.250	133.788
644151.125	-665240.063	100.298
539920.313	-702693.375	66.809
498079.813	-620941.125	33.320
425957.594	-607861.625	-0.169
396808.063	-642089.813	-33.658
349999.563	-607397.938	-67.147
360985.313	-573944.000	-100.636
266216.063	-596906.500	-134.126
293524.563	-561220.688	-167.615
155943.563	-541638.500	-201.104
164418.234	-589291.000	-234.593
180057.688	-527631.375	-268.082
107480.250	-536716.938	-301.571
106150.406	-545581.750	-335.061
47061.059	-472232.094	-368.550
84274.656	-426735.656	-402.039
67001.398	-430689.438	-435.528
19920.889	-387833.656	-469.017
21439.980	-447865.875	-502.506
17444.971	-374158.344	-535.995
54278.527	-333603.031	-569.485
16812.049	-329344.563	-602.974
-10073.538	-340102.188	-636.463
27669.166	-319436.906	-669.952
-35283.703	-272134.813	-703.441
3781.263	-300188.438	-736.930
72380.203	-172211.375	-770.420
-40672.863	-298242.875	-803.909
13507.497	-317289.469	-837.398
-34305.547	-288816.250	-870.887
42816.547	-259706.469	-904.376
-13384.882	-224746.344	-937.865
-9093.070	-243064.500	-971.354
720.910	-237736.484	-1004.844
13687.632	-213939.500	-1038.333
42832.137	-202484.219	-1071.822
-28462.281	-218529.406	-1105.311
-16552.627	-209321.813	-1138.800
31769.619	-196430.703	-1172.289
-11440.034	-197733.766	-1205.778
-44246.922	-185885.547	-1239.268
42139.035	-195767.938	-1272.757
-43451.188	-187319.984	-1306.246
82.301	-225621.969	-1339.735
-11733.662	-224874.344	-1373.224
-2606.492	-126011.047	-1406.713
-17930.682	-169249.781	-1440.203
16454.357	-180728.484	-1473.692
-11923.048	-211799.156	-1507.181
-2163.977	-101536.641	-1540.670
-2935.301	-165419.953	-1574.159
-66341.477	-193000.875	-1607.648
-64605.441	-135591.703	-1641.137
63404.953	-153816.391	-1674.627
20331.391	-100285.813	-1708.116
32411.477	-168388.078	-1741.605
-34183.699	-180387.266	-1775.094
-33524.191	-160192.938	-1808.583
-44882.598	-150775.031	-1842.072
-36919.004	-133042.938	-1875.561
-35818.195	-149536.313	-1909.051
12614.851	-98373.047	-1942.540
-469.542	-124190.953	-1976.029
-21483.365	-88611.133	-2009.518
-54484.234	-137427.438	-2043.007
22696.945	-139617.563	-2076.496
9134.846	-80971.359	-2109.986
16776.021	-127689.492	-2143.475
-26310.016	-128944.047	-2176.964
-51276.645	-117950.250	-2210.453
-67342.680	-76696.414	-2243.942
-83244.578	-154333.438	-2277.431
-58002.773	-131019.063	-2310.920
-27490.547	-81536.203	-2344.410
-21181.297	-63646.520	-2377.899
-54824.602	-122974.969	-2411.388
-25259.207	-132275.672	-2444.877
-52519.621	-52114.492	-2478.366
19774.070	-95335.602	-2511.855
-32595.871	-77784.133	-2545.344
-43733.301	-92733.078	-2578.834
-16231.803	-95957.781	-2612.323
33182.156	-104188.164	-2645.812
-17378.281	-111171.336	-2679.301
-13648.489	-29039.883	-2712.790
12455.389	-66419.328	-2746.279
-10441.161	-111605.641	-2779.769
17011.809	-49123.777	-2813.258
-2252.598	-15976.954	-2846.747
1491.778	-75064.938	-2880.236
27041.766	-92337.742	-2913.725
1737.103	-128892.547	-2947.214
3575.878	-85218.422	-2980.703
-16828.756	-71324.914	-3014.193
2067.764	-64627.563	-3047.682
-5308.502	-82716.617	-3081.171
12324.135	-116505.023	-3114.660
36154.000	-66137.688	-3148.149
-18455.795	-78356.813	-3181.638
3175.947	-102329.000	-3215.128
-40313.855	-90557.906	-3248.617
-19270.988	-66333.352	-3282.106
4962.103	-50477.113	-3315.595
10980.646	-59226.789	-3349.084
-2761.054	-123123.289	-3382.573
11381.600	-105374.422	-3416.062
17549.330	-25423.387	-3449.552
1468.399	-57889.008	-3483.041
40367.484	-52267.383	-3516.530
4139.813	-122020.203	-3550.019
10195.438	-51704.590	-3583.508
-12236.749	-115095.836	-3616.997
-37419.035	-91253.922	-3650.486
-39157.191	-111833.805	-3683.976
1115.765	-61767.512	-3717.465
-48049.074	-42140.836	-3750.954
12698.533	-66398.344	-3784.443
3167.221	-47564.914	-3817.932
-22672.188	-78487.484	-3851.421
-37065.355	-64098.605	-3884.911
44947.293	-62686.645	-3918.400
-31650.668	-48233.148	-3951.889
14766.045	-72636.328	-3985.378
-19314.578	-60417.484	-4018.867
-9495.485	-94636.109	-4052.356
-5482.649	-87071.883	-4085.845
-26419.447	-61008.570	-4119.335
-24829.154	-52833.766	-4152.824
-12856.746	-50411.000	-4186.313
-50520.383	-73256.766	-4219.802
3428.552	-39647.023	-4253.291
11294.307	-46093.363	-4286.780
-189.541	-75494.445	-4320.269
-23731.451	-72325.219	-4353.759
-21722.025	-61112.129	-4387.248
2617.270	-64910.680	-4420.737
-14348.014	-48850.773	-4454.226
-9454.440	-14052.913	-4487.715
-55170.391	-25124.398	-4521.204
-16264.343	-89361.289	-4554.694
-65266.000	-68110.039	-4588.183
12882.107	-31066.359	-4621.672
-61247.344	-69168.109	-4655.161
9799.193	-21142.619	-4688.650
-15762.349	21950.234	-4722.139
-30853.564	-37652.016	-4755.628
34453.164	-55510.113	-4789.118
-20112.717	-57294.570	-4822.607
-63007.449	-32185.900	-4856.096
37610.273	-29229.215	-4889.585
9132.577	5748.016	-4923.074
-1611.360	-4452.828	-4956.563
20030.504	-36466.996	-4990.053
29327.451	-84713.531	-5023.542
-25105.025	-47853.309	-5057.031
21370.408	-46673.676	-5090.520
24648.471	-5009.702	-5124.009
-35598.289	-39217.395	-5157.498
-31220.625	-14434.606	-5190.987
-15386.867	-21916.264	-5224.477
31439.861	-56861.422	-5257.966
-35814.625	-51029.000	-5291.455
-12474.864	-29717.951	-5324.944
-19738.818	-31923.984	-5358.433
-12480.101	-52129.379	-5391.922
27612.352	-69724.805	-5425.411
-13519.699	-14526.752	-5458.901
10097.163	-10304.971	-5492.390
1323.171	-42540.113	-5525.879
-7148.665	-11558.107	-5559.368
-4364.487	-27156.789	-5592.857
-12804.553	-38829.395	-5626.346
37826.723	-18952.473	-5659.836
14052.518	-42788.809	-5693.325
-23224.762	-13117.008	-5726.814
-23728.025	-18395.576	-5760.303
35319.922	-27278.412	-5793.792
-25195.396	-458.227	-5827.281
-29688.404	-9364.110	-5860.770
9719.165	-14348.074	-5894.260
-29359.715	-35304.598	-5927.749
-54402.012	-86830.016	-5961.238
-868.573	-35738.258	-5994.727
-22315.877	-22216.631	-6028.216
-5905.196	-30146.773	-6061.705
-41170.680	-10371.688	-6095.194
9864.868	-42339.727	-6128.684
-37160.355	-28790.416	-6162.173
7827.320	-15311.933	-6195.662
-9106.916	-22803.115	-6229.151
-28721.230	7277.399	-6262.640
-45785.988	-11696.176	-6296.129
-31666.893	-40338.797	-6329.619
-15271.808	-42495.875	-6363.108
-10937.116	-2364.222	-6396.597
-3978.578	-13965.695	-6430.086
-14240.626	-31785.891	-6463.575
24760.217	745.279	-6497.064
-22568.193	-5205.831	-6530.553
-6023.490	47616.160	-6564.043
31270.795	-2831.189	-6597.532
-5132.433	-44249.660	-6631.021
-18932.004	-25497.490	-6664.510
-29010.445	-51615.871	-6697.999
-26976.543	5293.954	-6731.488
-8011.334	13897.940	-6764.977
17747.482	-41121.133	-6798.467
-20176.811	5990.111	-6831.956
-2227.845	-8266.553	-6865.445
-14846.190	-8370.332	-6898.934
6982.152	-28892.063	-6932.423
6366.747	7621.992	-6965.912
-10735.902	-26298.307	-6999.402
-10864.601	-46449.820	-7032.891
11372.822	2824.273	-7066.380
-36296.098	3018.639	-7099.869
-22114.309	-17063.701	-7133.358
36829.074	35565.027	-7166.847
22722.979	2125.441	-7200.336
-14267.976	-19387.012	-7233.826
-28694.834	30008.064	-7267.315
-9323.972	-19576.826	-7300.804
2695.361	-5080.872	-7334.293
-7890.046	5191.556	-7367.782
-14604.547	-37557.113	-7401.271
-19222.318	-27904.156	-7434.761
6505.104	-35095.367	-7468.250
-23993.094	3574.624	-7501.739
-18847.240	16109.571	-7535.228
221.115	5074.331	-7568.717
-34123.934	-49205.504	-7602.206
-33942.441	-20969.252	-7635.695
-8031.849	-36304.363	-7669.185
-27018.506	19778.793	-7702.674
-5787.912	-11352.731	-7736.163
-28266.020	17312.492	-7769.652
443.356	-37308.852	-7803.141
27522.143	-2115.531	-7836.630
-53418.910	-5751.828	-7870.119
8264.443	-55992.734	-7903.609
-33133.387	-2868.533	-7937.098
22840.256	10523.980	-7970.587
-36114.770	18391.338	-8004.076
15663.696	-12168.854	-8037.565
-20882.939	-58080.121	-8071.054
-26649.396	-26156.150	-8104.544
-32255.295	26281.557	-8138.033
-14174.839	14088.594	-8171.522
-5687.083	-15722.597	-8205.011
-49.895	-35469.570	-8238.500
-18398.564	-19999.918	-8271.989
418.696	641.721	-8305.478
-67734.727	4911.232	-8338.968
4616.391	5195.113	-8372.457
-61394.082	-19048.373	-8405.946
-19909.232	1029.194	-8439.435
15899.406	-18641.611	-8472.924
-19253.434	-22378.449	-8506.413
19847.803	5071.546	-8539.902
