Data Point Listing of File C:\NTNMR\data\Dan\LiFe.25Mn.75PO4_redux\[100]\P31 [100] 0deg.tnt
Starting Point:	1	Ending Point:	1024
Real	Imag	Hz
5125599.500	-971709.000	2499980.282
4891523.500	-638868.000	2495097.470
4615603.000	314163.594	2490214.657
4839301.500	480478.094	2485331.845
5791780.000	83325.648	2480449.032
5536602.000	-316137.906	2475566.220
4887201.500	-314097.219	2470683.407
5162995.000	328691.938	2465800.595
5085775.000	245496.734	2460917.782
4381476.000	437609.813	2456034.970
5206535.500	262912.563	2451152.157
5139359.000	-638690.875	2446269.345
5017223.000	6274.777	2441386.532
5617800.000	353315.250	2436503.720
5764744.000	147164.188	2431620.907
4991578.000	589882.500	2426738.095
5418099.500	-13620.528	2421855.282
6135568.500	-133551.297	2416972.470
5162454.000	102959.820	2412089.657
5328528.500	353516.094	2407206.845
5719038.500	898999.938	2402324.032
5126972.500	415451.938	2397441.220
5602648.000	-263487.938	2392558.407
5124857.000	391747.438	2387675.595
5875561.500	-43365.918	2382792.782
5477210.000	510443.406	2377909.970
5613795.000	-815590.813	2373027.157
5054381.000	268628.000	2368144.345
5234042.500	87025.133	2363261.532
4583619.500	-466496.344	2358378.720
5226837.000	-264461.094	2353495.907
5363515.500	472372.125	2348613.095
5350452.000	-113981.578	2343730.282
4350329.000	530281.438	2338847.470
4863848.500	553197.625	2333964.657
5223777.000	875496.750	2329081.845
6118627.500	205625.844	2324199.032
5635434.000	831387.063	2319316.220
4972579.000	787738.875	2314433.407
5566492.500	232534.219	2309550.595
5237583.000	-223229.188	2304667.782
4748639.000	922215.875	2299784.970
5217313.000	802252.188	2294902.157
5784467.500	717009.438	2290019.345
5260078.000	905750.938	2285136.532
4871513.000	386801.969	2280253.720
5512724.500	-40918.195	2275370.907
5702523.500	-456836.469	2270488.095
4782774.000	928585.563	2265605.282
5128630.000	-42933.004	2260722.470
5202498.000	308415.188	2255839.657
4467419.500	1455006.250	2250956.845
4510577.500	418951.969	2246074.032
4664923.000	1042557.688	2241191.220
5604743.500	2002538.125	2236308.407
5000563.000	1550328.500	2231425.595
6004738.500	-698285.188	2226542.782
6062149.500	1088802.000	2221659.970
5180083.000	2443602.500	2216777.157
5256787.500	2148736.500	2211894.345
6168908.000	886136.188	2207011.532
6056285.500	1008702.000	2202128.720
6628363.000	-71317.992	2197245.907
5390962.000	-518759.375	2192363.095
6825096.500	747959.000	2187480.282
5447322.000	731133.688	2182597.470
4276193.500	-529043.375	2177714.657
4850673.000	1153653.375	2172831.845
4791568.000	159324.969	2167949.032
5329111.000	1455898.625	2163066.220
4910020.500	495337.313	2158183.407
4400439.500	332256.500	2153300.595
5494589.000	1283225.000	2148417.782
4929894.500	318257.500	2143534.970
6479714.500	1383755.750	2138652.157
5813340.500	-134620.203	2133769.345
4135711.000	228724.563	2128886.532
4657811.500	1220804.500	2124003.720
6201725.000	1979859.875	2119120.907
4422758.000	2588984.000	2114238.095
4870836.000	416464.156	2109355.282
4450833.000	1068257.875	2104472.470
4762866.500	1411247.250	2099589.657
5846489.000	1216569.625	2094706.845
5028956.000	2212034.250	2089824.032
5553404.500	1589350.875	2084941.220
6310873.000	1266232.000	2080058.407
4605850.000	2132049.000	2075175.595
4421777.500	-673298.000	2070292.782
5154279.000	2031668.625	2065409.970
5643232.500	948044.813	2060527.157
5493852.500	1518068.375	2055644.345
5859607.000	584814.875	2050761.532
4453756.500	1128102.875	2045878.720
5905685.000	2027437.875	2040995.907
5519185.500	2543522.250	2036113.095
5533094.500	1520295.625	2031230.282
5040462.500	1653077.125	2026347.470
7001740.000	298638.469	2021464.657
5394085.500	743525.500	2016581.845
3679795.750	2518670.750	2011699.032
5825572.000	2615843.750	2006816.220
5262636.500	1252872.250	2001933.407
4684180.500	1431138.875	1997050.595
5406312.000	708334.688	1992167.782
5325023.500	296990.000	1987284.970
5306153.000	1192612.500	1982402.157
4012868.750	1365782.875	1977519.345
5076166.000	2278396.250	1972636.532
4981967.000	3849704.500	1967753.720
4743380.500	1376160.750	1962870.907
5227813.000	1580149.625	1957988.095
5829140.000	955894.625	1953105.282
5381772.000	2964483.000	1948222.470
4795239.500	855626.500	1943339.657
6713613.500	2561924.500	1938456.845
4717455.000	2378349.000	1933574.032
6117385.500	1822239.625	1928691.220
6187651.500	3542947.750	1923808.407
5054244.000	1966223.500	1918925.595
2477349.000	2204164.750	1914042.782
5278860.000	594229.438	1909159.970
5768256.500	1754152.375	1904277.157
6431393.000	3597387.250	1899394.345
5961068.500	1228583.750	1894511.532
4612589.500	773810.188	1889628.720
4983709.000	4299534.000	1884745.907
6771997.500	2381042.250	1879863.095
6159215.000	4208814.500	1874980.282
6827295.500	2658812.750	1870097.470
4981112.500	1553426.625	1865214.657
3958743.250	2435434.750	1860331.845
5574959.500	277355.563	1855449.032
7982090.500	54293.633	1850566.220
6439164.500	840070.375	1845683.407
5122992.000	4328670.500	1840800.595
4510306.500	2308986.250	1835917.782
6933383.000	1116977.250	1831034.970
4182088.750	2888050.750	1826152.157
6116780.500	-174465.422	1821269.345
5389242.500	1640993.125	1816386.532
3931638.750	1936700.875	1811503.720
5903399.000	4280788.000	1806620.907
3250424.750	2044770.500	1801738.095
5626239.500	1493612.375	1796855.282
4159530.000	4032692.000	1791972.470
3593205.750	3159643.250	1787089.657
8338956.000	4110506.500	1782206.845
3651311.500	3384980.250	1777324.032
5136830.000	2737129.500	1772441.220
6890611.500	866471.625	1767558.407
6290493.500	1398576.750	1762675.595
7224763.000	2235253.000	1757792.782
5778178.500	4026376.250	1752909.970
4926108.000	1654391.875	1748027.157
4798301.500	2646530.000	1743144.345
8646219.000	3947911.750	1738261.532
5986666.000	1601117.250	1733378.720
5666438.000	3365158.000	1728495.907
3993309.250	3100562.750	1723613.095
3161957.250	3378577.250	1718730.282
6105413.500	778790.250	1713847.470
6846460.500	1946467.750	1708964.657
4712896.500	5324696.000	1704081.845
4000570.000	1828448.500	1699199.032
5610656.000	2927607.250	1694316.220
6321415.000	1183919.375	1689433.407
5881486.000	3202272.500	1684550.595
6986472.500	2999667.500	1679667.782
8462138.000	682182.813	1674784.970
4906240.500	6358948.500	1669902.157
6077549.000	-3658.531	1665019.345
5796719.500	1208899.750	1660136.532
5124906.500	2664133.750	1655253.720
4914335.500	4204582.000	1650370.907
4153175.500	2996731.750	1645488.095
4849602.500	5397889.000	1640605.282
6710557.500	5002086.000	1635722.470
2972601.500	1037320.875	1630839.657
5211313.000	2146310.500	1625956.845
6310254.500	1046534.688	1621074.032
7551556.500	3388009.500	1616191.220
5045844.000	3668669.000	1611308.407
5798818.000	2624334.500	1606425.595
6841906.500	2435076.500	1601542.782
7836825.500	2745529.000	1596659.970
6503216.000	-192301.281	1591777.157
4779302.000	2618303.000	1586894.345
3989009.000	5774806.500	1582011.532
5162090.500	3014028.250	1577128.720
5946604.000	3422040.500	1572245.907
5489016.500	1999830.875	1567363.095
1650754.625	3894721.000	1562480.282
6913528.000	669949.500	1557597.470
5121940.000	1300139.000	1552714.657
2692815.500	3205107.750	1547831.845
4829373.000	4220831.500	1542949.032
5568369.500	5403333.000	1538066.220
5231931.500	3090950.500	1533183.407
6163447.000	2334225.250	1528300.595
6922420.500	5873404.000	1523417.782
3092978.000	1018378.313	1518534.970
5107067.000	3123391.000	1513652.157
4026278.250	6592188.000	1508769.345
3999113.000	2124581.750	1503886.532
3994108.250	3578224.250	1499003.720
7091605.500	5500565.500	1494120.907
6883970.000	3834115.750	1489238.095
6083177.000	3650780.000	1484355.282
4334827.500	3602840.000	1479472.470
3833224.750	3742367.250	1474589.657
4922515.500	4003355.500	1469706.845
3331817.000	5021219.000	1464824.032
7462341.000	4861902.500	1459941.220
5136275.000	6623583.000	1455058.407
7114785.000	2865432.500	1450175.595
5006020.000	2633550.000	1445292.782
6802251.500	5400520.000	1440409.970
3651453.000	4271560.500	1435527.157
5550547.500	5373360.500	1430644.345
7222482.000	6817800.000	1425761.532
5667425.500	2824650.500	1420878.720
3425132.000	4923450.000	1415995.907
5028350.000	3661115.750	1411113.095
6490949.500	3414676.500	1406230.282
5812596.000	2148927.250	1401347.470
7499641.500	4800111.000	1396464.657
7363992.000	6201336.000	1391581.845
7720153.000	4697854.500	1386699.032
7552402.500	4089326.000	1381816.220
2641581.750	3619822.000	1376933.407
5074225.500	4614959.500	1372050.595
6861301.500	6112918.500	1367167.782
2708152.000	4173627.500	1362284.970
7185505.000	1858415.750	1357402.157
5897956.500	3132228.750	1352519.345
5186826.500	5711154.500	1347636.532
5158275.500	4733132.500	1342753.720
4666001.000	6688763.000	1337870.907
5003554.500	2495582.500	1332988.095
6017113.000	5364234.000	1328105.282
5716229.500	5432303.500	1323222.470
3646297.500	4867052.500	1318339.657
7587914.500	8269013.500	1313456.845
6103786.000	3451195.750	1308574.032
5013317.500	5240454.000	1303691.220
8962304.000	5571812.500	1298808.407
6245999.500	3617634.000	1293925.595
8625817.000	4559820.000	1289042.782
6609470.000	4599053.500	1284159.970
5034479.500	4347085.000	1279277.157
5120476.000	5120409.500	1274394.345
7848776.000	4761908.000	1269511.532
6814503.500	5693077.500	1264628.720
1079882.875	5810894.000	1259745.907
8053264.500	4333641.000	1254863.095
8441271.000	3457172.000	1249980.282
1974359.500	5287930.500	1245097.470
7132765.000	4180155.000	1240214.657
6322184.000	6516165.000	1235331.845
8075523.000	1685329.875	1230449.032
5458581.500	2542970.500	1225566.220
2754953.000	1879235.375	1220683.407
7318496.000	6797209.000	1215800.595
6278526.000	8253567.000	1210917.782
3444923.500	4317071.500	1206034.970
3213873.000	5647689.000	1201152.157
9718164.000	6899018.500	1196269.345
8100472.500	4955543.500	1191386.532
4440120.000	6696327.500	1186503.720
4527002.000	2960682.000	1181620.907
4805475.500	5834107.000	1176738.095
3319663.250	4842543.500	1171855.282
7145894.500	4370265.000	1166972.470
4930715.500	6048733.000	1162089.657
9403516.000	3751890.750	1157206.845
4942733.000	9372264.000	1152324.032
7093677.500	1911160.750	1147441.220
6026564.500	5591321.500	1142558.407
8122130.500	8339510.500	1137675.595
7066156.000	3340716.000	1132792.782
759193.000	6781211.000	1127909.970
4759592.000	3351893.750	1123027.157
4113183.250	5822795.000	1118144.345
7548814.000	3276348.250	1113261.532
6727782.000	3015754.750	1108378.720
2353779.750	5289341.000	1103495.907
6189695.000	7598416.000	1098613.095
5153897.000	7976806.500	1093730.282
7458549.000	5389569.000	1088847.470
4799004.000	3547256.250	1083964.657
5046016.500	6867752.500	1079081.845
3512613.500	3504289.000	1074199.032
715174.688	7181902.500	1069316.220
5103195.000	6652777.000	1064433.407
6905729.500	6856348.000	1059550.595
8763380.000	7226758.000	1054667.782
2494549.500	7753307.500	1049784.970
5958387.000	7823025.000	1044902.157
4912124.000	6047602.000	1040019.345
5839491.000	8769385.000	1035136.532
4386332.000	9030755.000	1030253.720
6500202.000	6191862.000	1025370.907
5249825.000	4601703.500	1020488.095
1962169.000	4028037.000	1015605.282
2672667.750	5880631.000	1010722.470
7058424.500	7038663.500	1005839.657
10849232.000	8982983.000	1000956.845
6576340.000	7033782.500	996074.032
6533646.500	7545566.500	991191.220
4800233.000	5851103.000	986308.407
5758935.000	6996854.500	981425.595
5687893.500	8236191.500	976542.782
5103353.500	8494387.000	971659.970
7415575.500	5400410.000	966777.157
1749322.125	7244744.000	961894.345
4833535.500	4975095.500	957011.532
-1331422.000	7059308.500	952128.720
5636715.500	7947352.500	947245.907
3875052.500	9509005.000	942363.095
5083046.000	6461381.500	937480.282
4220035.500	9673560.000	932597.470
7153292.000	9645347.000	927714.657
7138065.000	11385274.000	922831.845
4364357.000	9098515.000	917949.032
8578604.000	6141303.000	913066.220
5154652.000	9965919.000	908183.407
6005017.000	6528906.000	903300.595
8459013.000	9264469.000	898417.782
5630265.000	8073801.000	893534.970
6462708.000	11541289.000	888652.157
5754272.500	9551411.000	883769.345
3748400.500	7491600.000	878886.532
7412005.500	6317020.500	874003.720
4810341.500	6625044.000	869120.907
6957760.000	6601579.000	864238.095
2420370.250	8738636.000	859355.282
5788371.500	7325359.500	854472.470
1379103.250	11456342.000	849589.657
6978004.500	5228316.500	844706.845
8802647.000	10882158.000	839824.032
4633235.000	10089283.000	834941.220
4035912.250	9638736.000	830058.407
5565920.000	11572390.000	825175.595
5195955.500	12480618.000	820292.782
8567115.000	9755153.000	815409.970
2890241.250	5768063.500	810527.157
3892645.000	10796508.000	805644.345
4733724.000	12321391.000	800761.532
6987480.500	12330193.000	795878.720
10874116.000	8837262.000	790995.907
4391571.000	4736565.000	786113.095
9642345.000	11932531.000	781230.282
4922912.500	12366521.000	776347.470
3024329.250	10923374.000	771464.657
7296031.500	10802420.000	766581.845
4333379.000	9352583.000	761699.032
8016130.000	5881696.000	756816.220
8357877.000	11670911.000	751933.407
8239801.000	6234880.500	747050.595
4584421.000	13004123.000	742167.782
6406667.500	12708159.000	737284.970
8353495.500	9323058.000	732402.157
5814130.000	9541139.000	727519.345
5544569.000	6913844.500	722636.532
1238977.625	13465928.000	717753.720
7971090.000	6803076.500	712870.907
5920965.500	6243393.500	707988.095
2690009.250	12128533.000	703105.282
6025490.000	9208355.000	698222.470
3676963.750	11743452.000	693339.657
291961.969	13011362.000	688456.845
2354621.500	15819941.000	683574.032
5795083.500	8237440.500	678691.220
7143649.000	11789791.000	673808.407
2486074.750	12716708.000	668925.595
8845266.000	11867407.000	664042.782
4941810.000	13437401.000	659159.970
4672260.500	14804048.000	654277.157
3868907.750	17036648.000	649394.345
9165443.000	11381748.000	644511.532
8975923.000	12441698.000	639628.720
2963132.500	13819468.000	634745.907
3762810.750	13733833.000	629863.095
9482064.000	12331961.000	624980.282
2259355.250	13873770.000	620097.470
2423811.250	11773621.000	615214.657
4996416.500	13673503.000	610331.845
10167046.000	15744244.000	605449.032
5908271.500	15813888.000	600566.220
5280558.500	16384484.000	595683.407
5850784.500	10731053.000	590800.595
6970951.000	13950710.000	585917.782
8175708.500	16507680.000	581034.970
5755846.500	13521338.000	576152.157
8283616.000	13838082.000	571269.345
5299506.500	16360819.000	566386.532
1369093.250	19919460.000	561503.720
9367363.000	10551640.000	556620.907
4939905.000	13003693.000	551738.095
9549550.000	14671238.000	546855.282
6420919.000	15666497.000	541972.470
6335568.500	18232024.000	537089.657
6868076.500	12205800.000	532206.845
7655795.500	18978078.000	527324.032
8236250.000	13615215.000	522441.220
3527587.000	16177893.000	517558.407
3704117.000	17608158.000	512675.595
3887231.750	17419636.000	507792.782
8549947.000	20393530.000	502909.970
2443856.000	14925062.000	498027.157
4336335.000	11881725.000	493144.345
7933944.500	18767616.000	488261.532
6128321.000	18026446.000	483378.720
3852079.500	15291003.000	478495.907
9858026.000	18273100.000	473613.095
5481497.000	24065162.000	468730.282
4556462.500	16634001.000	463847.470
6786352.500	17530768.000	458964.657
7161923.000	21606696.000	454081.845
9824080.000	19044048.000	449199.032
4056040.750	20348708.000	444316.220
9672404.000	23508298.000	439433.407
7898056.500	20016800.000	434550.595
1375809.875	19964296.000	429667.782
2333745.000	20324900.000	424784.970
5371613.500	23042742.000	419902.157
8245694.000	18882200.000	415019.345
7792531.500	22794096.000	410136.532
6840224.000	23751970.000	405253.720
5808323.500	22081794.000	400370.907
7430703.000	20719238.000	395488.095
9928925.000	23391278.000	390605.282
7353226.500	22754872.000	385722.470
6105438.000	23518914.000	380839.657
6875750.000	23448142.000	375956.845
9717992.000	25957004.000	371074.032
3505443.250	23170872.000	366191.220
9038726.000	27227114.000	361308.407
4619697.000	25943580.000	356425.595
7724343.500	25910608.000	351542.782
6010049.000	25550632.000	346659.970
4997235.000	27975048.000	341777.157
12846856.000	29131030.000	336894.345
6085562.500	29515060.000	332011.532
9292205.000	26998854.000	327128.720
4482858.000	28816800.000	322245.907
6622143.000	35131840.000	317363.095
11308923.000	32824594.000	312480.282
7671300.500	25598158.000	307597.470
9098168.000	28036218.000	302714.657
8206066.500	34620200.000	297831.845
9685828.000	35092200.000	292949.032
6967708.000	33946492.000	288066.220
8183638.000	33754828.000	283183.407
11296256.000	30585860.000	278300.595
10077925.000	34492620.000	273417.782
10970002.000	34500020.000	268534.970
11032576.000	36067372.000	263652.157
10375218.000	35021388.000	258769.345
7858092.000	37677224.000	253886.532
7864117.500	42253180.000	249003.720
10479316.000	44518052.000	244120.907
8188576.500	41327164.000	239238.095
11523523.000	40974712.000	234355.282
4356156.500	46502960.000	229472.470
10664914.000	47423760.000	224589.657
5813022.500	47087736.000	219706.845
9184478.000	54503192.000	214824.032
12067271.000	51954692.000	209941.220
11225650.000	57222644.000	205058.407
14467454.000	56768516.000	200175.595
17467252.000	58628472.000	195292.782
19166746.000	63821880.000	190409.970
21345994.000	66418172.000	185527.157
26385490.000	69243144.000	180644.345
31387256.000	66249416.000	175761.532
31127458.000	70486304.000	170878.720
35738776.000	75306560.000	165995.907
39153756.000	70649840.000	161113.095
39659848.000	71125728.000	156230.282
35953472.000	70608864.000	151347.470
43332728.000	68640144.000	146464.657
46927104.000	76246560.000	141581.845
45441136.000	71387936.000	136699.032
52693584.000	73724432.000	131816.220
56376924.000	75517568.000	126933.407
58935448.000	85989880.000	122050.595
68786440.000	84914032.000	117167.782
79006008.000	82129928.000	112284.970
77880168.000	77422064.000	107402.157
88526128.000	79430008.000	102519.345
95865240.000	74333264.000	97636.532
99942600.000	70486056.000	92753.720
98094024.000	65134468.000	87870.907
107174920.000	59066872.000	82988.095
110796864.000	62304044.000	78105.282
108798432.000	55469144.000	73222.470
116730616.000	49878228.000	68339.657
117718760.000	46053020.000	63456.845
124326136.000	43695012.000	58574.032
129513360.000	38733612.000	53691.220
131092632.000	33886372.000	48808.407
133291032.000	26829380.000	43925.595
138576224.000	19620888.000	39042.782
140209952.000	15182417.000	34159.970
140694752.000	6970118.000	29277.157
142357344.000	1819923.625	24394.345
140452768.000	-7626359.000	19511.532
136651648.000	-18794780.000	14628.720
136457296.000	-23139010.000	9745.907
137480704.000	-29148804.000	4863.095
138461984.000	-34391168.000	-19.718
129422048.000	-40093684.000	-4902.530
129908968.000	-50181044.000	-9785.343
127573912.000	-56922228.000	-14668.155
121746680.000	-61177672.000	-19550.968
116536040.000	-65191928.000	-24433.780
108483744.000	-66556232.000	-29316.593
103795232.000	-81543440.000	-34199.405
96842328.000	-81909424.000	-39082.218
89253080.000	-80195168.000	-43965.030
83534800.000	-81479976.000	-48847.843
75412360.000	-78093536.000	-53730.655
70025328.000	-80635880.000	-58613.468
67855640.000	-79793088.000	-63496.280
67628088.000	-79252856.000	-68379.093
58240160.000	-83235312.000	-73261.905
58141828.000	-81130920.000	-78144.718
52953244.000	-78529072.000	-83027.530
46541120.000	-79446800.000	-87910.343
43690344.000	-77118208.000	-92793.155
41724352.000	-77485008.000	-97675.968
38136072.000	-74026320.000	-102558.780
33627156.000	-73929808.000	-107441.593
31711024.000	-71450792.000	-112324.405
28987740.000	-69504096.000	-117207.218
27337120.000	-72545328.000	-122090.030
27269752.000	-69648640.000	-126972.843
25491252.000	-68376376.000	-131855.655
21937256.000	-62786864.000	-136738.468
18188786.000	-63076408.000	-141621.280
18557866.000	-61049728.000	-146504.093
15045853.000	-62602684.000	-151386.905
13603869.000	-58312216.000	-156269.718
8418024.000	-58914948.000	-161152.530
12101089.000	-56062744.000	-166035.343
7346886.000	-55221496.000	-170918.155
12543185.000	-50978996.000	-175800.968
8679845.000	-48273012.000	-180683.780
4240824.000	-43758812.000	-185566.593
6421102.000	-45471792.000	-190449.405
9147709.000	-44444276.000	-195332.218
8576373.000	-44425596.000	-200215.030
7544902.000	-42633256.000	-205097.843
7993135.500	-38946748.000	-209980.655
7790540.500	-44379912.000	-214863.468
3467194.500	-40606784.000	-219746.280
3835153.750	-39118932.000	-224629.093
6428762.000	-35962692.000	-229511.905
6421638.000	-35525412.000	-234394.718
8898882.000	-35973828.000	-239277.530
3734559.750	-33137660.000	-244160.343
6118861.500	-33781292.000	-249043.155
5212170.000	-34898488.000	-253925.968
3270699.500	-32655330.000	-258808.780
5310671.500	-31073154.000	-263691.593
6199415.000	-34736584.000	-268574.405
5267613.000	-32629492.000	-273457.218
7988066.000	-29311246.000	-278340.030
5382911.500	-27652718.000	-283222.843
6466833.000	-26689900.000	-288105.655
3909598.250	-26048022.000	-292988.468
4361846.500	-30784602.000	-297871.280
4071620.250	-27315722.000	-302754.093
7286077.000	-29255956.000	-307636.905
5329997.000	-28094298.000	-312519.718
4224671.500	-26299526.000	-317402.530
4270710.500	-25868060.000	-322285.343
3379166.500	-24832508.000	-327168.155
3937103.750	-26961996.000	-332050.968
3261354.500	-26804532.000	-336933.780
6807106.000	-24907610.000	-341816.593
6667204.000	-24493376.000	-346699.405
4461053.000	-22370516.000	-351582.218
6231271.500	-23997232.000	-356465.030
6339656.000	-22388528.000	-361347.843
2149687.250	-23908108.000	-366230.655
4515450.500	-22676344.000	-371113.468
4975687.500	-21905650.000	-375996.280
4365242.500	-22830118.000	-380879.093
4379749.500	-20448530.000	-385761.905
2844944.250	-20860662.000	-390644.718
1143650.750	-24101362.000	-395527.530
4682849.000	-19952332.000	-400410.343
4124002.250	-18560436.000	-405293.155
4590058.500	-18852860.000	-410175.968
3077392.250	-20111330.000	-415058.780
3069532.250	-20620950.000	-419941.593
3342001.750	-19335316.000	-424824.405
4429804.000	-18511272.000	-429707.218
4606843.500	-18264006.000	-434590.030
3078023.500	-18575026.000	-439472.843
7308124.500	-19925698.000	-444355.655
4246290.000	-16768141.000	-449238.468
5254421.500	-16009038.000	-454121.280
4361140.500	-18089646.000	-459004.093
4975963.500	-16329808.000	-463886.905
5095734.500	-15551852.000	-468769.718
6226955.000	-14733896.000	-473652.530
4688804.000	-13367113.000	-478535.343
2587235.000	-16613075.000	-483418.155
4162631.000	-17012296.000	-488300.968
4613642.000	-18353034.000	-493183.780
4682351.000	-19924990.000	-498066.593
5448920.500	-16786042.000	-502949.405
6029154.000	-16290227.000	-507832.218
3520009.750	-16263941.000	-512715.030
4557916.000	-13497539.000	-517597.843
5525744.500	-14729499.000	-522480.655
5804041.500	-15544000.000	-527363.468
6243558.500	-13633730.000	-532246.280
5352581.500	-14947112.000	-537129.093
4346124.000	-17010254.000	-542011.905
6554806.000	-14341142.000	-546894.718
3346535.250	-12723560.000	-551777.530
2082431.750	-16609495.000	-556660.343
4602105.500	-14050986.000	-561543.155
4003018.250	-14343594.000	-566425.968
4375405.000	-12772916.000	-571308.780
5354177.500	-15684728.000	-576191.593
5775927.500	-18084938.000	-581074.405
4713021.500	-12002748.000	-585957.218
5247714.000	-13917119.000	-590840.030
4861722.500	-13275509.000	-595722.843
5078835.500	-9969500.000	-600605.655
989809.875	-14276325.000	-605488.468
6140011.500	-12753198.000	-610371.280
5639264.000	-9764178.000	-615254.093
7316752.500	-11208664.000	-620136.905
-1268029.500	-15316455.000	-625019.718
4987743.000	-13096023.000	-629902.530
6068816.500	-13982178.000	-634785.343
4380283.500	-12485979.000	-639668.155
6760944.500	-13314665.000	-644550.968
7093774.500	-10192578.000	-649433.780
6405993.000	-14968792.000	-654316.593
4519629.000	-12668223.000	-659199.405
3758402.750	-12229353.000	-664082.218
4522757.500	-12359522.000	-668965.030
4709913.000	-12195722.000	-673847.843
5047102.500	-13925851.000	-678730.655
3363670.000	-12226356.000	-683613.468
3774623.500	-12182699.000	-688496.280
4173502.250	-10874027.000	-693379.093
4056420.000	-12073226.000	-698261.905
1520884.250	-10382600.000	-703144.718
2623064.500	-11334763.000	-708027.530
3753724.000	-10945218.000	-712910.343
4471892.500	-10392134.000	-717793.155
4381919.000	-9552503.000	-722675.968
1849106.250	-10446608.000	-727558.780
5154123.500	-10577513.000	-732441.593
6249304.000	-8577094.000	-737324.405
4769685.000	-10882029.000	-742207.218
2578577.750	-12092046.000	-747090.030
5119573.000	-9222264.000	-751972.843
2880720.000	-10570163.000	-756855.655
6827550.000	-11632126.000	-761738.468
5375075.000	-7451787.500	-766621.280
3881070.250	-9432664.000	-771504.093
4022045.500	-7549437.000	-776386.905
3753189.250	-10013531.000	-781269.718
3074474.750	-9474205.000	-786152.530
5968802.500	-9153908.000	-791035.343
5345462.000	-8195835.000	-795918.155
5351083.500	-9674222.000	-800800.968
5024276.000	-8982077.000	-805683.780
2335405.500	-7893706.500	-810566.593
3602368.500	-7896131.500	-815449.405
3017665.000	-9578803.000	-820332.218
8337117.500	-8850164.000	-825215.030
4918212.500	-9008421.000	-830097.843
5957845.500	-9879940.000	-834980.655
5659998.500	-8917698.000	-839863.468
4812558.500	-7737986.500	-844746.280
4510700.500	-8913494.000	-849629.093
6395454.000	-8884058.000	-854511.905
5944353.000	-10460027.000	-859394.718
3663023.500	-9300242.000	-864277.530
1958639.625	-7209634.500	-869160.343
4795350.000	-7143528.500	-874043.155
6725400.500	-8031807.000	-878925.968
4686338.500	-9398283.000	-883808.780
5813454.500	-5858685.000	-888691.593
5006306.000	-8849683.000	-893574.405
3731803.250	-8691365.000	-898457.218
5118513.000	-7965547.000	-903340.030
5032064.000	-5836807.000	-908222.843
5889121.500	-7154609.000	-913105.655
4812599.000	-9674136.000	-917988.468
5731589.000	-8491930.000	-922871.280
4079625.250	-7905322.000	-927754.093
5520527.500	-9199539.000	-932636.905
2996875.750	-9212318.000	-937519.718
5856491.500	-5657679.000	-942402.530
3243058.500	-7549727.000	-947285.343
7305361.000	-7805676.500	-952168.155
6238731.000	-7523704.000	-957050.968
5732640.000	-6518575.500	-961933.780
4990110.500	-7264202.500	-966816.593
6357336.500	-5985925.000	-971699.405
4238109.500	-8909307.000	-976582.218
5781599.500	-8287878.500	-981465.030
4939532.000	-7925286.000	-986347.843
3458987.250	-8211798.000	-991230.655
4529134.500	-7342013.500	-996113.468
6417475.000	-8064974.000	-1000996.280
4081804.250	-6592073.500	-1005879.093
5577552.000	-6578119.500	-1010761.905
5931410.000	-8763726.000	-1015644.718
3274456.000	-6520071.000	-1020527.530
4075265.750	-5566909.500	-1025410.343
5343987.500	-7522011.000	-1030293.155
4318414.000	-7440386.500	-1035175.968
4122763.500	-5497740.000	-1040058.780
3955283.500	-6634516.500	-1044941.593
6088631.000	-7164452.000	-1049824.405
3697081.000	-8971828.000	-1054707.218
6042325.000	-6460862.500	-1059590.030
5192475.000	-7229341.000	-1064472.843
6955184.500	-4844261.000	-1069355.655
5755366.500	-5027245.500	-1074238.468
6755503.000	-7545398.500	-1079121.280
3998905.500	-5520135.500	-1084004.093
3119489.250	-8317744.000	-1088886.905
5661534.000	-6375713.000	-1093769.718
3580682.000	-5091490.000	-1098652.530
3293165.500	-6004809.000	-1103535.343
5525217.000	-6554482.500	-1108418.155
6498787.000	-6724128.000	-1113300.968
2480658.500	-6388598.000	-1118183.780
5675737.500	-6205655.000	-1123066.593
6014685.500	-6346275.500	-1127949.405
5626666.000	-4528744.500	-1132832.218
4470738.000	-4052970.750	-1137715.030
5424742.500	-6482383.000	-1142597.843
6787491.500	-7293803.500	-1147480.655
5122123.500	-4829685.500	-1152363.468
4347176.500	-7064914.500	-1157246.280
5925074.000	-7399027.000	-1162129.093
6148652.500	-5625054.000	-1167011.905
5008874.000	-5371067.500	-1171894.718
6207659.500	-6632176.000	-1176777.530
3938004.250	-7996346.500	-1181660.343
3133733.750	-5965353.500	-1186543.155
4361936.500	-5252837.000	-1191425.968
6720933.000	-4431949.000	-1196308.780
5853051.500	-5532941.000	-1201191.593
4540478.500	-6791955.500	-1206074.405
4200653.000	-4887743.500	-1210957.218
3780920.000	-4315306.000	-1215840.030
5305087.500	-3718745.250	-1220722.843
4736734.500	-6753895.000	-1225605.655
4912328.500	-5416933.000	-1230488.468
6264411.500	-6068003.500	-1235371.280
5535018.500	-5786639.000	-1240254.093
2594533.750	-6096200.500	-1245136.905
7272775.500	-6159430.500	-1250019.718
4309301.000	-7144104.000	-1254902.530
4828752.500	-4888889.000	-1259785.343
4055593.250	-5215447.500	-1264668.155
5800445.500	-6155984.500	-1269550.968
5845378.500	-3839500.750	-1274433.780
4223601.500	-4015535.250	-1279316.593
4646576.000	-3539732.500	-1284199.405
5077666.000	-4580271.000	-1289082.218
4233500.500	-4459435.000	-1293965.030
4026984.250	-6766939.000	-1298847.843
6318970.500	-3208947.250	-1303730.655
3873881.500	-4605306.500	-1308613.468
4361900.500	-2788763.000	-1313496.280
5812833.000	-5690563.000	-1318379.093
7081213.000	-5622164.500	-1323261.905
5485794.500	-6213377.500	-1328144.718
4485100.000	-6383309.500	-1333027.530
5439633.500	-4752621.000	-1337910.343
4943420.000	-4157978.500	-1342793.155
6092350.000	-5924583.000	-1347675.968
3677990.250	-3140895.250	-1352558.780
6413579.000	-3764467.250	-1357441.593
4547173.000	-4499944.500	-1362324.405
4899003.000	-4553691.500	-1367207.218
4428386.000	-3764247.500	-1372090.030
5362986.000	-5347418.500	-1376972.843
5500497.000	-5419667.500	-1381855.655
4601036.000	-3197665.250	-1386738.468
4988412.000	-3797817.750	-1391621.280
5249068.500	-5386519.000	-1396504.093
5501358.500	-5641219.500	-1401386.905
4754863.500	-3110049.250	-1406269.718
6539320.000	-4108602.500	-1411152.530
5722826.000	-5022119.500	-1416035.343
4539897.000	-5001962.500	-1420918.155
4501064.000	-4950763.000	-1425800.968
4846169.000	-4338918.500	-1430683.780
4598818.500	-2558735.500	-1435566.593
5632115.000	-4728227.000	-1440449.405
5799002.000	-3062648.000	-1445332.218
5226409.500	-3182976.000	-1450215.030
6094061.500	-4376874.500	-1455097.843
5418538.000	-4531869.500	-1459980.655
5957535.000	-4312269.500	-1464863.468
4983466.000	-3929916.750	-1469746.280
4312080.500	-5838316.000	-1474629.093
5087138.500	-5305102.000	-1479511.905
4941245.000	-5337332.500	-1484394.718
5752162.500	-5067998.500	-1489277.530
4585636.500	-3523203.500	-1494160.343
5840785.500	-4339225.000	-1499043.155
4071921.250	-3021648.750	-1503925.968
5025154.000	-3610034.500	-1508808.780
6091044.000	-3881510.750	-1513691.593
5148981.000	-4027668.250	-1518574.405
5167129.500	-3600472.500	-1523457.218
3370016.000	-3930443.250	-1528340.030
3330923.250	-3778364.500	-1533222.843
5445182.000	-3481020.750	-1538105.655
4480760.500	-4499682.000	-1542988.468
4653722.500	-2845849.000	-1547871.280
6273980.500	-3999563.500	-1552754.093
5211814.500	-5143889.500	-1557636.905
3279955.750	-3264030.750	-1562519.718
4194391.500	-2832602.500	-1567402.530
6463448.000	-3079657.250	-1572285.343
6253110.000	-4395816.000	-1577168.155
5243477.500	-2767092.000	-1582050.968
4670866.000	-3830648.750	-1586933.780
6081213.500	-3246350.500	-1591816.593
4607544.500	-2487630.750	-1596699.405
4733991.500	-3676779.250	-1601582.218
4201673.000	-4027138.750	-1606465.030
5397433.000	-4108979.000	-1611347.843
4405565.500	-2422466.250	-1616230.655
4818300.000	-3313646.750	-1621113.468
6081305.500	-2837190.750	-1625996.280
4213102.500	-3675880.750	-1630879.093
5310897.500	-3770241.750	-1635761.905
5904900.500	-3121816.750	-1640644.718
3994627.500	-2127856.000	-1645527.530
4434233.000	-3297695.750	-1650410.343
5430347.500	-3524911.750	-1655293.155
5080063.000	-2842408.000	-1660175.968
4772688.000	-3964389.250	-1665058.780
4342855.000	-2589954.000	-1669941.593
5472536.000	-4197263.500	-1674824.405
6275121.500	-2889293.250	-1679707.218
5403975.000	-3252868.750	-1684590.030
3779925.750	-1462906.750	-1689472.843
5036297.500	-2684711.750	-1694355.655
4637380.000	-2758383.500	-1699238.468
5676510.000	-1971866.500	-1704121.280
3783885.750	-3210034.250	-1709004.093
5869688.000	-1895161.875	-1713886.905
5511789.500	-3461837.750	-1718769.718
5106614.000	-3209256.500	-1723652.530
4407700.500	-1638235.500	-1728535.343
6178801.000	-1668289.375	-1733418.155
5563791.000	-3113235.750	-1738300.968
5582772.000	-2390189.750	-1743183.780
4695270.000	-2258242.000	-1748066.593
4808378.000	-3096801.750	-1752949.405
5040332.500	-2051795.250	-1757832.218
5872345.500	-3157364.250	-1762715.030
5767195.000	-3149859.000	-1767597.843
6253146.500	-1920553.250	-1772480.655
5608422.500	-1647230.375	-1777363.468
6940333.000	-3867875.000	-1782246.280
5958193.500	-3729819.250	-1787129.093
5196533.500	-2340443.000	-1792011.905
4612015.500	-2530806.250	-1796894.718
5316548.500	-3096285.500	-1801777.530
4931532.500	-2664255.000	-1806660.343
5026507.000	-3375622.000	-1811543.155
5175050.000	-2354591.250	-1816425.968
4130678.250	-1864124.500	-1821308.780
5576721.000	-2245267.250	-1826191.593
4596852.000	-3823079.000	-1831074.405
6079276.000	-2278997.750	-1835957.218
5062206.000	-2062768.875	-1840840.030
5614717.500	-1471959.875	-1845722.843
5304473.500	-2673876.500	-1850605.655
5362786.500	-2578626.250	-1855488.468
5055270.000	-3100784.750	-1860371.280
5126781.000	-3237044.750	-1865254.093
4723557.000	-1799015.000	-1870136.905
6009896.000	-1878588.250	-1875019.718
5143705.500	-2888386.000	-1879902.530
5588241.000	-1561308.250	-1884785.343
5213679.000	-2830623.750	-1889668.155
5519697.500	-2449859.500	-1894550.968
4179091.750	-2172062.750	-1899433.780
5176375.000	-1175781.750	-1904316.593
5430959.500	-2722082.750	-1909199.405
5753105.000	-2804909.000	-1914082.218
4458389.500	-2585086.000	-1918965.030
4684070.000	-1882483.125	-1923847.843
5382021.500	-3229394.250	-1928730.655
5284906.500	-1635098.000	-1933613.468
5430524.000	-1363957.250	-1938496.280
5489424.500	-2182826.750	-1943379.093
5375613.000	-1083472.500	-1948261.905
4534333.500	-1953090.500	-1953144.718
5531361.000	-2091880.125	-1958027.530
4647652.000	-2539752.250	-1962910.343
5107594.000	-1307312.000	-1967793.155
4639264.000	-2490628.500	-1972675.968
5077810.500	-1568700.375	-1977558.780
5025765.500	-1933296.125	-1982441.593
5685874.000	-1986148.125	-1987324.405
5533850.500	-2450149.250	-1992207.218
5954600.000	-1704665.875	-1997090.030
5104423.500	-1222194.625	-2001972.843
5772675.500	-2785205.000	-2006855.655
5634882.000	-1419963.500	-2011738.468
5313459.000	-769266.938	-2016621.280
4217162.500	-830687.313	-2021504.093
4456735.500	-1342015.625	-2026386.905
5347467.500	-2337279.500	-2031269.718
5872524.000	-1827182.875	-2036152.530
5644359.000	-1500340.875	-2041035.343
5389845.500	-1568682.750	-2045918.155
4973516.500	-1951217.750	-2050800.968
5059365.000	-1465498.375	-2055683.780
6277518.500	-2396078.500	-2060566.593
5064207.500	-2421615.250	-2065449.405
5440675.500	-1384483.375	-2070332.218
5979893.500	-1465550.000	-2075215.030
4839888.500	-1252849.000	-2080097.843
5237181.000	-932537.625	-2084980.655
5990484.500	-1196633.875	-2089863.468
4491089.000	-1343164.500	-2094746.280
5716585.500	-1658704.625	-2099629.093
5373698.500	-2200790.500	-2104511.905
4681971.500	-2000405.125	-2109394.718
5862178.500	-1523414.750	-2114277.530
5218859.000	-962291.375	-2119160.343
5874470.500	-1689603.875	-2124043.155
5656044.000	-1764302.125	-2128925.968
5014779.000	-988213.625	-2133808.780
5420429.500	-1428048.500	-2138691.593
4863374.000	-1199444.250	-2143574.405
5110684.000	-1714809.125	-2148457.218
5758291.500	-995872.938	-2153340.030
5747716.000	-1742177.875	-2158222.843
5633270.500	-1164264.500	-2163105.655
5204070.500	-2123991.000	-2167988.468
5369167.500	-1515661.250	-2172871.280
5519872.500	-1321570.000	-2177754.093
4829841.000	-1580967.625	-2182636.905
4980699.500	-2125443.750	-2187519.718
4758341.000	-1507155.000	-2192402.530
4712860.500	-1444577.750	-2197285.343
4978715.000	-556341.250	-2202168.155
5492738.000	-414125.438	-2207050.968
5173733.500	-676832.188	-2211933.780
5340183.500	-1174462.750	-2216816.593
5477540.000	-1110313.500	-2221699.405
5862920.500	-625854.063	-2226582.218
5754645.500	-1323470.500	-2231465.030
5376285.500	-463020.563	-2236347.843
4738408.000	-1603972.250	-2241230.655
5614917.000	-1092662.000	-2246113.468
5246844.500	-1433265.875	-2250996.280
5572903.500	-1484052.125	-2255879.093
4749062.500	-625409.125	-2260761.905
5131323.500	-813143.000	-2265644.718
5774404.500	-1658346.875	-2270527.530
6133681.000	-1044567.875	-2275410.343
5678917.000	-1197114.000	-2280293.155
5416228.500	-850337.313	-2285175.968
5149706.000	-1578316.875	-2290058.780
4691827.000	-434674.375	-2294941.593
5193177.000	-828591.188	-2299824.405
5414816.000	-1214803.250	-2304707.218
4195537.000	-1038132.125	-2309590.030
5348911.500	-615195.125	-2314472.843
5618198.500	-958268.688	-2319355.655
5261166.000	-862642.375	-2324238.468
5712556.500	-743356.625	-2329121.280
5555506.000	-1139515.500	-2334004.093
5123850.000	-808314.563	-2338886.905
5383692.500	-1357268.625	-2343769.718
5197891.000	-823369.875	-2348652.530
5263349.000	-439494.000	-2353535.343
5354493.000	-351436.938	-2358418.155
5059212.000	-1053471.125	-2363300.968
5640383.500	-886195.750	-2368183.780
5199431.000	-615895.375	-2373066.593
4851896.000	-924015.250	-2377949.405
4529979.000	-754661.125	-2382832.218
5041863.500	-551160.563	-2387715.030
5208165.500	-1142650.500	-2392597.843
5894379.500	-4495.562	-2397480.655
5120056.000	-1105733.500	-2402363.468
5359618.500	-893666.688	-2407246.280
5098664.500	-758077.688	-2412129.093
5158953.000	-528277.625	-2417011.905
5097493.000	-511396.781	-2421894.718
5566369.000	-655733.375	-2426777.530
5403603.000	6248.858	-2431660.343
4901246.000	-736886.313	-2436543.155
4922007.000	-108454.359	-2441425.968
4596282.000	-671004.375	-2446308.780
4905505.500	137636.766	-2451191.593
5104662.000	-461381.313	-2456074.405
4728238.000	-1336049.625	-2460957.218
5087868.000	232531.563	-2465840.030
6125848.500	225457.563	-2470722.843
5003875.000	-508859.844	-2475605.655
5313795.000	-761664.563	-2480488.468
5373715.500	-362803.344	-2485371.280
5176844.000	-189076.328	-2490254.093
5198058.000	192933.500	-2495136.905
