Data Point Listing of File C:\NTNMR\data\Dan\LiFePO4\[100] take 2\Li7 [100] 180deg.tnt
Starting Point:	1	Ending Point:	1024
Real	Imag	ppm
135277.906	-9417.235	8573.143
128031.320	-20972.574	8556.398
128102.883	-17616.586	8539.653
109729.109	-2557.604	8522.909
110980.781	6442.642	8506.164
108822.477	8969.553	8489.419
94789.141	-26615.154	8472.674
109854.102	-14458.651	8455.930
115695.344	-12213.346	8439.185
127788.688	-9311.679	8422.440
106401.570	-14050.698	8405.695
92507.297	-23847.043	8388.951
103038.617	2014.412	8372.206
112141.094	-482.906	8355.461
131092.125	-17270.912	8338.716
134044.359	-3204.974	8321.972
132829.859	-27480.848	8305.227
130651.727	-21444.021	8288.482
140849.859	-19329.850	8271.737
98286.445	-41278.641	8254.993
138231.344	-15135.501	8238.248
87980.305	-15938.205	8221.503
117489.680	-41690.121	8204.758
120496.898	-5934.508	8188.014
119572.430	-10163.540	8171.269
121987.094	22805.061	8154.524
134976.078	4427.873	8137.779
103586.867	9827.361	8121.035
112636.867	-11717.186	8104.290
92610.461	14.026	8087.545
114765.031	28333.385	8070.800
79429.273	7962.010	8054.056
106008.922	-3902.978	8037.311
110777.461	-9310.592	8020.566
102198.555	16376.957	8003.821
116523.469	-18115.439	7987.077
99664.922	-14532.764	7970.332
109842.063	3453.308	7953.587
114653.117	-1287.347	7936.842
112044.547	-5280.714	7920.098
117561.531	9260.652	7903.353
135630.297	-18273.213	7886.608
96556.398	-5184.959	7869.863
138934.609	14008.471	7853.119
135853.094	-19084.242	7836.374
141508.125	18856.508	7819.629
110967.117	-47423.293	7802.884
133529.875	-16644.521	7786.140
122461.234	-5457.578	7769.395
108226.469	-8733.693	7752.650
128127.758	-10523.638	7735.905
123342.961	5876.613	7719.161
112218.016	1133.151	7702.416
118966.297	-29543.049	7685.671
132987.188	-8184.318	7668.926
101166.273	8154.338	7652.182
92745.172	-16830.793	7635.437
107296.547	12695.840	7618.692
102186.617	-1879.173	7601.947
126216.531	14276.977	7585.203
124195.227	-6904.665	7568.458
130086.359	2244.541	7551.713
86371.000	-3196.078	7534.968
97556.406	-10811.150	7518.224
115655.000	-10737.925	7501.479
125680.367	11655.283	7484.734
152124.250	31898.967	7467.989
124171.469	28451.121	7451.245
126309.406	2553.655	7434.500
119654.852	26423.125	7417.755
110779.398	-14866.173	7401.010
143795.734	4204.437	7384.266
110365.219	53209.813	7367.521
109754.977	813.297	7350.776
120587.734	12852.551	7334.031
104309.242	-568.093	7317.287
110111.055	2261.544	7300.542
101069.047	38136.297	7283.797
103971.789	20386.416	7267.052
126602.398	21078.777	7250.308
121705.953	7871.845	7233.563
128991.289	12332.021	7216.818
156744.313	6855.386	7200.073
143611.984	29422.766	7183.329
131343.234	-11780.388	7166.584
147050.578	9551.130	7149.839
157755.703	36873.918	7133.094
88880.016	49878.137	7116.350
124061.273	3828.454	7099.605
120940.063	17621.318	7082.860
116664.445	29521.322	7066.115
119039.547	7652.942	7049.371
93446.266	10843.479	7032.626
103682.219	46084.230	7015.881
106080.938	20853.826	6999.136
109118.758	11832.250	6982.392
123721.922	46602.852	6965.647
131231.406	18054.143	6948.902
140598.641	-180.494	6932.157
114085.078	19564.547	6915.413
125022.234	46726.043	6898.668
103275.250	9318.119	6881.923
98048.203	22808.584	6865.178
122560.344	7975.477	6848.434
138264.078	30894.732	6831.689
143168.859	18042.775	6814.944
125292.023	47945.164	6798.199
132128.344	27178.727	6781.455
81595.820	76934.672	6764.710
121453.195	25054.320	6747.965
97471.438	226.506	6731.220
101987.211	23462.693	6714.476
103554.391	34372.973	6697.731
118928.977	28397.115	6680.986
106447.953	45234.313	6664.241
98190.141	11477.428	6647.497
142991.578	55858.387	6630.752
118504.320	29574.080	6614.007
129705.133	55023.969	6597.262
117360.578	21218.408	6580.518
107366.539	41513.031	6563.773
98473.109	48124.637	6547.028
104944.945	30966.186	6530.283
137742.703	32991.805	6513.539
130782.172	39462.594	6496.794
110470.117	72220.070	6480.049
131702.641	19305.887	6463.304
104821.539	17267.680	6446.560
124507.828	75315.148	6429.815
101309.359	31784.199	6413.070
144703.484	-6549.326	6396.325
145388.234	19236.469	6379.581
124577.641	32519.232	6362.836
97469.469	68665.258	6346.091
101345.758	38540.543	6329.346
114461.320	37440.016	6312.602
153810.266	10083.781	6295.857
133085.500	22413.152	6279.112
127907.313	11193.194	6262.367
136967.094	22341.283	6245.623
109565.539	21265.490	6228.878
166812.594	20057.717	6212.133
115488.883	59988.113	6195.388
117658.680	56588.203	6178.644
103209.000	39200.773	6161.899
143302.078	63167.652	6145.154
110154.461	64682.617	6128.409
101553.617	2222.499	6111.665
115493.477	28373.184	6094.920
149434.063	22212.143	6078.175
105340.867	48702.938	6061.430
147832.844	21857.348	6044.686
113052.523	18350.439	6027.941
80846.117	20478.518	6011.196
103623.023	39835.523	5994.451
119198.609	27003.342	5977.707
138362.984	39546.086	5960.962
117261.695	24104.473	5944.217
149819.875	53535.617	5927.472
124175.688	35491.719	5910.728
140472.172	56155.574	5893.983
148041.266	42223.586	5877.238
131538.188	29590.080	5860.493
113203.883	68181.844	5843.749
92680.586	31303.080	5827.004
103715.414	45118.230	5810.259
93742.328	68744.078	5793.514
108344.805	46831.285	5776.770
105961.672	76094.219	5760.025
103014.172	84844.359	5743.280
86922.500	62298.113	5726.535
99147.289	38877.352	5709.791
117680.039	39193.691	5693.046
108454.680	45954.293	5676.301
123035.813	49137.555	5659.556
143300.078	14741.350	5642.812
96757.453	36572.027	5626.067
127607.523	45716.809	5609.322
129090.914	41368.863	5592.577
104962.305	34895.582	5575.833
79805.875	81730.016	5559.088
100561.883	32649.746	5542.343
96225.133	22265.090	5525.598
108458.992	79765.438	5508.854
115739.594	86709.203	5492.109
134209.969	37969.121	5475.364
122533.031	9735.394	5458.619
112548.742	33662.715	5441.875
115633.039	28085.893	5425.130
96885.602	76133.383	5408.385
130984.711	25535.725	5391.640
107474.266	54067.738	5374.896
117662.375	60453.773	5358.151
132062.594	30699.975	5341.406
96276.336	65400.172	5324.661
108849.211	61116.281	5307.917
129307.953	9655.208	5291.172
84780.297	56286.898	5274.427
114150.797	53602.676	5257.682
89462.711	84702.828	5240.938
125208.523	75272.852	5224.193
114351.805	66186.711	5207.448
126913.813	90407.445	5190.703
131806.141	75948.953	5173.959
86537.328	69880.508	5157.214
163217.266	65702.445	5140.469
153776.641	76493.734	5123.724
98102.648	54108.504	5106.980
109034.930	46669.492	5090.235
104537.063	84938.633	5073.490
127839.648	61464.977	5056.745
100763.875	63249.660	5040.001
131731.344	55637.656	5023.256
125969.336	65636.438	5006.511
117489.781	70383.141	4989.766
117483.516	71575.469	4973.022
117217.602	90922.906	4956.277
131125.688	78814.688	4939.532
94177.227	30615.617	4922.787
95166.617	56686.816	4906.043
115719.953	76588.094	4889.298
123303.945	99836.141	4872.553
123094.555	113736.063	4855.808
135255.000	70153.836	4839.064
161342.000	69516.414	4822.319
127803.289	105121.055	4805.574
123272.688	83406.844	4788.829
83107.391	66009.266	4772.085
118385.000	94013.773	4755.340
131892.219	82503.508	4738.595
120715.313	56234.797	4721.850
116673.891	24559.650	4705.106
143947.609	89415.883	4688.361
117283.492	105119.469	4671.616
117578.578	106118.008	4654.871
115245.078	72392.031	4638.127
94016.750	70635.625	4621.382
143799.453	86643.227	4604.637
110626.188	77702.727	4587.892
136217.969	108878.953	4571.148
144126.922	133485.422	4554.403
122044.570	85695.938	4537.658
92540.758	53967.207	4520.913
126851.680	81606.711	4504.169
137695.500	75045.148	4487.424
131360.813	101581.422	4470.679
105242.477	70040.086	4453.934
110700.898	80009.461	4437.190
95002.453	92070.250	4420.445
108798.273	81321.953	4403.700
122612.531	62466.469	4386.955
129861.352	90338.266	4370.211
122668.641	114074.852	4353.466
123717.242	75910.734	4336.721
103898.758	89271.273	4319.976
143697.813	73308.602	4303.232
138637.266	56308.504	4286.487
110531.289	69028.594	4269.742
116547.805	87697.695	4252.997
108509.719	105534.117	4236.253
116959.586	56205.516	4219.508
89547.742	105844.242	4202.763
126037.148	86247.625	4186.018
112950.984	70425.211	4169.274
92634.742	103510.336	4152.529
95869.047	108088.508	4135.784
113686.461	121421.258	4119.039
143948.750	144292.484	4102.295
109104.500	110319.914	4085.550
123295.727	116605.563	4068.805
139488.094	94052.063	4052.060
143231.594	61689.195	4035.316
127486.383	89465.945	4018.571
125710.805	101108.570	4001.826
110744.930	93184.813	3985.081
116565.461	111416.195	3968.337
128688.117	92258.242	3951.592
114331.047	150732.828	3934.847
122955.625	100591.891	3918.102
106754.047	123473.570	3901.358
130727.992	108878.898	3884.613
114952.523	112514.930	3867.868
121996.797	102185.000	3851.123
104213.977	105430.031	3834.379
105875.227	118010.922	3817.634
144753.953	78462.969	3800.889
99181.117	105576.594	3784.144
110690.984	130157.852	3767.400
120917.484	86843.297	3750.655
140094.000	100574.664	3733.910
153237.703	138927.406	3717.165
145306.906	126059.375	3700.421
114991.172	143878.625	3683.676
115566.078	121548.242	3666.931
110565.203	124623.563	3650.186
109695.078	116481.945	3633.442
99042.836	143905.156	3616.697
115233.469	121722.719	3599.952
120551.719	106969.445	3583.207
139841.719	134206.453	3566.463
117144.797	98864.891	3549.718
129363.344	116054.992	3532.973
133336.344	109793.219	3516.228
122539.148	129152.531	3499.484
117452.516	101026.508	3482.739
143133.141	129018.477	3465.994
104027.406	140163.188	3449.249
128509.992	107573.438	3432.505
128585.164	95789.234	3415.760
104809.781	124952.461	3399.015
131491.156	144189.750	3382.270
106674.781	107867.383	3365.526
121358.492	91266.352	3348.781
114035.000	82118.195	3332.036
141991.813	96067.883	3315.291
128702.984	118378.563	3298.547
125474.211	147718.844	3281.802
79953.031	126714.070	3265.057
121854.266	137041.406	3248.312
93009.523	147549.063	3231.568
164107.453	96934.469	3214.823
95956.063	160644.359	3198.078
117746.477	142371.078	3181.333
160237.672	121585.680	3164.589
58315.348	135249.094	3147.844
144785.375	142788.875	3131.099
98126.711	142029.859	3114.354
96394.156	113113.016	3097.610
141189.531	144295.875	3080.865
120231.414	144126.609	3064.120
130390.266	122927.781	3047.375
144294.531	161313.828	3030.631
94576.594	142609.625	3013.886
89412.922	143172.719	2997.141
124753.406	130022.602	2980.396
154499.953	165528.063	2963.652
130090.023	182725.672	2946.907
111794.469	160073.547	2930.162
120899.328	181428.375	2913.417
90728.961	119319.367	2896.673
144296.469	163528.250	2879.928
117030.258	162267.625	2863.183
113752.836	175534.047	2846.438
142512.828	160797.469	2829.694
136968.484	169288.781	2812.949
106805.883	141764.656	2796.204
111979.680	147917.156	2779.459
130277.648	163081.453	2762.715
166498.094	168007.234	2745.970
135020.656	159704.750	2729.225
101178.711	217242.859	2712.480
130688.813	145018.656	2695.736
127391.844	166388.141	2678.991
153974.141	168281.531	2662.246
141338.031	195675.563	2645.501
109107.633	180060.328	2628.757
137935.797	191483.734	2612.012
120436.633	184863.297	2595.267
87682.250	198877.719	2578.522
91968.844	171563.922	2561.778
114451.375	192356.813	2545.033
107978.266	156809.547	2528.288
124131.828	151658.672	2511.543
123752.586	193233.484	2494.799
137394.031	190924.188	2478.054
135429.109	187177.375	2461.309
107174.789	180539.172	2444.564
104248.617	200841.266	2427.820
129615.914	216755.734	2411.075
129374.898	187123.438	2394.330
116726.594	175427.797	2377.585
158478.172	211873.547	2360.841
112035.766	200631.359	2344.096
126147.609	175298.984	2327.351
144462.875	162634.641	2310.606
121246.516	183965.578	2293.862
88311.828	190556.203	2277.117
98567.148	214812.266	2260.372
104751.891	188648.984	2243.627
123671.008	213843.391	2226.883
117250.797	198151.297	2210.138
121633.742	222948.922	2193.393
136645.000	211174.516	2176.648
104755.859	203988.797	2159.904
106393.672	210146.703	2143.159
107973.891	214525.344	2126.414
110331.227	207718.969	2109.669
113055.625	193350.906	2092.925
86098.930	179640.906	2076.180
117333.086	233377.766	2059.435
82489.055	219653.328	2042.690
124684.078	255569.844	2025.946
136318.219	220366.859	2009.201
106226.016	203320.234	1992.456
150881.141	203113.688	1975.711
135494.563	226943.281	1958.967
123326.438	230272.578	1942.222
103485.320	236741.813	1925.477
108295.930	228933.688	1908.732
87899.508	268444.625	1891.988
112399.172	230601.406	1875.243
116223.758	233388.578	1858.498
106246.367	237366.578	1841.753
127472.313	217805.797	1825.009
98983.156	258499.016	1808.264
138290.063	225784.219	1791.519
117505.289	237174.594	1774.774
127914.320	236435.469	1758.030
109171.047	222217.813	1741.285
103689.961	240277.141	1724.540
69243.172	276362.063	1707.795
137212.938	231654.703	1691.051
107439.375	287859.938	1674.306
124698.523	263063.656	1657.561
103501.508	275813.656	1640.816
111293.406	274397.500	1624.072
101384.539	270306.094	1607.327
96478.805	283398.438	1590.582
100145.164	278285.656	1573.837
133578.250	301261.031	1557.093
127163.789	315518.188	1540.348
98502.969	287816.656	1523.603
109740.938	289219.781	1506.858
86251.273	299693.031	1490.114
102373.742	271059.281	1473.369
102015.469	294492.906	1456.624
106726.313	304066.594	1439.879
96484.578	278795.031	1423.135
112490.609	300229.094	1406.390
129573.125	309537.625	1389.645
123844.469	336492.219	1372.900
136631.875	325748.438	1356.156
137454.906	338985.375	1339.411
103516.828	293293.688	1322.666
90259.563	318201.031	1305.921
132814.734	306326.406	1289.177
131888.813	334788.125	1272.432
104910.195	331327.469	1255.687
124695.039	326009.563	1238.942
121745.555	331822.219	1222.198
116193.648	366880.938	1205.453
141643.547	316365.750	1188.708
129836.859	351109.531	1171.963
128772.664	328611.531	1155.219
103243.070	355215.406	1138.474
129831.953	358400.531	1121.729
118458.195	363702.875	1104.984
143595.000	368947.938	1088.240
142825.688	359330.594	1071.495
98629.945	367618.969	1054.750
127862.188	380981.031	1038.005
118253.734	373206.844	1021.261
121790.172	365550.813	1004.516
114312.844	373889.563	987.771
110611.477	390181.125	971.026
128501.016	418612.313	954.282
116194.867	443898.781	937.537
118886.914	396011.000	920.792
115394.758	424982.531	904.047
143545.109	416988.656	887.303
106103.844	414851.969	870.558
111752.508	424925.531	853.813
111424.125	448447.813	837.068
104407.984	430318.469	820.324
83097.297	458582.313	803.579
100995.977	441194.094	786.834
108099.664	472795.750	770.089
101538.008	461730.094	753.345
100317.641	484877.219	736.600
113663.891	509928.031	719.855
135048.500	515628.625	703.110
97086.719	505302.406	686.366
101175.484	508010.875	669.621
155277.625	528202.438	652.876
105550.438	517709.250	636.131
77982.531	548586.875	619.387
122638.352	546436.188	602.642
125878.852	560317.938	585.897
117335.320	610900.125	569.152
109317.258	573720.063	552.408
114454.875	572459.875	535.663
118254.930	596740.375	518.918
118868.969	615601.313	502.173
124188.727	611771.688	485.429
134987.125	641855.438	468.684
74197.813	654190.813	451.939
105357.984	678675.250	435.194
154518.344	679588.813	418.450
103825.750	712032.875	401.705
81966.297	759235.500	384.960
122382.375	756247.688	368.215
120821.914	774832.813	351.471
125950.602	817036.125	334.726
121086.484	794898.000	317.981
141048.813	802818.625	301.236
114545.750	811711.500	284.492
127042.695	873318.625	267.747
128616.078	884700.500	251.002
114740.930	887451.938	234.257
175571.688	972137.313	217.513
172419.063	972400.563	200.768
207302.078	1003527.813	184.023
183132.281	1058971.875	167.278
215992.797	1060061.750	150.534
209519.719	1091036.750	133.789
225283.906	1153798.000	117.044
259077.984	1182836.500	100.299
299945.438	1194747.625	83.555
307119.719	1247121.500	66.810
366592.344	1290390.750	50.065
383570.594	1325675.875	33.320
429608.031	1351296.875	16.576
457811.281	1380154.875	-0.169
492606.188	1392122.750	-16.914
540987.125	1446904.875	-33.659
625883.875	1491585.500	-50.403
648521.188	1491022.125	-67.148
682555.063	1560968.375	-83.893
741503.188	1607732.250	-100.638
809599.688	1644500.500	-117.382
908072.250	1662755.250	-134.127
997373.563	1759412.500	-150.872
1098013.375	1774648.125	-167.617
1252547.125	1820621.250	-184.361
1369129.750	1815953.000	-201.106
1554862.000	1844625.750	-217.851
1721808.875	1778694.000	-234.596
1898827.500	1675803.500	-251.340
2025567.250	1511892.625	-268.085
2095254.875	1347181.000	-284.830
2153886.250	1205658.625	-301.575
2163736.750	1094722.125	-318.319
2136108.500	994109.313	-335.064
2172212.750	915902.063	-351.809
2209338.750	846901.000	-368.554
2243238.750	803117.688	-385.298
2210046.750	692879.063	-402.043
2247744.500	634816.625	-418.788
2273520.250	547558.313	-435.533
2255177.000	451579.594	-452.277
2276345.250	407339.375	-469.022
2289727.000	362043.313	-485.767
2263600.000	256014.297	-502.512
2282180.000	169296.688	-519.256
2284053.500	47672.234	-536.001
2205965.000	-35647.813	-552.746
2166960.500	-115504.250	-569.491
2138119.500	-177921.141	-586.235
2065747.500	-183729.719	-602.980
2031724.625	-227987.297	-619.725
1990474.250	-250446.625	-636.470
1971405.250	-287639.719	-653.214
1942154.250	-295148.906	-669.959
1935488.500	-321629.188	-686.704
1882426.125	-310945.281	-703.449
1876517.750	-340929.438	-720.193
1908557.375	-366835.063	-736.938
1913075.875	-425647.094	-753.683
1906238.000	-431690.688	-770.428
1923779.125	-502944.219	-787.172
1927403.125	-568224.375	-803.917
1878035.500	-626392.063	-820.662
1851480.500	-650976.938	-837.407
1838235.625	-702637.750	-854.151
1798785.125	-744696.250	-870.896
1783799.625	-760004.125	-887.641
1753356.500	-778634.438	-904.386
1753227.250	-847078.313	-921.130
1722983.125	-883683.875	-937.875
1730538.500	-885549.438	-954.620
1718294.250	-950562.813	-971.365
1668271.125	-1015140.125	-988.109
1629609.625	-1038934.125	-1004.854
1620312.500	-1119198.625	-1021.599
1570640.000	-1142564.000	-1038.344
1488367.875	-1198325.875	-1055.088
1469109.250	-1275078.500	-1071.833
1385140.875	-1299715.250	-1088.578
1316050.750	-1366012.750	-1105.323
1271820.375	-1382629.125	-1122.067
1171610.875	-1414216.750	-1138.812
1115474.125	-1409169.250	-1155.557
1018619.375	-1392702.250	-1172.302
935902.500	-1396718.500	-1189.046
908275.375	-1383159.750	-1205.791
836053.313	-1356156.625	-1222.536
779120.375	-1326557.250	-1239.281
762121.125	-1325942.125	-1256.025
683728.563	-1316325.500	-1272.770
655953.313	-1286255.000	-1289.515
615772.875	-1276816.500	-1306.260
588202.563	-1278106.000	-1323.004
539726.063	-1236196.375	-1339.749
522115.438	-1213856.750	-1356.494
477721.750	-1223415.375	-1373.239
435110.219	-1180725.125	-1389.983
415960.500	-1182426.875	-1406.728
359917.313	-1157204.125	-1423.473
307552.531	-1176141.875	-1440.218
322344.344	-1107858.125	-1456.962
268802.188	-1109857.125	-1473.707
269014.031	-1063136.625	-1490.452
250468.172	-1041368.625	-1507.197
226090.703	-983868.750	-1523.941
200575.531	-978281.750	-1540.686
163139.531	-950029.063	-1557.431
156569.625	-919081.063	-1574.176
169437.484	-925749.688	-1590.920
158858.078	-872796.000	-1607.665
135880.594	-828819.000	-1624.410
129170.117	-807172.688	-1641.155
158889.656	-792408.500	-1657.899
111158.938	-802499.750	-1674.644
131646.656	-744721.000	-1691.389
124477.672	-728948.063	-1708.134
99366.102	-765953.313	-1724.878
123881.328	-688888.813	-1741.623
118551.703	-694134.188	-1758.368
118805.047	-677588.375	-1775.113
104349.000	-656815.563	-1791.857
112337.492	-653821.500	-1808.602
105716.102	-622996.438	-1825.347
111176.961	-621693.000	-1842.092
91343.094	-616947.250	-1858.836
121092.117	-595585.563	-1875.581
81027.195	-599880.563	-1892.326
100865.125	-569414.438	-1909.071
96951.102	-559050.688	-1925.815
129914.203	-560101.375	-1942.560
83352.602	-556334.625	-1959.305
86614.180	-537595.188	-1976.050
92834.086	-523929.031	-1992.794
97787.406	-536917.625	-2009.539
92923.563	-520164.188	-2026.284
102203.563	-476593.656	-2043.029
94514.242	-488391.156	-2059.773
97735.438	-495284.438	-2076.518
105250.664	-501232.188	-2093.263
112546.797	-468869.656	-2110.008
101956.633	-480758.063	-2126.752
122931.359	-450893.625	-2143.497
85190.281	-448612.375	-2160.242
106932.445	-445512.469	-2176.987
105711.547	-425880.813	-2193.731
107351.227	-441381.281	-2210.476
104830.695	-424670.656	-2227.221
108707.617	-461237.875	-2243.966
108110.602	-388381.250	-2260.710
106257.906	-419240.188	-2277.455
101628.000	-409264.094	-2294.200
107889.656	-394366.375	-2310.944
82583.594	-425895.719	-2327.689
119728.500	-390622.688	-2344.434
89684.969	-393727.531	-2361.179
116805.492	-370988.938	-2377.923
108063.375	-383581.000	-2394.668
116440.836	-392377.844	-2411.413
98487.406	-366764.406	-2428.158
98234.094	-364798.969	-2444.902
115226.969	-339678.563	-2461.647
123584.031	-337494.688	-2478.392
119757.742	-379972.375	-2495.137
125642.867	-352745.469	-2511.881
120661.508	-358443.219	-2528.626
110096.844	-309637.531	-2545.371
110575.359	-372340.875	-2562.116
114331.641	-321017.844	-2578.860
121194.797	-328800.594	-2595.605
102073.836	-337031.625	-2612.350
132666.938	-320652.719	-2629.095
97532.727	-315666.000	-2645.839
128033.141	-329677.688	-2662.584
110231.094	-347774.875	-2679.329
113612.297	-333622.656	-2696.074
121626.664	-311279.781	-2712.818
93947.445	-322464.000	-2729.563
118192.797	-310486.344	-2746.308
97895.711	-303404.875	-2763.053
91247.977	-286918.219	-2779.797
120107.164	-286979.938	-2796.542
120778.211	-289794.875	-2813.287
132540.594	-302363.219	-2830.032
105946.281	-303012.406	-2846.776
111178.297	-298173.844	-2863.521
120249.672	-274164.531	-2880.266
123485.141	-303174.219	-2897.011
115878.406	-296995.281	-2913.755
113990.703	-271369.125	-2930.500
109149.000	-263436.750	-2947.245
131383.875	-280242.406	-2963.990
111813.719	-272343.031	-2980.734
91811.242	-276896.781	-2997.479
116097.836	-257159.766	-3014.224
87566.570	-265228.719	-3030.969
125414.195	-245956.328	-3047.713
111307.164	-271964.094	-3064.458
119686.203	-279070.313	-3081.203
135154.609	-236470.594	-3097.948
128510.477	-248488.406	-3114.692
113117.891	-251071.688	-3131.437
98706.352	-263169.969	-3148.182
108291.984	-254210.469	-3164.927
107065.336	-234625.250	-3181.671
101451.758	-242335.438	-3198.416
107725.250	-234977.406	-3215.161
101209.703	-239733.625	-3231.906
123817.797	-244695.125	-3248.650
103476.797	-254857.219	-3265.395
113561.281	-228458.078	-3282.140
134679.391	-209535.125	-3298.885
129202.813	-237441.516	-3315.629
98872.023	-225734.172	-3332.374
106384.430	-215103.844	-3349.119
103192.133	-209397.469	-3365.864
92825.719	-226856.375	-3382.608
96354.359	-220767.797	-3399.353
114025.422	-223471.547	-3416.098
113771.031	-222730.813	-3432.843
90217.125	-235108.313	-3449.587
85564.195	-217170.438	-3466.332
130015.734	-209269.234	-3483.077
130215.148	-204324.922	-3499.822
118328.172	-206449.406	-3516.566
104703.805	-237018.938	-3533.311
135445.016	-230270.719	-3550.056
111171.789	-227645.531	-3566.801
100854.664	-220754.234	-3583.545
115068.141	-196655.438	-3600.290
120259.008	-194255.609	-3617.035
119127.852	-207233.766	-3633.780
112533.828	-209902.672	-3650.524
106772.242	-178637.094	-3667.269
122861.688	-177237.094	-3684.014
104797.758	-187056.016	-3700.759
114300.867	-198079.063	-3717.503
133888.719	-189692.938	-3734.248
129262.688	-206802.219	-3750.993
118763.898	-193635.625	-3767.738
112986.750	-194779.250	-3784.482
106414.688	-204628.313	-3801.227
116232.695	-174198.906	-3817.972
104200.531	-171085.516	-3834.717
109022.063	-191414.016	-3851.461
114714.648	-167741.781	-3868.206
111529.203	-192232.578	-3884.951
103918.750	-161570.609	-3901.696
120809.461	-168696.594	-3918.440
121644.648	-152918.906	-3935.185
117208.609	-173471.500	-3951.930
145215.500	-160830.875	-3968.675
111255.109	-177211.672	-3985.419
116277.172	-179695.047	-4002.164
116472.977	-173720.406	-4018.909
88149.539	-167808.047	-4035.654
114784.445	-164930.156	-4052.398
94939.383	-175878.594	-4069.143
103435.258	-166831.953	-4085.888
127501.086	-178495.578	-4102.633
123826.336	-156182.484	-4119.377
143703.844	-153791.875	-4136.122
105394.586	-169218.375	-4152.867
102432.594	-146319.625	-4169.612
97058.867	-166622.266	-4186.356
117175.414	-173371.016	-4203.101
112081.039	-165727.484	-4219.846
129426.578	-154458.797	-4236.591
118952.570	-156998.406	-4253.335
131475.063	-162983.047	-4270.080
109347.031	-176170.078	-4286.825
104948.398	-157107.734	-4303.570
118335.367	-157276.266	-4320.314
100156.383	-164530.750	-4337.059
129658.406	-143134.391	-4353.804
131518.313	-147614.375	-4370.549
124767.594	-153970.906	-4387.293
111582.500	-137825.328	-4404.038
101727.984	-140720.484	-4420.783
123106.992	-125858.219	-4437.528
101642.000	-141775.781	-4454.272
130242.016	-156678.266	-4471.017
111040.641	-125125.094	-4487.762
119489.328	-143121.453	-4504.507
91770.297	-144553.875	-4521.251
123012.938	-139621.266	-4537.996
97558.602	-135903.641	-4554.741
97983.828	-118869.844	-4571.486
124021.320	-134612.766	-4588.230
117917.273	-149279.766	-4604.975
112070.539	-147993.438	-4621.720
126477.055	-150641.063	-4638.465
107347.805	-135791.813	-4655.209
129037.195	-136105.688	-4671.954
110980.055	-154029.844	-4688.699
125027.188	-124961.305	-4705.444
101031.945	-119366.727	-4722.188
96882.945	-141945.875	-4738.933
106525.383	-140813.531	-4755.678
125558.055	-138630.391	-4772.423
126268.367	-140039.609	-4789.167
107277.492	-124975.453	-4805.912
103346.094	-126843.320	-4822.657
119338.375	-142034.906	-4839.402
125209.102	-149942.516	-4856.146
132174.188	-117419.313	-4872.891
115748.141	-114713.531	-4889.636
115436.367	-142315.141	-4906.381
130480.695	-143627.906	-4923.125
101265.305	-123308.063	-4939.870
113664.734	-130280.102	-4956.615
118583.891	-142416.141	-4973.360
124671.063	-102457.977	-4990.104
116903.836	-100261.844	-5006.849
121177.430	-113161.867	-5023.594
101211.180	-103444.648	-5040.339
105416.484	-116459.711	-5057.083
117529.930	-106281.547	-5073.828
103963.258	-106698.695	-5090.573
127420.625	-111756.586	-5107.318
114108.563	-122867.945	-5124.062
115727.945	-121877.203	-5140.807
117841.445	-119121.461	-5157.552
94009.586	-141006.438	-5174.297
124873.125	-101601.102	-5191.041
103940.969	-111723.656	-5207.786
128544.711	-117421.977	-5224.531
113254.781	-101462.164	-5241.276
132159.594	-95199.633	-5258.020
101520.773	-123567.422	-5274.765
116948.953	-86621.125	-5291.510
112754.727	-89861.242	-5308.255
116709.875	-130211.555	-5324.999
112148.555	-113950.602	-5341.744
133982.703	-107023.891	-5358.489
110911.469	-108292.242	-5375.234
117713.453	-117171.016	-5391.978
120152.125	-94644.789	-5408.723
122651.609	-91986.594	-5425.468
138016.891	-100244.703	-5442.213
127471.727	-108919.859	-5458.957
111767.891	-102456.867	-5475.702
119263.023	-108150.031	-5492.447
118905.406	-107480.500	-5509.192
102981.086	-105177.570	-5525.936
101447.953	-83272.539	-5542.681
105118.727	-87114.969	-5559.426
146195.391	-78984.383	-5576.171
102219.578	-120722.547	-5592.915
98905.578	-108874.141	-5609.660
111975.203	-80351.922	-5626.405
111660.750	-87743.625	-5643.150
91552.969	-121549.453	-5659.894
112501.906	-83787.336	-5676.639
106197.984	-77318.555	-5693.384
118452.281	-92849.234	-5710.129
112753.141	-100320.813	-5726.873
119264.211	-82683.648	-5743.618
98916.305	-89019.766	-5760.363
96483.625	-88147.273	-5777.108
99262.359	-80380.352	-5793.852
116257.570	-83776.391	-5810.597
111989.539	-92479.047	-5827.342
135052.922	-93577.828	-5844.087
112201.906	-81195.828	-5860.831
114084.656	-73733.328	-5877.576
84760.766	-77540.820	-5894.321
123900.766	-100223.359	-5911.066
140158.797	-75482.234	-5927.810
128913.813	-76560.445	-5944.555
129466.977	-84558.773	-5961.300
131877.266	-95710.625	-5978.045
108532.727	-85118.742	-5994.789
93402.398	-83288.781	-6011.534
121280.188	-66123.797	-6028.279
119437.734	-76038.531	-6045.024
116595.242	-87628.406	-6061.768
128099.367	-89547.813	-6078.513
123954.313	-112095.609	-6095.258
106532.977	-64635.621	-6112.003
100527.023	-75084.969	-6128.747
102736.070	-74645.289	-6145.492
119925.266	-62407.605	-6162.237
104990.359	-81487.586	-6178.982
126826.789	-74568.945	-6195.726
103125.875	-71207.836	-6212.471
121016.945	-76507.227	-6229.216
131867.516	-73389.977	-6245.961
119801.563	-68228.063	-6262.705
117767.766	-67450.672	-6279.450
112805.219	-62616.012	-6296.195
118512.492	-71120.406	-6312.940
111638.164	-91356.469	-6329.684
109549.266	-79062.875	-6346.429
141658.172	-82581.273	-6363.174
119070.578	-54165.883	-6379.919
97774.383	-89113.453	-6396.663
124443.258	-93915.258	-6413.408
104711.547	-77095.633	-6430.153
118599.063	-73415.352	-6446.898
131289.953	-69179.539	-6463.642
92995.320	-84382.680	-6480.387
119594.977	-60477.789	-6497.132
122704.172	-65531.613	-6513.877
98365.484	-40115.594	-6530.621
127093.336	-71097.961	-6547.366
99215.055	-63238.484	-6564.111
120933.750	-64487.066	-6580.856
105133.922	-72818.430	-6597.600
105271.203	-57027.461	-6614.345
121078.547	-63349.367	-6631.090
112704.867	-72815.414	-6647.835
116575.289	-61723.273	-6664.579
104616.992	-58656.285	-6681.324
120697.102	-61640.988	-6698.069
115696.383	-66389.414	-6714.814
105965.250	-49846.523	-6731.558
98418.211	-58803.910	-6748.303
102726.578	-62753.617	-6765.048
153665.719	-51531.660	-6781.793
119679.203	-56581.148	-6798.537
120029.523	-58094.930	-6815.282
106388.531	-56756.074	-6832.027
132587.031	-82193.820	-6848.772
141149.469	-57129.836	-6865.516
112008.648	-55733.188	-6882.261
118520.508	-64081.309	-6899.006
115045.625	-66395.078	-6915.751
114497.953	-47750.297	-6932.495
125747.102	-73879.117	-6949.240
113840.383	-30072.754	-6965.985
137883.672	-53875.074	-6982.730
123910.367	-30548.447	-6999.474
131647.516	-55106.641	-7016.219
116361.867	-49637.477	-7032.964
137318.438	-36824.551	-7049.709
125669.813	-41413.668	-7066.453
134980.266	-47936.063	-7083.198
124416.883	-33901.949	-7099.943
116862.594	-47638.051	-7116.688
121949.969	-39489.102	-7133.432
97092.102	-16574.484	-7150.177
111135.320	-49822.684	-7166.922
108797.727	-74877.000	-7183.667
119527.977	-56422.063	-7200.411
98110.945	-80907.742	-7217.156
111799.938	-44271.250	-7233.901
119442.758	-31483.850	-7250.646
119986.648	-41030.137	-7267.390
130794.930	-56037.426	-7284.135
112264.906	-53404.977	-7300.880
144906.469	-33653.113	-7317.625
138369.625	-45031.230	-7334.369
95371.914	-23191.064	-7351.114
114181.664	-32095.084	-7367.859
87427.422	-36564.785	-7384.604
95721.055	-46203.594	-7401.348
93622.977	-41958.215	-7418.093
123642.727	-31274.336	-7434.838
93481.703	-56142.348	-7451.583
118208.609	-54340.762	-7468.327
109628.008	-32346.576	-7485.072
120629.047	-42253.301	-7501.817
117781.227	-41251.672	-7518.562
127891.219	-47162.414	-7535.306
127480.109	-37463.063	-7552.051
110517.422	-15059.149	-7568.796
126063.109	-51152.832	-7585.541
112361.695	-40720.797	-7602.285
122466.516	-55865.238	-7619.030
98030.828	-36597.547	-7635.775
126749.539	-33094.102	-7652.520
101229.039	-42075.945	-7669.264
109974.211	-48440.020	-7686.009
124856.836	-44746.707	-7702.754
103519.094	-41746.820	-7719.499
113691.242	-53155.434	-7736.243
119363.438	-45645.840	-7752.988
120239.117	-31501.295	-7769.733
115273.813	-28216.410	-7786.478
109280.578	-41283.133	-7803.222
116134.977	-50469.453	-7819.967
120334.703	-44887.352	-7836.712
125009.188	-64522.617	-7853.457
102566.023	-38245.176	-7870.201
121657.086	-25759.395	-7886.946
108334.391	-36412.297	-7903.691
132283.969	-18941.641	-7920.436
119030.617	-18959.602	-7937.180
94485.492	-36652.672	-7953.925
123220.016	-24377.953	-7970.670
141883.266	-34272.824	-7987.415
132986.578	-13398.669	-8004.159
140532.484	-35760.156	-8020.904
104261.180	-21662.260	-8037.649
96578.461	-28311.887	-8054.394
96198.125	-10747.621	-8071.138
124616.852	-44965.719	-8087.883
131056.547	-12412.089	-8104.628
103332.086	-37796.906	-8121.373
120907.383	-18925.564	-8138.117
133948.469	-30370.820	-8154.862
117249.297	-10822.430	-8171.607
135065.578	-3924.346	-8188.352
119582.477	-38226.125	-8205.096
117410.063	102.886	-8221.841
117962.172	-29501.400	-8238.586
116505.594	-30646.811	-8255.331
101732.164	-49427.816	-8272.075
110882.000	-42242.719	-8288.820
104475.016	-41918.473	-8305.565
118752.945	-30814.736	-8322.310
132378.406	-2076.442	-8339.054
113263.695	-7174.053	-8355.799
111963.602	-32577.020	-8372.544
133669.703	-3888.227	-8389.289
90862.617	-23790.633	-8406.033
107221.789	-30944.064	-8422.778
100202.203	3888.010	-8439.523
134763.938	-25510.260	-8456.268
95519.203	-27838.531	-8473.012
119009.977	-17204.539	-8489.757
87379.922	-8206.813	-8506.502
118598.375	-24946.840	-8523.247
107084.133	-32291.795	-8539.991
99163.422	-25503.771	-8556.736
