Data Point Listing of File C:\NTNMR\data\Dan\LiFe.75Mn.25PO4\[010]\Li7 [010] 0deg.tnt
Starting Point:	1	Ending Point:	1024
Real	Imag	ppm
8162.268	31277.461	8573.143
57795.652	15298.448	8556.398
41154.742	30196.742	8539.653
69644.195	324.016	8522.909
77904.742	1228.012	8506.164
27025.164	7225.063	8489.419
74560.531	-3129.941	8472.674
124756.727	-2756.528	8455.930
96428.367	-5004.741	8439.185
58316.387	-8304.024	8422.440
97349.625	-17932.920	8405.695
107195.125	28945.434	8388.951
87495.633	-9631.707	8372.206
79677.789	36849.082	8355.461
7148.306	-3568.670	8338.716
26059.801	-9458.476	8321.972
43033.180	3263.327	8305.227
61261.500	42310.332	8288.482
53059.844	65306.090	8271.737
82123.430	-9844.497	8254.993
47990.848	76025.961	8238.248
74150.227	14023.051	8221.503
59171.625	-18215.688	8204.758
62900.742	-29221.039	8188.014
61591.848	-2291.212	8171.269
-27138.219	-23045.617	8154.524
70190.477	-5750.483	8137.779
54976.055	-64955.059	8121.035
45546.938	3653.913	8104.290
29997.238	-40562.145	8087.545
60183.441	-32597.035	8070.800
54256.691	24779.662	8054.056
139647.031	5446.465	8037.311
7324.231	35388.453	8020.566
72319.500	37502.527	8003.821
41657.738	-45534.168	7987.077
63497.594	30823.898	7970.332
67393.852	29345.887	7953.587
82520.242	38953.727	7936.842
111882.086	21829.740	7920.098
69090.320	43804.023	7903.353
56169.566	-19183.770	7886.608
66052.461	14585.756	7869.863
43668.563	30844.350	7853.119
76189.078	-13353.185	7836.374
114866.953	49634.344	7819.629
30295.723	36099.203	7802.884
2758.916	-19680.523	7786.140
21092.176	31716.352	7769.395
77118.070	-4019.770	7752.650
69274.070	63543.527	7735.905
91424.438	58257.098	7719.161
60693.957	14995.167	7702.416
1978.720	13986.771	7685.671
78148.539	14829.989	7668.926
118807.422	28669.594	7652.182
72548.523	34147.980	7635.437
62955.125	31627.861	7618.692
23332.967	3547.697	7601.947
-1610.843	-46886.941	7585.203
26043.182	55792.199	7568.458
74904.617	32957.738	7551.713
53857.410	21413.188	7534.968
81690.297	35273.766	7518.224
78697.188	43573.164	7501.479
93254.141	45731.926	7484.734
71576.961	6629.311	7467.989
27946.582	35019.242	7451.245
41903.672	-1271.638	7434.500
52496.324	-31310.117	7417.755
43762.844	38327.258	7401.010
108402.992	17632.549	7384.266
94823.938	52345.473	7367.521
7153.070	47623.684	7350.776
90240.547	16181.762	7334.031
74329.313	-11659.276	7317.287
54743.941	-27039.891	7300.542
51840.434	-27069.266	7283.797
83869.758	46417.219	7267.052
39751.004	36713.445	7250.308
45383.535	21067.145	7233.563
75064.188	-40156.453	7216.818
48988.832	44657.020	7200.073
-7264.181	-30381.008	7183.329
114972.750	59202.969	7166.584
83189.195	48415.691	7149.839
10808.101	12547.619	7133.094
51729.703	42670.809	7116.350
75520.422	49420.004	7099.605
48526.906	-42608.852	7082.860
101115.453	56718.008	7066.115
85574.188	87432.414	7049.371
88288.938	5560.339	7032.626
83055.727	43796.031	7015.881
24833.061	8449.939	6999.136
-42247.559	31815.748	6982.392
14632.072	-4485.352	6965.647
6214.641	-13274.227	6948.902
17988.338	10000.983	6932.157
89822.797	-9800.305	6915.413
42251.094	12601.573	6898.668
-2304.538	9994.313	6881.923
89142.727	132464.266	6865.178
21595.783	14595.063	6848.434
14251.824	-52511.555	6831.689
32238.904	44632.695	6814.944
99011.398	74449.031	6798.199
29667.670	64327.887	6781.455
117473.531	43675.031	6764.710
53813.664	49121.762	6747.965
79459.609	-18410.615	6731.220
82929.047	60186.031	6714.476
132090.297	-2710.346	6697.731
104316.852	38915.000	6680.986
29069.109	12484.984	6664.241
7390.941	88865.188	6647.497
110015.828	33232.305	6630.752
57918.563	-6174.845	6614.007
33168.477	25035.670	6597.262
84619.781	30676.281	6580.518
76841.625	42752.715	6563.773
53068.816	-5474.574	6547.028
68693.281	85948.125	6530.283
1058.688	43364.063	6513.539
81909.281	11862.558	6496.794
46904.621	38998.176	6480.049
42207.883	-49.416	6463.304
73947.781	10191.559	6446.560
35875.340	-1313.954	6429.815
116689.711	9666.029	6413.070
11785.551	-31130.205	6396.325
29113.801	65877.398	6379.581
110005.555	34507.000	6362.836
31526.809	-23034.191	6346.091
97946.797	3332.599	6329.346
62659.156	-12479.910	6312.602
85133.969	40568.438	6295.857
45336.582	-15662.402	6279.112
73279.453	77626.555	6262.367
46936.535	77720.172	6245.623
114902.039	-11751.947	6228.878
50037.793	40192.781	6212.133
-14977.103	29948.396	6195.388
47895.578	92099.055	6178.644
55437.617	-39628.871	6161.899
58848.398	48996.586	6145.154
-21037.734	22217.680	6128.409
41049.371	13945.870	6111.665
66878.680	-9770.224	6094.920
98980.148	47412.395	6078.175
68559.148	111689.547	6061.430
40110.328	112384.453	6044.686
61694.035	41511.508	6027.941
44397.586	-59032.207	6011.196
14515.527	9560.549	5994.451
44742.156	78553.617	5977.707
70308.891	29338.973	5960.962
3603.535	-16828.203	5944.217
139997.453	43896.914	5927.472
78187.641	4761.059	5910.728
89.695	70985.648	5893.983
30494.422	66399.266	5877.238
26427.482	21765.400	5860.493
26435.799	21592.814	5843.749
73006.008	43155.813	5827.004
-19914.252	51423.332	5810.259
134218.859	24009.221	5793.514
96960.195	6420.802	5776.770
31633.873	87294.281	5760.025
48151.516	26071.746	5743.280
46817.070	77916.852	5726.535
36634.738	6680.388	5709.791
105002.344	12352.854	5693.046
36472.145	-18219.555	5676.301
90414.023	53145.773	5659.556
5824.968	-33121.395	5642.812
101335.195	98776.188	5626.067
38811.410	65173.500	5609.322
-20468.750	112411.984	5592.577
91181.578	57943.227	5575.833
69675.047	27958.721	5559.088
41880.520	24619.824	5542.343
-25997.691	81599.992	5525.598
20951.090	40438.215	5508.854
5300.848	44210.863	5492.109
107792.602	93993.555	5475.364
80369.586	55160.625	5458.619
62504.391	20609.650	5441.875
45512.602	51204.250	5425.130
10700.160	149172.578	5408.385
70557.133	54236.773	5391.640
50509.676	111756.391	5374.896
61868.441	9359.306	5358.151
81169.617	28588.953	5341.406
51119.168	14663.657	5324.661
81423.461	50690.348	5307.917
112819.281	68391.117	5291.172
-11385.109	90787.102	5274.427
65888.852	29793.037	5257.682
108619.273	54463.711	5240.938
142500.547	110670.852	5224.193
72106.617	59816.129	5207.448
53869.813	53663.508	5190.703
28479.457	44600.551	5173.959
62058.715	37687.953	5157.214
61028.891	8585.351	5140.469
112532.297	67765.336	5123.724
74471.305	42197.508	5106.980
87987.266	31811.656	5090.235
27422.170	50576.566	5073.490
48229.121	29334.795	5056.745
76087.500	126838.820	5040.001
33482.809	-6533.262	5023.256
30999.646	39969.672	5006.511
97051.289	-37553.082	4989.766
122511.141	13359.525	4973.022
110447.492	44313.465	4956.277
44274.320	24645.504	4939.532
67745.656	33903.328	4922.787
3643.372	102242.453	4906.043
-3960.459	116221.484	4889.298
85371.641	38141.383	4872.553
32561.520	-23821.383	4855.808
43844.680	-14181.058	4839.064
63570.523	86468.727	4822.319
115561.758	73859.555	4805.574
74733.148	69077.063	4788.829
17626.926	55327.961	4772.085
45160.063	22892.910	4755.340
65394.152	23248.129	4738.595
108138.352	115954.641	4721.850
42454.324	8210.076	4705.106
65487.211	75617.680	4688.361
17813.303	-22494.740	4671.616
66317.500	76029.852	4654.871
5233.226	86357.570	4638.127
128064.766	20084.619	4621.382
107304.906	116915.547	4604.637
108321.898	86465.383	4587.892
39502.852	91314.023	4571.148
58728.262	37972.645	4554.403
12321.020	61300.004	4537.658
20984.641	81881.234	4520.913
80120.000	95336.367	4504.169
42813.535	45130.598	4487.424
24794.607	71656.930	4470.679
38381.164	56623.297	4453.934
28136.020	40666.418	4437.190
79206.789	38292.352	4420.445
-45507.473	80771.008	4403.700
115345.000	143234.234	4386.955
33826.773	39737.027	4370.211
55961.469	104246.211	4353.466
102035.680	-5582.549	4336.721
95981.797	100933.414	4319.976
66563.531	85482.836	4303.232
-4082.495	62273.520	4286.487
152249.563	114997.430	4269.742
58020.766	95061.398	4252.997
93987.164	46440.223	4236.253
85246.969	63556.551	4219.508
7719.429	75975.992	4202.763
123112.453	92197.047	4186.018
-29781.939	-17038.654	4169.274
12030.112	-7646.364	4152.529
89688.609	8256.925	4135.784
36861.910	119099.234	4119.039
13116.950	135704.609	4102.295
133087.047	15542.003	4085.550
-6353.890	88130.227	4068.805
102103.367	122599.172	4052.060
-30769.186	140421.016	4035.316
52419.285	143924.156	4018.571
41114.129	31108.049	4001.826
32201.230	83226.961	3985.081
52881.035	32161.268	3968.337
111265.313	-14098.304	3951.592
45963.879	107580.227	3934.847
34716.238	125836.742	3918.102
53999.379	52193.793	3901.358
22664.010	104981.750	3884.613
36245.676	47555.441	3867.868
38489.605	120492.734	3851.123
36480.207	107956.211	3834.379
123656.148	101097.742	3817.634
31026.104	138193.031	3800.889
-25572.914	142834.484	3784.144
60927.555	115937.898	3767.400
85147.000	123726.977	3750.655
102880.234	92529.625	3733.910
39786.777	91391.789	3717.165
10885.332	83272.953	3700.421
52711.016	52705.957	3683.676
56097.539	117677.914	3666.931
104572.172	91119.414	3650.186
45147.262	121072.445	3633.442
97201.820	114068.195	3616.697
86527.930	125360.688	3599.952
27095.604	18940.770	3583.207
18961.607	53647.523	3566.463
22954.324	36760.059	3549.718
88800.414	134193.641	3532.973
69489.180	98731.883	3516.228
-22621.557	85369.508	3499.484
9066.896	100017.438	3482.739
-16963.361	57311.980	3465.994
51010.281	69867.914	3449.249
65127.941	99486.313	3432.505
98618.609	75714.359	3415.760
67391.109	117419.258	3399.015
4370.078	94872.602	3382.270
25904.500	144361.609	3365.526
42030.504	140131.375	3348.781
79382.281	101655.477	3332.036
14739.878	124986.984	3315.291
115575.102	129916.914	3298.547
137504.313	57644.852	3281.802
69462.938	152152.484	3265.057
8991.433	101415.992	3248.312
141141.078	153252.109	3231.568
51010.801	140867.031	3214.823
61400.305	77379.570	3198.078
77342.859	179888.063	3181.333
39986.168	77746.672	3164.589
70945.914	125762.438	3147.844
52150.121	72452.570	3131.099
-18380.430	169795.891	3114.354
71667.016	23630.783	3097.610
84295.086	135853.719	3080.865
90407.070	139939.781	3064.120
46900.953	145999.031	3047.375
120495.414	65463.270	3030.631
65599.859	147947.875	3013.886
27174.770	141487.188	2997.141
5195.520	133181.109	2980.396
70030.391	179145.266	2963.652
93494.125	150353.766	2946.907
26488.166	154887.109	2930.162
76923.625	182803.438	2913.417
16393.422	218166.031	2896.673
10502.585	137674.141	2879.928
-4486.568	141661.234	2863.183
15181.508	72557.094	2846.438
5999.346	127295.305	2829.694
46939.395	198564.813	2812.949
33632.703	104209.117	2796.204
52952.602	196521.984	2779.459
42728.402	114770.203	2762.715
101894.852	103510.211	2745.970
106947.242	109619.000	2729.225
81686.422	167027.625	2712.480
87818.789	149051.438	2695.736
33971.520	116480.188	2678.991
69589.992	141850.297	2662.246
96607.367	155878.922	2645.501
101674.531	180070.813	2628.757
57848.293	195971.016	2612.012
53457.945	194621.047	2595.267
44948.375	110601.586	2578.522
48484.109	156854.203	2561.778
26671.184	174317.000	2545.033
31108.057	138642.656	2528.288
92930.008	128360.109	2511.543
27821.697	126698.539	2494.799
4700.978	159525.469	2478.054
62185.352	165374.703	2461.309
8699.139	149584.313	2444.564
43053.512	166685.203	2427.820
451.374	142187.016	2411.075
123404.023	175175.156	2394.330
106506.445	192043.859	2377.585
57608.949	213138.344	2360.841
59772.305	232969.375	2344.096
86979.188	209243.422	2327.351
22922.100	165221.375	2310.606
26203.092	154838.750	2293.862
156839.266	206177.094	2277.117
64585.039	206059.703	2260.372
23485.611	171143.828	2243.627
46113.188	180394.859	2226.883
91473.438	192871.609	2210.138
6130.998	247679.078	2193.393
27349.951	198041.516	2176.648
10297.574	214966.563	2159.904
25724.939	332214.313	2143.159
8865.281	234909.219	2126.414
82078.883	223591.156	2109.669
93340.203	284650.125	2092.925
-9630.303	205774.672	2076.180
118941.336	253905.172	2059.435
90015.594	265301.781	2042.690
123988.195	265911.844	2025.946
68049.883	306599.563	2009.201
93228.547	274912.563	1992.456
-4927.402	262528.688	1975.711
140419.578	285624.938	1958.967
38535.129	368308.438	1942.222
77234.078	258485.453	1925.477
22229.158	262095.172	1908.732
17256.334	314419.844	1891.988
28691.982	260639.625	1875.243
78251.852	338931.094	1858.498
69820.758	347320.125	1841.753
151438.234	291869.563	1825.009
90437.430	315823.000	1808.264
101214.781	367922.156	1791.519
120571.594	268620.844	1774.774
107142.234	330554.938	1758.030
40342.098	377249.813	1741.285
108842.352	324121.688	1724.540
56630.414	390213.313	1707.795
71155.664	367173.469	1691.051
77684.711	389137.344	1674.306
29178.881	373284.500	1657.561
46525.430	427777.906	1640.816
69942.352	454735.188	1624.072
121136.898	404684.313	1607.327
98946.984	419333.375	1590.582
92915.523	454202.906	1573.837
75402.047	492607.438	1557.093
118784.477	421147.281	1540.348
127966.023	444953.875	1523.603
69592.281	520296.844	1506.858
88853.414	570633.438	1490.114
98695.523	535519.750	1473.369
131611.313	566864.250	1456.624
106793.484	666345.250	1439.879
184475.188	565581.688	1423.135
196878.203	590225.750	1406.390
245164.156	626825.313	1389.645
196068.453	647141.813	1372.900
180348.453	640165.500	1356.156
217743.094	684919.750	1339.411
308842.938	679014.000	1322.666
299485.969	695733.875	1305.921
319232.906	789058.313	1289.177
426242.063	764575.563	1272.432
359929.844	712859.500	1255.687
406964.688	807929.750	1238.942
479096.281	797964.750	1222.198
500482.875	744301.938	1205.453
577664.438	771300.250	1188.708
617533.688	785027.938	1171.963
748365.688	804418.313	1155.219
787371.063	852735.313	1138.474
813236.625	810879.375	1121.729
815236.438	765545.313	1104.984
895302.500	797628.188	1088.240
969662.313	762437.438	1071.495
962812.000	764755.688	1054.750
1091749.500	635409.313	1038.005
1089337.750	652278.625	1021.261
1210661.250	520459.781	1004.516
1101369.750	452025.406	987.771
1224450.500	414590.469	971.026
1246275.375	359715.281	954.282
1276676.875	446345.250	937.537
1196579.000	262727.094	920.792
1244933.500	253253.578	904.047
1274175.875	194715.203	887.303
1265894.625	121484.609	870.558
1247206.250	138663.688	853.813
1303207.625	16143.888	837.068
1256027.875	4897.688	820.324
1192071.625	-37860.531	803.579
1300602.000	-101978.672	786.834
1319122.125	-131416.406	770.089
1258452.500	-112257.781	753.345
1191422.000	-251553.781	736.600
1214454.750	-273924.906	719.855
1250622.250	-304294.781	703.110
1200085.625	-317262.281	686.366
1255534.625	-423257.469	669.621
1149224.750	-526635.813	652.876
1143031.125	-556150.250	636.131
1106695.750	-592768.125	619.387
992840.063	-670265.500	602.642
1016589.688	-668428.375	585.897
960338.750	-721492.250	569.152
856051.625	-737897.938	552.408
782193.313	-733094.563	535.663
772898.813	-755960.750	518.918
694085.625	-682670.938	502.173
632459.000	-730655.938	485.429
640861.813	-735179.688	468.684
601890.000	-714599.375	451.939
568021.875	-743420.625	435.194
477468.094	-733617.688	418.450
447678.406	-678755.125	401.705
412910.250	-646243.500	384.960
421130.063	-644835.313	368.215
424340.531	-642706.875	351.471
398579.969	-633626.188	334.726
388113.781	-621340.250	317.981
318468.750	-603391.938	301.236
334823.531	-632231.688	284.492
315668.875	-639131.250	267.747
310348.094	-622476.000	251.002
299090.219	-655890.063	234.257
316792.438	-605855.125	217.513
280936.438	-606299.688	200.768
193291.656	-555732.438	184.023
273855.750	-638354.375	167.278
271558.781	-542907.438	150.534
152193.219	-546415.188	133.789
158300.000	-552822.625	117.044
120635.906	-498821.688	100.299
163320.578	-513710.531	83.555
180936.359	-484232.406	66.810
42133.840	-465838.625	50.065
94218.266	-518831.188	33.320
175129.703	-456299.688	16.576
115735.820	-416805.031	-0.169
90577.938	-465483.313	-16.914
50384.938	-390939.406	-33.659
131840.875	-420035.375	-50.403
69544.617	-439162.125	-67.148
69189.094	-418229.875	-83.893
51010.555	-362566.156	-100.638
46687.590	-357879.625	-117.382
47306.863	-355605.094	-134.127
51536.168	-398831.313	-150.872
53786.766	-383980.688	-167.617
80936.055	-283762.688	-184.361
34546.598	-397245.656	-201.106
68878.695	-313779.875	-217.851
58496.387	-359754.438	-234.596
89718.578	-295979.156	-251.340
42789.934	-362867.438	-268.085
37540.602	-269858.500	-284.830
-10685.882	-287328.000	-301.575
48987.594	-315964.031	-318.319
30361.115	-240165.766	-335.064
-3607.203	-267336.219	-351.809
33211.629	-346309.594	-368.554
50491.023	-326302.844	-385.298
63353.055	-257142.844	-402.043
50921.641	-274734.750	-418.788
67297.961	-261369.922	-435.533
22129.346	-241776.578	-452.277
47754.184	-190187.328	-469.022
42982.410	-220658.406	-485.767
28548.221	-199668.266	-502.512
68292.695	-226514.547	-519.256
9782.801	-263000.250	-536.001
83203.828	-241325.859	-552.746
26242.504	-239897.234	-569.491
50780.109	-287146.688	-586.235
-1834.115	-174635.469	-602.980
59588.488	-184720.703	-619.725
104685.992	-252426.516	-636.470
65065.488	-207052.094	-653.214
93326.625	-167927.938	-669.959
47737.730	-183852.297	-686.704
43826.820	-186310.156	-703.449
-33030.227	-165870.500	-720.193
41427.027	-181770.031	-736.938
38435.625	-229429.609	-753.683
18530.125	-184923.922	-770.428
39084.141	-174425.453	-787.172
46880.539	-151033.328	-803.917
72707.750	-208885.484	-820.662
10348.375	-173384.844	-837.407
48544.566	-216507.766	-854.151
140329.969	-155725.813	-870.896
57891.895	-188567.484	-887.641
63144.641	-150354.141	-904.386
43073.645	-135290.313	-921.130
97713.992	-151992.813	-937.875
71004.469	-180768.172	-954.620
50758.500	-158617.078	-971.365
87593.164	-101898.195	-988.109
53664.738	-131755.484	-1004.854
48089.457	-238645.109	-1021.599
50005.359	-162209.000	-1038.344
90616.875	-149287.453	-1055.088
54182.191	-145238.438	-1071.833
55634.832	-168038.719	-1088.578
64509.473	-163062.063	-1105.323
30902.619	-137013.703	-1122.067
66656.016	-197959.234	-1138.812
62864.172	-182697.984	-1155.557
61450.820	-162785.875	-1172.302
44128.699	-138574.469	-1189.046
28079.199	-173542.109	-1205.791
48585.977	-104681.008	-1222.536
9477.358	-145533.172	-1239.281
57269.035	-125213.461	-1256.025
79663.813	-130598.289	-1272.770
86631.453	-99701.430	-1289.515
102978.758	-60968.332	-1306.260
68218.352	-181682.359	-1323.004
11137.354	-163568.609	-1339.749
84831.133	-82393.844	-1356.494
90063.688	-125068.266	-1373.239
46981.805	-148948.094	-1389.983
34014.301	-90470.953	-1406.728
76271.422	-115440.367	-1423.473
39667.715	-112935.758	-1440.218
30213.055	-120790.836	-1456.962
43901.414	-105224.813	-1473.707
105847.938	-148619.750	-1490.452
43947.414	-94919.328	-1507.197
41485.262	-86970.516	-1523.941
100628.414	-113603.680	-1540.686
64366.980	-92356.539	-1557.431
114353.734	-80215.742	-1574.176
79433.758	-74925.125	-1590.920
18632.545	-153487.156	-1607.665
104117.531	-123583.680	-1624.410
21946.936	-93386.016	-1641.155
39447.020	-122929.445	-1657.899
144499.328	-104121.742	-1674.644
55911.020	-127618.430	-1691.389
87599.047	-121715.500	-1708.134
89004.602	-50908.711	-1724.878
12623.244	-112337.617	-1741.623
87486.242	-125447.945	-1758.368
-3897.786	-101148.328	-1775.113
88824.727	-84177.273	-1791.857
49506.855	-75971.898	-1808.602
34063.586	-47998.293	-1825.347
70841.266	-123635.133	-1842.092
101789.672	-116912.875	-1858.836
40609.594	-123348.539	-1875.581
55663.605	-125839.758	-1892.326
69141.570	-90767.219	-1909.071
17532.646	-74334.648	-1925.815
79047.977	-109845.383	-1942.560
38680.281	-70140.203	-1959.305
42225.160	-78228.117	-1976.050
96227.742	-131060.148	-1992.794
46981.270	-131933.063	-2009.539
100077.828	-102155.602	-2026.284
71917.805	-108582.000	-2043.029
-19020.277	-78247.219	-2059.773
68115.578	-96335.727	-2076.518
53436.637	-49979.664	-2093.263
69735.570	-90782.328	-2110.008
35751.547	-89006.375	-2126.752
72026.602	-64155.672	-2143.497
67830.000	-94949.359	-2160.242
29091.043	-77564.789	-2176.987
42054.336	-73505.797	-2193.731
85374.938	-46737.031	-2210.476
67745.203	-54196.238	-2227.221
58610.219	-100422.000	-2243.966
91953.391	-97104.586	-2260.710
73830.500	-109793.766	-2277.455
40896.234	-57239.059	-2294.200
27455.957	-48978.195	-2310.944
46336.703	-64161.719	-2327.689
90482.352	-104385.734	-2344.434
58045.379	-39909.273	-2361.179
35108.082	-78217.492	-2377.923
89373.688	-57290.746	-2394.668
50894.066	-117853.711	-2411.413
62982.953	-83396.930	-2428.158
65060.109	-100246.094	-2444.902
83456.609	-72141.633	-2461.647
67790.281	-114766.172	-2478.392
73973.664	-86165.570	-2495.137
10787.988	-147690.313	-2511.881
26905.541	-107978.891	-2528.626
78677.305	-92556.086	-2545.371
137674.453	-39646.262	-2562.116
33777.793	-56537.621	-2578.860
59925.035	-67946.953	-2595.605
39810.340	-38956.020	-2612.350
188.297	-49265.879	-2629.095
102803.844	-96170.672	-2645.839
49846.637	-66052.625	-2662.584
84794.422	-116976.656	-2679.329
62498.625	-59808.340	-2696.074
85727.445	-93686.867	-2712.818
49033.414	-43886.227	-2729.563
55290.938	-88162.727	-2746.308
45862.793	-80342.766	-2763.053
28765.234	-138360.031	-2779.797
76234.000	-78921.000	-2796.542
52115.383	-89826.789	-2813.287
63694.848	-115022.352	-2830.032
79192.008	-38896.652	-2846.776
40381.770	-72745.859	-2863.521
47282.699	-61383.359	-2880.266
73915.102	-61669.051	-2897.011
-12295.642	-62935.086	-2913.755
50559.852	-73784.430	-2930.500
39184.039	-66764.023	-2947.245
63633.316	-76941.852	-2963.990
66884.422	-133500.609	-2980.734
37380.336	-51460.441	-2997.479
28870.830	-60431.551	-3014.224
93540.281	-112275.352	-3030.969
87792.969	-27889.113	-3047.713
54942.836	-114313.539	-3064.458
59448.371	-26505.789	-3081.203
43499.375	-84465.938	-3097.948
58712.789	-96084.523	-3114.692
106734.734	-61944.742	-3131.437
76625.078	-95375.375	-3148.182
75549.672	-50687.762	-3164.927
53926.238	-40156.336	-3181.671
34688.234	-69312.195	-3198.416
59887.895	-40522.598	-3215.161
86113.102	-52829.727	-3231.906
46204.418	-54698.133	-3248.650
95825.914	-50677.098	-3265.395
76422.328	-54999.051	-3282.140
64246.313	-47665.957	-3298.885
67095.828	-60798.715	-3315.629
72887.336	-64612.148	-3332.374
41052.172	-9546.423	-3349.119
-8170.508	-102788.867	-3365.864
54835.395	-61315.180	-3382.608
50689.082	-87933.305	-3399.353
16460.203	-74286.484	-3416.098
74631.172	-57467.313	-3432.843
45212.840	-61066.457	-3449.587
47942.465	-49483.297	-3466.332
27031.086	-38143.949	-3483.077
82209.781	-50125.090	-3499.822
81438.016	-42566.578	-3516.566
99039.656	-48246.301	-3533.311
80007.195	-18941.109	-3550.056
16328.130	-47358.699	-3566.801
80868.211	-38015.133	-3583.545
59009.246	-53020.660	-3600.290
74139.477	-27216.631	-3617.035
38965.465	-17394.135	-3633.780
63089.832	-81566.117	-3650.524
94153.727	-81642.641	-3667.269
61268.664	-67809.234	-3684.014
94892.070	-77195.680	-3700.759
60985.480	-11283.018	-3717.503
36934.758	-52382.484	-3734.248
45797.613	-88043.930	-3750.993
73318.172	-72345.500	-3767.738
54191.688	-44429.215	-3784.482
53494.668	-18738.695	-3801.227
60002.234	-41765.891	-3817.972
58278.102	-65586.234	-3834.717
41874.207	-34156.184	-3851.461
60745.055	-1781.114	-3868.206
76196.547	-48867.523	-3884.951
49970.832	-82412.086	-3901.696
89368.398	-33089.891	-3918.440
59719.574	-65834.305	-3935.185
59612.297	-59602.086	-3951.930
75112.945	-80786.836	-3968.675
37790.469	-20990.305	-3985.419
56834.703	-20087.537	-4002.164
50299.582	-63671.594	-4018.909
29292.207	-31976.852	-4035.654
58368.758	-37031.570	-4052.398
63700.223	-24487.385	-4069.143
60841.125	-34363.105	-4085.888
71097.766	-30420.904	-4102.633
26141.213	-58168.016	-4119.377
75991.133	-20396.975	-4136.122
58386.496	-54618.500	-4152.867
74040.672	-69357.125	-4169.612
43189.852	-32464.971	-4186.356
24422.592	-22674.967	-4203.101
47833.348	-35606.984	-4219.846
35068.789	-84171.227	-4236.591
74034.883	-80097.586	-4253.335
16805.820	-28308.621	-4270.080
74117.641	-95735.672	-4286.825
63656.680	-38270.473	-4303.570
56962.598	-38275.242	-4320.314
74087.727	-60511.145	-4337.059
60176.297	-71188.008	-4353.804
2878.919	-10705.906	-4370.549
37054.031	-24261.486	-4387.293
43781.277	-59276.660	-4404.038
73087.844	-43580.188	-4420.783
51731.168	-34142.035	-4437.528
59528.711	-54541.281	-4454.272
50454.332	-23175.006	-4471.017
37178.082	-47702.871	-4487.762
62408.004	-56753.234	-4504.507
60131.723	-58513.938	-4521.251
78767.695	-27014.504	-4537.996
45229.527	-23666.199	-4554.741
56886.668	-91031.617	-4571.486
45443.930	-51398.938	-4588.230
54747.625	-75471.328	-4604.975
98494.258	-51036.285	-4621.720
53926.918	-60017.109	-4638.465
85198.945	-35638.457	-4655.209
21768.998	-55520.766	-4671.954
54707.445	-37143.184	-4688.699
73634.930	-52119.840	-4705.444
55235.363	-34295.305	-4722.188
41166.496	-38276.590	-4738.933
22800.867	-65886.242	-4755.678
86950.023	-52525.188	-4772.423
52428.762	-34366.371	-4789.167
59960.504	-18766.844	-4805.912
69594.883	-24369.160	-4822.657
79251.523	-3527.156	-4839.402
58731.410	11471.931	-4856.146
11507.784	16196.829	-4872.891
51009.895	-8863.540	-4889.636
5008.449	-43170.613	-4906.381
38738.156	-38908.945	-4923.125
-1636.582	-56061.063	-4939.870
70785.383	-66001.555	-4956.615
-19519.174	-59544.969	-4973.360
58892.035	2927.218	-4990.104
47410.293	-37074.035	-5006.849
51021.551	17041.535	-5023.594
72410.461	-49690.848	-5040.339
87731.188	-56017.352	-5057.083
65527.637	-38720.773	-5073.828
83489.313	-11801.727	-5090.573
47660.129	11280.820	-5107.318
85322.406	-46797.004	-5124.062
81326.078	-43472.676	-5140.807
96372.969	-39955.297	-5157.552
75632.180	-38149.035	-5174.297
51606.316	-12434.842	-5191.041
52596.160	-28221.584	-5207.786
57147.383	-49020.582	-5224.531
36691.219	40837.867	-5241.276
46817.039	-3157.502	-5258.020
12736.459	-43073.977	-5274.765
43944.465	-16998.080	-5291.510
26572.721	-14738.535	-5308.255
110004.828	8179.828	-5324.999
76595.992	-5775.168	-5341.744
90487.766	-225.317	-5358.489
34692.121	-30392.707	-5375.234
51535.957	-57677.191	-5391.978
81757.023	-15243.620	-5408.723
69750.844	-30470.605	-5425.468
19785.070	-33096.652	-5442.213
73224.070	-8759.614	-5458.957
36888.695	-36377.934	-5475.702
94421.086	-12727.541	-5492.447
64967.691	-44694.613	-5509.192
23247.648	-39385.973	-5525.936
50658.504	-8158.976	-5542.681
60595.844	-40821.223	-5559.426
26538.777	-56620.949	-5576.171
59185.766	-13852.437	-5592.915
78265.539	-2956.463	-5609.660
51222.801	-21118.875	-5626.405
52134.375	-71602.711	-5643.150
45305.223	32441.818	-5659.894
14861.112	-72027.523	-5676.639
14434.224	-12573.955	-5693.384
63998.328	-23123.125	-5710.129
8044.666	-68100.125	-5726.873
86409.023	21465.314	-5743.618
51391.375	9045.257	-5760.363
42525.301	-25243.688	-5777.108
49464.523	15594.053	-5793.852
33616.797	-22681.064	-5810.597
71823.938	199.600	-5827.342
50989.363	-33346.676	-5844.087
20789.463	-38084.477	-5860.831
53852.027	-27062.148	-5877.576
87883.773	-44500.234	-5894.321
43979.137	-21027.955	-5911.066
109993.750	-12553.748	-5927.810
53012.266	-31713.613	-5944.555
108421.859	-17476.887	-5961.300
87832.141	-24703.154	-5978.045
12877.963	-25432.754	-5994.789
48218.789	-27301.146	-6011.534
26704.740	14201.213	-6028.279
50801.805	-62810.551	-6045.024
55291.973	-54455.105	-6061.768
20319.070	-11836.503	-6078.513
51511.875	10773.800	-6095.258
57191.566	-20734.033	-6112.003
61171.617	16541.797	-6128.747
78294.344	-45037.156	-6145.492
97759.063	2445.096	-6162.237
52385.203	11877.211	-6178.982
26509.117	-3259.887	-6195.726
66462.414	-43795.426	-6212.471
54349.348	-43952.051	-6229.216
63500.852	-37034.289	-6245.961
56778.234	-22483.924	-6262.705
45399.082	-29067.756	-6279.450
56778.598	5346.113	-6296.195
89741.781	-16398.037	-6312.940
49035.988	-7475.037	-6329.684
102686.398	-26399.943	-6346.429
86113.070	-39171.559	-6363.174
63142.602	-10378.605	-6379.919
77964.742	-17038.615	-6396.663
33630.328	-28774.486	-6413.408
95924.117	7885.360	-6430.153
37937.523	25798.068	-6446.898
54068.277	10678.433	-6463.642
40450.512	-20869.576	-6480.387
32717.277	-2505.835	-6497.132
443.031	-11608.499	-6513.877
93524.539	5963.668	-6530.621
55175.340	-54207.555	-6547.366
71928.320	29670.924	-6564.111
54945.520	-31599.396	-6580.856
12566.910	7091.172	-6597.600
82768.883	1727.328	-6614.345
37228.832	6114.312	-6631.090
-18949.676	-18999.846	-6647.835
94745.313	-12937.340	-6664.579
25812.293	-39774.594	-6681.324
39826.246	11458.443	-6698.069
36565.363	-8671.971	-6714.814
85530.852	4551.097	-6731.558
41095.262	9378.388	-6748.303
33771.738	-6475.341	-6765.048
49096.301	34058.160	-6781.793
52617.648	-16858.150	-6798.537
50101.582	-31389.061	-6815.282
32399.035	-10182.490	-6832.027
17936.531	-10818.356	-6848.772
62326.145	11741.868	-6865.516
40207.055	6621.494	-6882.261
113539.969	-31527.154	-6899.006
81174.797	-29477.623	-6915.751
38896.352	-25803.127	-6932.495
95352.547	-23723.764	-6949.240
68195.000	-21729.697	-6965.985
50953.406	5008.414	-6982.730
57240.566	12352.416	-6999.474
24066.959	-14992.598	-7016.219
43338.590	15025.549	-7032.964
88930.422	27199.197	-7049.709
56290.379	34517.313	-7066.453
38217.152	-44077.441	-7083.198
66679.656	26255.838	-7099.943
49948.781	31972.156	-7116.688
77402.500	9668.792	-7133.432
37343.348	-44396.855	-7150.177
97361.914	-11693.419	-7166.922
42124.121	10371.896	-7183.667
7953.948	-43522.359	-7200.411
35477.996	-33330.414	-7217.156
66038.055	-2289.674	-7233.901
61784.305	15081.318	-7250.646
47050.047	12460.772	-7267.390
71197.859	1427.917	-7284.135
73263.398	-25628.520	-7300.880
131594.078	3869.060	-7317.625
46456.770	2722.141	-7334.369
97355.688	-6763.810	-7351.114
66821.102	-727.867	-7367.859
17971.809	-9823.662	-7384.604
45293.008	17689.129	-7401.348
98346.734	-21.910	-7418.093
88386.023	-9396.319	-7434.838
48284.266	-47447.203	-7451.583
3951.704	39931.102	-7468.327
49528.113	-9977.137	-7485.072
57113.258	-4029.891	-7501.817
54639.906	3678.518	-7518.562
76440.773	-37560.309	-7535.306
76094.281	17211.629	-7552.051
82027.484	25494.092	-7568.796
51513.082	33731.180	-7585.541
89740.172	-7713.393	-7602.285
51664.406	-21312.246	-7619.030
67776.766	16715.494	-7635.775
74791.531	27153.725	-7652.520
59211.188	19091.631	-7669.264
62489.309	-1485.030	-7686.009
44461.758	-2005.835	-7702.754
86077.422	11398.606	-7719.499
53474.500	4013.922	-7736.243
114087.266	-3077.309	-7752.988
109885.656	-30683.863	-7769.733
93454.898	-6152.293	-7786.478
62421.754	28717.924	-7803.222
66075.992	2437.742	-7819.967
43755.305	11815.171	-7836.712
96634.703	35044.609	-7853.457
60088.254	-1839.277	-7870.201
67070.508	-30078.814	-7886.946
66816.422	1525.641	-7903.691
62916.145	47452.164	-7920.436
34156.859	54094.984	-7937.180
98643.055	20133.525	-7953.925
-7684.523	-15202.400	-7970.670
35891.727	-2390.244	-7987.415
37482.570	9435.421	-8004.159
66400.148	-19602.898	-8020.904
53982.863	35205.039	-8037.649
70463.875	2307.879	-8054.394
118169.992	-12327.971	-8071.138
68085.445	37245.633	-8087.883
32257.484	9512.978	-8104.628
39029.309	15728.707	-8121.373
104504.305	-26622.195	-8138.117
36461.578	4087.516	-8154.862
51161.141	-16119.781	-8171.607
41692.000	-7205.799	-8188.352
49380.277	-53926.730	-8205.096
8533.375	3695.038	-8221.841
70756.117	-20115.621	-8238.586
23417.494	-7653.270	-8255.331
70183.039	-37591.477	-8272.075
38838.410	-35736.656	-8288.820
16990.377	43394.004	-8305.565
98248.406	5634.125	-8322.310
46920.688	-53938.648	-8339.054
76624.234	-32600.676	-8355.799
91844.336	13656.866	-8372.544
2485.587	-11676.910	-8389.289
113266.961	-4262.648	-8406.033
6524.136	-22047.637	-8422.778
35412.238	27941.238	-8439.523
73079.031	-7221.079	-8456.268
19678.338	19451.867	-8473.012
98258.305	-59590.496	-8489.757
29116.451	17777.486	-8506.502
45618.848	-26145.691	-8523.247
64242.301	1096.053	-8539.991
22428.951	15367.636	-8556.736
