Data Point Listing of File C:\NTNMR\data\Dan\LiFe.75Mn.25PO4\[010]\Li7 [010] 165deg.tnt
Starting Point:	1	Ending Point:	1024
Real	Imag	ppm
13868.913	4005.968	8573.143
25454.824	4060.482	8556.398
3320.375	7400.506	8539.653
3585.024	-3886.584	8522.909
8041.254	-4248.646	8506.164
35902.629	-7291.266	8489.419
8918.701	2946.630	8472.674
32994.070	20667.080	8455.930
42307.824	4201.789	8439.185
11633.330	4481.021	8422.440
5475.430	-19228.600	8405.695
302.670	-13801.903	8388.951
12381.420	33649.934	8372.206
777.803	14712.142	8355.461
17425.156	16894.240	8338.716
-2936.314	14452.382	8321.972
17578.264	4543.853	8305.227
4349.189	7193.826	8288.482
3755.426	4178.971	8271.737
-623.403	-8339.910	8254.993
30173.186	7872.766	8238.248
16831.797	8111.403	8221.503
-6046.863	1931.381	8204.758
22072.604	-1084.243	8188.014
35266.270	8239.300	8171.269
1967.312	-21918.455	8154.524
15451.055	2292.654	8137.779
16068.943	-13785.912	8121.035
17705.168	27468.658	8104.290
30807.752	-2954.257	8087.545
453.087	-14566.347	8070.800
-15336.328	11077.222	8054.056
4300.045	17422.729	8037.311
22163.215	641.560	8020.566
20502.789	12736.504	8003.821
24256.322	-6566.559	7987.077
24542.320	4819.984	7970.332
13066.633	17827.813	7953.587
31845.988	56357.395	7936.842
20655.658	16652.760	7920.098
24343.479	15573.463	7903.353
35730.281	-26129.512	7886.608
5603.286	-50.002	7869.863
25069.150	-7358.123	7853.119
19384.279	-20197.715	7836.374
15350.127	-19350.352	7819.629
28562.721	43127.996	7802.884
13552.766	19529.939	7786.140
2635.287	4202.948	7769.395
28398.430	-7056.536	7752.650
16912.738	-12161.930	7735.905
14062.753	30495.211	7719.161
28264.664	-22944.691	7702.416
18190.502	15293.230	7685.671
48465.738	244.381	7668.926
12163.854	4400.567	7652.182
24968.111	13250.317	7635.437
41219.125	5877.003	7618.692
22166.875	586.216	7601.947
19896.580	-18451.652	7585.203
20957.266	35083.777	7568.458
11727.813	7637.594	7551.713
-2014.277	17528.207	7534.968
47769.813	14528.288	7518.224
37559.516	-29017.158	7501.479
4377.655	253.077	7484.734
28191.645	-12383.842	7467.989
38150.453	3666.920	7451.245
2847.028	-2515.074	7434.500
45235.824	2452.017	7417.755
21311.924	-29614.768	7401.010
-9640.582	42960.145	7384.266
28744.705	12982.336	7367.521
1937.933	1730.666	7350.776
28056.307	-12233.225	7334.031
35654.852	22001.393	7317.287
17672.635	16660.293	7300.542
37422.098	-21228.957	7283.797
3463.816	-9150.079	7267.052
29975.551	23338.715	7250.308
12723.969	17169.398	7233.563
6770.517	-17294.225	7216.818
4077.270	29030.135	7200.073
11872.008	12015.852	7183.329
22377.176	11379.644	7166.584
12534.377	-397.793	7149.839
16722.221	13597.208	7133.094
31053.168	4365.119	7116.350
-489.769	-28361.480	7099.605
11619.587	36561.707	7082.860
20268.990	13136.938	7066.115
19140.512	-11320.506	7049.371
9988.016	-27404.869	7032.626
3438.940	41464.547	7015.881
16824.051	19833.979	6999.136
24803.027	24977.285	6982.392
23308.078	-2141.188	6965.647
19417.035	-26177.459	6948.902
-26207.639	11694.599	6932.157
-9000.672	27944.475	6915.413
57501.063	-30388.582	6898.668
-2451.720	140.728	6881.923
-5814.779	1820.503	6865.178
-6181.876	5766.521	6848.434
-12187.478	-16921.920	6831.689
14580.501	655.347	6814.944
14130.370	43045.867	6798.199
45372.910	4611.717	6781.455
10628.245	-7273.042	6764.710
20464.305	-5833.920	6747.965
-4316.207	25200.572	6731.220
10294.633	3644.459	6714.476
23252.355	40617.363	6697.731
-7234.888	-17119.891	6680.986
3239.608	-3589.882	6664.241
22996.996	-4295.713	6647.497
14168.022	1167.703	6630.752
4499.658	16993.029	6614.007
527.773	-15731.168	6597.262
3489.383	10621.896	6580.518
-9391.669	-27441.764	6563.773
18440.102	5543.660	6547.028
28535.043	-20048.623	6530.283
5324.290	25537.754	6513.539
41019.922	-1960.197	6496.794
21372.461	16751.834	6480.049
13860.636	-4494.814	6463.304
7893.047	17827.266	6446.560
26449.359	-11456.080	6429.815
21468.480	8217.951	6413.070
31931.258	-4247.343	6396.325
36736.355	8573.391	6379.581
24908.811	23877.316	6362.836
27269.215	-2583.925	6346.091
28255.447	17206.813	6329.346
9131.303	7814.996	6312.602
21071.434	-8871.592	6295.857
3858.985	8272.068	6279.112
7264.721	2634.214	6262.367
19692.922	-23553.658	6245.623
-22936.875	30265.559	6228.878
-25726.174	-16468.611	6212.133
4484.248	41772.270	6195.388
-7635.597	8427.240	6178.644
-18687.135	11844.045	6161.899
18117.625	-746.341	6145.154
8965.492	-25669.891	6128.409
43736.996	20754.221	6111.665
36770.855	-3341.744	6094.920
5572.912	10229.815	6078.175
-9152.196	21920.027	6061.430
7704.162	15652.401	6044.686
-10533.940	15187.379	6027.941
12203.680	10179.858	6011.196
25127.910	-16931.377	5994.451
16185.095	-53623.320	5977.707
-31768.760	-7801.781	5960.962
24505.957	-7562.782	5944.217
60800.148	17460.359	5927.472
47044.039	27430.318	5910.728
-1877.360	11191.313	5893.983
55054.492	26944.695	5877.238
7510.547	-5844.632	5860.493
23003.900	-19183.600	5843.749
-241.587	18227.813	5827.004
19606.289	53006.961	5810.259
32284.229	-28258.533	5793.514
20237.197	-9249.618	5776.770
41441.500	5667.147	5760.025
34658.973	33097.617	5743.280
21238.586	39273.723	5726.535
15320.277	21221.047	5709.791
29973.373	-1944.458	5693.046
10164.782	-34887.969	5676.301
32307.605	18847.490	5659.556
-5020.939	-33033.059	5642.812
-18235.449	62735.457	5626.067
19534.607	20663.754	5609.322
2317.230	30260.424	5592.577
30182.695	7058.784	5575.833
44581.035	18457.793	5559.088
25824.439	11659.021	5542.343
-15768.167	-25161.900	5525.598
10441.723	-14031.788	5508.854
13837.467	17421.553	5492.109
-12013.132	-5981.894	5475.364
59942.473	-13276.320	5458.619
-21063.398	12059.120	5441.875
41134.797	1539.781	5425.130
35340.633	29806.918	5408.385
-15644.225	20582.621	5391.640
29933.424	12959.071	5374.896
44758.090	1399.459	5358.151
50812.148	35026.246	5341.406
35222.316	30557.350	5324.661
43920.340	22477.104	5307.917
16000.346	5954.203	5291.172
-11488.027	19666.779	5274.427
3830.719	10297.177	5257.682
49149.703	28169.309	5240.938
56225.488	-29249.457	5224.193
50251.441	7048.863	5207.448
39744.398	1201.110	5190.703
26255.721	-13808.488	5173.959
-18313.428	30139.686	5157.214
35430.992	-1752.133	5140.469
19514.236	-757.493	5123.724
19415.330	42463.762	5106.980
35859.547	12404.135	5090.235
45861.941	51357.363	5073.490
-1341.880	2367.421	5056.745
4298.095	46815.289	5040.001
-3536.854	30395.268	5023.256
26916.416	-492.782	5006.511
11062.908	-40712.352	4989.766
15542.162	18476.469	4973.022
16996.270	29521.547	4956.277
-14860.112	38801.266	4939.532
2311.426	40371.051	4922.787
24219.791	21560.344	4906.043
13365.122	33076.145	4889.298
31871.727	34012.840	4872.553
26403.803	24406.678	4855.808
11289.675	-8562.838	4839.064
-9404.764	13318.300	4822.319
31179.430	25978.229	4805.574
-10439.714	17851.744	4788.829
35781.023	15810.157	4772.085
5046.390	8725.409	4755.340
24348.467	-5278.139	4738.595
-11629.417	24204.873	4721.850
17659.707	13515.462	4705.106
11869.665	16182.896	4688.361
4451.871	-24004.758	4671.616
2211.378	27725.072	4654.871
36699.629	30796.455	4638.127
8211.946	6985.762	4621.382
32675.311	-7435.583	4604.637
30757.594	10751.252	4587.892
6928.688	12252.561	4571.148
23680.115	-3396.433	4554.403
12220.078	-7671.888	4537.658
-2481.088	2494.440	4520.913
13537.958	21989.551	4504.169
2639.756	13538.657	4487.424
35080.355	18567.572	4470.679
-36512.824	26257.473	4453.934
16523.416	23832.473	4437.190
-12085.466	26675.014	4420.445
-3321.097	6623.016	4403.700
33897.684	15007.256	4386.955
23192.482	29976.434	4370.211
34441.355	-6379.354	4353.466
8075.262	-18552.365	4336.721
-16233.474	16481.240	4319.976
27115.898	-10216.218	4303.232
63501.551	52882.695	4286.487
195.567	-946.918	4269.742
805.052	-10478.888	4252.997
19605.387	28955.641	4236.253
19482.527	29135.305	4219.508
-7527.229	5781.579	4202.763
16004.398	10036.844	4186.018
17684.076	6615.354	4169.274
17716.080	11962.383	4152.529
14019.173	7264.458	4135.784
22127.189	-9501.094	4119.039
18217.520	5430.671	4102.295
19588.838	13459.022	4085.550
26921.832	-4895.533	4068.805
-20551.295	21545.916	4052.060
17448.605	5587.096	4035.316
11966.170	-21504.523	4018.571
14564.321	7200.776	4001.826
-2734.311	23943.854	3985.081
-8757.024	11152.501	3968.337
67124.234	4666.250	3951.592
9394.821	3018.372	3934.847
30287.084	40912.559	3918.102
33517.145	44433.719	3901.358
25032.689	9894.249	3884.613
4862.049	32196.115	3867.868
39851.793	22106.033	3851.123
33159.078	26812.750	3834.379
19530.213	38135.859	3817.634
9693.226	27844.570	3800.889
4697.773	35586.473	3784.144
39329.117	-422.973	3767.400
9086.396	25632.898	3750.655
18696.326	13706.480	3733.910
-2774.021	10531.139	3717.165
36861.734	33794.945	3700.421
25569.156	33408.340	3683.676
-6043.948	1409.643	3666.931
43058.051	49848.109	3650.186
-28702.072	9480.793	3633.442
4777.422	-15887.827	3616.697
9070.584	16835.314	3599.952
11239.667	15899.930	3583.207
25176.910	19878.344	3566.463
9370.612	-12774.827	3549.718
-9144.551	15466.485	3532.973
36117.535	48904.723	3516.228
-2248.850	35722.426	3499.484
31560.496	47582.605	3482.739
10587.558	-8438.679	3465.994
12056.061	29406.906	3449.249
-8461.880	16705.205	3432.505
32970.070	17088.350	3415.760
14995.080	13157.961	3399.015
9390.284	10744.760	3382.270
7024.284	33800.148	3365.526
20582.211	36014.457	3348.781
-5861.119	88373.938	3332.036
15927.479	19162.258	3315.291
26188.973	46446.668	3298.547
-27872.676	48662.520	3281.802
2586.227	18888.051	3265.057
25675.918	28964.080	3248.312
-6667.714	16517.783	3231.568
-5460.528	27247.938	3214.823
16019.980	36191.188	3198.078
10119.235	17701.783	3181.333
-21682.195	15094.473	3164.589
10566.073	54648.938	3147.844
8211.605	49198.992	3131.099
36955.586	26007.516	3114.354
15471.907	19164.227	3097.610
9779.341	13536.601	3080.865
24632.539	56815.371	3064.120
-12567.108	23514.852	3047.375
25595.125	74365.070	3030.631
17745.971	-5918.538	3013.886
30267.891	19867.510	2997.141
241.043	10476.522	2980.396
10737.330	23370.045	2963.652
26717.758	56822.910	2946.907
12578.354	40321.820	2930.162
437.283	60711.316	2913.417
37681.918	15773.625	2896.673
-20386.014	16756.031	2879.928
16292.387	11770.966	2863.183
27870.609	26601.074	2846.438
42063.297	57563.703	2829.694
-1236.056	19509.867	2812.949
3920.082	31408.516	2796.204
45887.277	44145.586	2779.459
10567.801	45069.918	2762.715
36907.543	37294.508	2745.970
-6316.424	53564.457	2729.225
40238.344	70180.914	2712.480
53395.668	62042.602	2695.736
37154.633	33881.098	2678.991
60536.145	38530.641	2662.246
-10716.292	34677.461	2645.501
26172.244	8578.509	2628.757
26298.172	54689.438	2612.012
-9717.701	46228.273	2595.267
52141.676	65977.313	2578.522
29090.598	17146.270	2561.778
1513.087	73905.242	2545.033
-20240.031	5894.826	2528.288
17244.371	46441.457	2511.543
12585.543	24470.107	2494.799
34363.441	60585.500	2478.054
45358.875	88530.109	2461.309
34354.727	54427.215	2444.564
-4607.661	57117.215	2427.820
26068.469	48372.148	2411.075
14327.738	27181.203	2394.330
20674.889	88560.414	2377.585
-20239.641	42373.125	2360.841
39121.184	67087.742	2344.096
14245.798	32826.918	2327.351
40560.281	66727.977	2310.606
56848.891	66191.664	2293.862
-5229.421	61037.754	2277.117
-15084.462	85225.125	2260.372
-9886.465	35741.090	2243.627
7751.414	55986.879	2226.883
-2416.561	87384.977	2210.138
-569.666	101259.047	2193.393
15239.932	90910.289	2176.648
30860.623	56815.805	2159.904
7401.096	61364.918	2143.159
39074.809	127174.375	2126.414
8757.886	80326.859	2109.669
6439.900	84040.289	2092.925
39309.871	76023.758	2076.180
26396.209	65489.992	2059.435
15542.789	64727.789	2042.690
30271.418	83307.359	2025.946
36425.051	57155.063	2009.201
12640.444	46684.496	1992.456
12109.085	79493.000	1975.711
31883.020	65947.461	1958.967
54478.191	83865.406	1942.222
31291.699	86642.406	1925.477
71831.734	83521.844	1908.732
15663.331	126075.797	1891.988
29055.910	67490.352	1875.243
51734.133	105354.391	1858.498
32777.570	95334.875	1841.753
28275.418	87675.289	1825.009
21540.219	145289.938	1808.264
26588.979	69805.805	1791.519
69713.008	119936.930	1774.774
28559.490	124563.336	1758.030
25450.338	101363.711	1741.285
34087.711	134256.078	1724.540
65248.246	114272.336	1707.795
60024.199	132749.688	1691.051
37174.156	133779.797	1674.306
41142.820	150308.828	1657.561
64528.641	156266.281	1640.816
86994.313	160035.813	1624.072
77668.125	130852.641	1607.327
83672.883	189793.313	1590.582
83416.117	146323.375	1573.837
65132.375	192151.859	1557.093
85144.305	160452.438	1540.348
87180.602	197716.563	1523.603
119278.641	189477.313	1506.858
149777.391	187248.703	1490.114
154319.203	187921.406	1473.369
182872.547	168438.406	1456.624
174089.219	180383.766	1439.879
188650.172	159576.875	1423.135
169625.406	198775.891	1406.390
197763.984	176602.359	1389.645
188846.141	142580.031	1372.900
226641.672	178319.266	1356.156
239597.391	133899.219	1339.411
241344.250	161393.016	1322.666
233468.125	133165.469	1305.921
261734.922	152949.641	1289.177
287900.750	141403.703	1272.432
261906.344	99722.039	1255.687
273978.000	87320.711	1238.942
283056.313	95436.625	1222.198
274030.094	79351.297	1205.453
350214.406	70467.508	1188.708
290234.688	76312.188	1171.963
338506.094	45754.723	1155.219
356803.000	29846.412	1138.474
360933.938	-26163.918	1121.729
370234.781	5606.285	1104.984
335985.313	-18059.250	1088.240
360775.281	-40657.734	1071.495
358763.469	-52016.266	1054.750
313682.344	-87897.414	1038.005
338967.406	-114025.977	1021.261
309743.313	-147615.156	1004.516
298119.969	-109738.094	987.771
314968.594	-143152.172	971.026
257746.531	-156075.531	954.282
258884.531	-157081.406	937.537
254301.422	-196326.281	920.792
249565.438	-189482.734	904.047
208804.484	-197217.406	887.303
230895.500	-233320.766	870.558
194293.703	-228308.813	853.813
161705.594	-188999.781	837.068
153406.813	-216374.406	820.324
159701.281	-220907.234	803.579
151034.984	-207025.734	786.834
127898.641	-229933.016	770.089
117826.563	-188711.719	753.345
114187.578	-173649.609	736.600
97138.273	-197018.625	719.855
103956.086	-186392.109	703.110
59062.234	-171085.359	686.366
63630.422	-160324.797	669.621
54943.699	-156410.781	652.876
62675.027	-132969.656	636.131
97151.242	-125056.586	619.387
39258.262	-154796.203	602.642
62591.352	-145773.703	585.897
61691.566	-131378.109	569.152
44031.121	-158608.938	552.408
64005.582	-160950.281	535.663
38117.766	-112142.148	518.918
30217.912	-137472.703	502.173
50981.398	-108629.125	485.429
55713.559	-144337.203	468.684
34886.078	-114966.711	451.939
11629.088	-143367.266	435.194
-5541.869	-137316.625	418.450
23131.850	-147129.063	401.705
29450.645	-142405.672	384.960
40301.410	-116751.836	368.215
35550.090	-97299.734	351.471
-6866.280	-131613.578	334.726
40588.305	-112893.547	317.981
65618.719	-95122.984	301.236
31006.146	-95870.398	284.492
28103.588	-103380.016	267.747
5115.409	-111691.828	251.002
4117.857	-79762.688	234.257
3746.061	-79070.445	217.513
-19366.617	-86776.563	200.768
-5079.416	-65973.867	184.023
13398.299	-115196.234	167.278
-7632.404	-73671.227	150.534
7513.345	-56150.973	133.789
-3824.390	-73351.141	117.044
4927.299	-58217.398	100.299
26958.215	-95630.109	83.555
9985.227	-73584.203	66.810
1469.457	-96752.523	50.065
-13653.943	-74806.867	33.320
-14691.785	-49541.434	16.576
-4277.025	-68175.727	-0.169
16236.912	-71632.695	-16.914
-6216.501	-61917.246	-33.659
-11548.068	-88609.344	-50.403
10591.583	-90556.891	-67.148
19278.082	-80440.109	-83.893
30267.275	-73697.797	-100.638
5773.686	-95857.836	-117.382
-3894.715	-76333.852	-134.127
11918.950	-27103.625	-150.872
10121.117	-95452.547	-167.617
-5520.695	-33293.004	-184.361
14783.471	-66659.203	-201.106
26819.725	-36415.535	-217.851
28608.520	-35084.258	-234.596
-19373.875	-54224.109	-251.340
19401.119	-48902.734	-268.085
2158.015	-52615.805	-284.830
23120.002	-60124.363	-301.575
25419.031	-21403.752	-318.319
11640.719	-47264.527	-335.064
26257.781	-53836.441	-351.809
36606.691	-40391.324	-368.554
11595.709	-70972.922	-385.298
12812.070	-36190.570	-402.043
14682.887	-57477.996	-418.788
1898.522	-49134.273	-435.533
37254.258	-37220.223	-452.277
-23198.578	-67908.328	-469.022
40095.121	-53768.766	-485.767
-1073.578	-45634.746	-502.512
32077.018	-56870.535	-519.256
32653.809	-34671.898	-536.001
23164.559	-42746.930	-552.746
-1608.201	-61800.590	-569.491
4064.232	-34491.297	-586.235
-4087.875	-37728.914	-602.980
-9868.122	-40269.363	-619.725
-6040.956	-33909.633	-636.470
3557.306	-17025.834	-653.214
26539.795	-30302.730	-669.959
10256.216	-59379.688	-686.704
4675.719	-45172.945	-703.449
12330.694	-23116.184	-720.193
20759.191	-43865.063	-736.938
-2441.952	-42220.027	-753.683
23252.379	-63376.023	-770.428
7366.727	-30206.359	-787.172
-6632.201	-27252.955	-803.917
24437.080	-28411.916	-820.662
12196.164	-18354.924	-837.407
8263.373	-22067.760	-854.151
-5931.255	-16029.555	-870.896
15094.171	-60744.652	-887.641
18440.232	-22069.838	-904.386
20195.961	-38990.250	-921.130
6574.298	-56929.512	-937.875
3335.038	-30872.977	-954.620
23999.533	-21760.564	-971.365
16488.047	-42257.574	-988.109
7632.005	-64905.820	-1004.854
-8475.290	-30748.881	-1021.599
4718.054	-43788.688	-1038.344
9041.554	-13516.854	-1055.088
36835.707	-36969.184	-1071.833
2748.948	-60557.730	-1088.578
15753.874	-4276.660	-1105.323
64026.254	-32713.801	-1122.067
17285.984	-20526.781	-1138.812
12920.432	-47892.180	-1155.557
5758.439	-52177.355	-1172.302
27429.084	-16031.016	-1189.046
40862.289	-46529.988	-1205.791
-4552.665	-33029.469	-1222.536
23992.535	-32901.066	-1239.281
-4170.785	-13278.359	-1256.025
10105.494	-31977.215	-1272.770
25972.486	-37218.645	-1289.515
3521.037	-22811.316	-1306.260
-5955.145	-28707.756	-1323.004
22103.818	-21990.088	-1339.749
1181.262	-41434.891	-1356.494
13611.567	-19246.381	-1373.239
-135.296	-23011.697	-1389.983
26104.537	-41448.055	-1406.728
21.734	-34756.625	-1423.473
17269.594	-5022.587	-1440.218
37026.516	11111.413	-1456.962
27534.611	-28777.516	-1473.707
25473.855	-48297.543	-1490.452
38581.543	-35501.270	-1507.197
6670.907	-14338.100	-1523.941
5927.903	-31074.318	-1540.686
14756.872	-16688.764	-1557.431
38642.523	-36934.488	-1574.176
3059.393	-48365.668	-1590.920
21022.900	-31089.068	-1607.665
12136.423	-28756.924	-1624.410
14248.509	-19499.961	-1641.155
24148.244	-27185.828	-1657.899
-10570.470	-10270.684	-1674.644
29202.848	-10175.629	-1691.389
-2188.405	-36014.777	-1708.134
20243.125	-56989.805	-1724.878
6694.178	8320.662	-1741.623
-2022.118	-29609.334	-1758.368
19537.678	-48255.398	-1775.113
458.574	-20391.840	-1791.857
25584.439	-13441.877	-1808.602
-1831.677	-9383.415	-1825.347
-2325.968	-29956.783	-1842.092
-9208.660	-29554.305	-1858.836
-8746.264	13968.813	-1875.581
12521.940	-21239.010	-1892.326
-2025.520	-23336.332	-1909.071
700.261	-38679.996	-1925.815
21065.805	-14704.812	-1942.560
18778.764	-30180.775	-1959.305
7063.342	-7217.552	-1976.050
7287.241	-39948.934	-1992.794
11521.495	-19986.213	-2009.539
17154.240	-39343.875	-2026.284
12385.310	-29569.967	-2043.029
-10420.889	-26925.135	-2059.773
47607.773	-36724.945	-2076.518
12374.099	-5613.180	-2093.263
15500.732	-25551.775	-2110.008
795.321	-25086.826	-2126.752
-6060.628	-20208.732	-2143.497
4502.850	-11498.184	-2160.242
14850.575	-7067.365	-2176.987
38344.734	-7849.988	-2193.731
23862.676	-8002.423	-2210.476
17914.965	-11180.175	-2227.221
25240.010	-32565.602	-2243.966
-4176.496	-18238.531	-2260.710
23500.664	-3976.454	-2277.455
17587.207	-11970.816	-2294.200
22985.115	-19135.748	-2310.944
-2629.575	-26759.402	-2327.689
-20657.723	-34459.211	-2344.434
40673.602	-12891.311	-2361.179
12036.371	14303.271	-2377.923
-4689.649	-42190.246	-2394.668
11883.508	-3782.949	-2411.413
-14367.489	-25748.283	-2428.158
29961.041	-8057.053	-2444.902
11784.774	-29336.467	-2461.647
2691.321	-36649.277	-2478.392
-4545.617	-9061.252	-2495.137
21555.656	-17640.039	-2511.881
2105.445	-37111.758	-2528.626
10419.575	-24309.539	-2545.371
14577.511	-26472.422	-2562.116
7601.439	-34455.996	-2578.860
13984.905	-15092.332	-2595.605
21512.496	-10368.853	-2612.350
20986.563	-21945.631	-2629.095
-3642.338	-1680.548	-2645.839
20307.188	-22822.410	-2662.584
22223.545	-1303.881	-2679.329
-13920.916	-33229.648	-2696.074
18089.971	-29529.965	-2712.818
-1423.511	-352.826	-2729.563
-6546.122	-19840.883	-2746.308
10995.008	-31457.389	-2763.053
10009.783	-28980.746	-2779.797
7806.847	-9953.419	-2796.542
26912.895	-17807.635	-2813.287
21580.660	-1582.266	-2830.032
19711.205	-10829.719	-2846.776
10942.534	-12123.639	-2863.521
11524.813	-15621.698	-2880.266
6230.837	-19218.691	-2897.011
11908.804	-21658.936	-2913.755
12845.782	-19673.199	-2930.500
-1370.298	-9608.210	-2947.245
19313.648	-40737.496	-2963.990
5912.341	-39457.109	-2980.734
2775.826	-14054.105	-2997.479
33108.625	-36268.223	-3014.224
-2844.333	-40616.480	-3030.969
19797.533	-7628.754	-3047.713
18580.455	-30702.320	-3064.458
4143.566	-23205.020	-3081.203
17691.119	3748.573	-3097.948
21823.174	-32354.236	-3114.692
-8036.224	-16688.412	-3131.437
1896.488	-1615.351	-3148.182
334.697	-10784.542	-3164.927
17269.938	2658.172	-3181.671
27444.752	-23133.475	-3198.416
762.682	-3207.895	-3215.161
5779.836	-1834.316	-3231.906
24890.971	-18922.654	-3248.650
18489.236	-8621.832	-3265.395
3777.783	-5542.483	-3282.140
17993.143	-19946.828	-3298.885
8209.867	-12673.885	-3315.629
23953.000	-17101.475	-3332.374
-17954.234	-6164.974	-3349.119
11483.336	-25647.777	-3365.864
12201.182	12576.510	-3382.608
26941.469	20113.656	-3399.353
32266.268	-29869.908	-3416.098
30627.609	-13384.801	-3432.843
19342.225	-22777.045	-3449.587
7626.187	-30088.486	-3466.332
8079.060	-21602.063	-3483.077
8849.466	-22442.340	-3499.822
17258.900	-35498.188	-3516.566
20972.219	-301.315	-3533.311
-2048.619	-16779.371	-3550.056
16507.336	-15257.532	-3566.801
5856.373	-22998.930	-3583.545
7345.902	-7757.652	-3600.290
-2727.488	-15146.403	-3617.035
-3034.430	-17800.922	-3633.780
23944.271	-6591.926	-3650.524
22047.625	6666.225	-3667.269
17366.086	-36.060	-3684.014
12549.317	3707.010	-3700.759
-1329.064	-7933.053	-3717.503
-1772.848	-17221.010	-3734.248
6605.975	7826.286	-3750.993
-1455.594	-29403.264	-3767.738
9798.612	-18558.395	-3784.482
18062.463	-23767.826	-3801.227
-4551.107	-1183.795	-3817.972
29684.729	-10888.867	-3834.717
7836.964	-3719.986	-3851.461
19704.865	-25154.359	-3868.206
19577.553	-16972.895	-3884.951
23792.029	2397.736	-3901.696
20190.281	-28719.227	-3918.440
6093.763	-7601.670	-3935.185
4968.746	-3748.647	-3951.930
32866.484	-17405.256	-3968.675
3899.792	2082.852	-3985.419
10391.168	-33486.785	-4002.164
5944.813	-16013.464	-4018.909
7678.234	-7395.101	-4035.654
10896.098	-6628.305	-4052.398
7952.034	-11729.289	-4069.143
4427.676	2594.135	-4085.888
10250.133	-5412.106	-4102.633
44009.852	-4688.589	-4119.377
24583.637	-1249.984	-4136.122
-3588.413	-40285.953	-4152.867
1123.599	-2754.052	-4169.612
-4212.503	9581.634	-4186.356
-8719.791	6376.498	-4203.101
-289.688	-24572.484	-4219.846
20463.318	-12645.785	-4236.591
4118.994	8775.515	-4253.335
6936.244	-5982.498	-4270.080
28448.764	-6543.678	-4286.825
7426.189	-8344.779	-4303.570
41177.523	1682.919	-4320.314
12238.774	18425.662	-4337.059
17597.066	5838.172	-4353.804
13396.475	-27141.932	-4370.549
9225.483	6890.593	-4387.293
11121.487	-17230.119	-4404.038
9777.527	-12113.446	-4420.783
16859.250	5651.921	-4437.528
-585.681	-20061.783	-4454.272
-2664.848	-6545.252	-4471.017
12715.793	-8431.315	-4487.762
38022.816	3559.832	-4504.507
12472.666	-33850.238	-4521.251
11743.969	-13901.591	-4537.996
3451.688	-1257.934	-4554.741
-8859.287	-17740.822	-4571.486
24820.787	-10452.837	-4588.230
2830.911	-17162.500	-4604.975
22748.799	-27457.330	-4621.720
14277.026	-4899.920	-4638.465
19378.598	-17012.143	-4655.209
1490.668	-20729.949	-4671.954
34966.918	-31046.758	-4688.699
18738.537	9597.839	-4705.444
20008.053	-4847.404	-4722.188
29209.203	-7950.088	-4738.933
9233.715	3270.125	-4755.678
10833.179	-11932.910	-4772.423
7534.460	-10525.971	-4789.167
4062.383	-1225.472	-4805.912
17471.328	-8776.121	-4822.657
21704.744	-4395.685	-4839.402
2014.891	-20907.426	-4856.146
18072.852	-518.252	-4872.891
2165.346	-10262.144	-4889.636
8941.706	-7145.929	-4906.381
3480.450	-25950.818	-4923.125
21062.281	-3945.966	-4939.870
16570.471	3339.363	-4956.615
17776.676	-10562.595	-4973.360
14122.640	-22205.666	-4990.104
-19630.451	-16698.268	-5006.849
8970.128	5353.996	-5023.594
-4644.617	1057.563	-5040.339
17703.143	-567.214	-5057.083
8505.818	-23323.879	-5073.828
9418.025	-676.060	-5090.573
12687.655	-11852.212	-5107.318
11067.057	-12227.194	-5124.062
18959.279	-896.173	-5140.807
23452.568	-7184.161	-5157.552
5897.772	-6215.501	-5174.297
13482.561	-3043.811	-5191.041
18585.355	-4129.517	-5207.786
16154.304	-24886.547	-5224.531
2154.510	2949.706	-5241.276
20162.896	7064.923	-5258.020
9290.931	-5535.155	-5274.765
7188.333	-9779.147	-5291.510
22904.217	368.298	-5308.255
15395.228	592.940	-5324.999
9896.589	3021.969	-5341.744
14285.941	15156.079	-5358.489
-6780.064	3934.000	-5375.234
2224.269	10931.718	-5391.978
21485.600	-22294.113	-5408.723
24465.363	10783.230	-5425.468
9557.627	-4476.444	-5442.213
22288.516	1166.009	-5458.957
4949.080	26484.020	-5475.702
-540.196	-19708.320	-5492.447
24079.193	1324.467	-5509.192
32838.316	-10901.617	-5525.936
15668.825	-5970.874	-5542.681
15681.713	-20981.430	-5559.426
12669.667	-11463.222	-5576.171
11999.182	-8162.383	-5592.915
22104.451	-833.836	-5609.660
7131.750	-4451.962	-5626.405
3956.246	-4515.563	-5643.150
41618.309	5733.528	-5659.894
7439.513	-6849.720	-5676.639
1353.574	-220.440	-5693.384
-798.574	-9693.664	-5710.129
-7537.466	2747.957	-5726.873
12374.700	-20640.646	-5743.618
10970.182	-22218.818	-5760.363
4121.917	3169.769	-5777.108
27146.822	-6929.022	-5793.852
-4662.783	-18837.281	-5810.597
11896.058	-3461.170	-5827.342
20622.000	-3939.740	-5844.087
6889.739	22228.326	-5860.831
-8607.780	11536.721	-5877.576
1478.880	397.964	-5894.321
24024.523	-8388.259	-5911.066
14084.334	-710.207	-5927.810
10414.101	-4533.144	-5944.555
16464.557	6916.929	-5961.300
15591.410	-17433.734	-5978.045
37132.359	-21952.594	-5994.789
21975.607	-13823.183	-6011.534
-161.897	11865.155	-6028.279
21392.381	3346.845	-6045.024
13177.238	-5649.289	-6061.768
2078.205	-3457.151	-6078.513
12339.446	30008.918	-6095.258
25363.953	-5580.755	-6112.003
6256.316	8426.874	-6128.747
31375.990	-21533.842	-6145.492
18996.287	6727.156	-6162.237
33941.266	29112.789	-6178.982
37323.297	-20779.705	-6195.726
13568.507	-13322.998	-6212.471
20104.596	-4738.702	-6229.216
11318.843	-21367.818	-6245.961
21030.621	8133.607	-6262.705
3089.244	4845.889	-6279.450
15795.419	-22461.049	-6296.195
9926.669	-11602.395	-6312.940
11241.245	-17429.381	-6329.684
6742.663	8779.224	-6346.429
22208.162	-10594.990	-6363.174
31535.572	6619.794	-6379.919
13179.564	-34842.332	-6396.663
856.295	-6692.910	-6413.408
16498.303	-9458.743	-6430.153
479.478	2545.287	-6446.898
15523.970	10254.215	-6463.642
17052.291	28190.020	-6480.387
12994.507	20490.793	-6497.132
27847.723	-13094.530	-6513.877
19328.438	-2889.191	-6530.621
20155.639	12319.818	-6547.366
19536.227	-13460.711	-6564.111
28330.391	-29090.131	-6580.856
9568.385	3618.337	-6597.600
35773.098	-937.855	-6614.345
14888.271	-16332.156	-6631.090
-462.846	-1935.466	-6647.835
-10578.287	-4820.101	-6664.579
28654.826	1988.609	-6681.324
8647.193	-3942.032	-6698.069
14668.260	-3122.972	-6714.814
17723.904	-1096.613	-6731.558
43976.406	-6302.926	-6748.303
23399.807	3271.306	-6765.048
22803.979	-1987.928	-6781.793
25885.484	12045.092	-6798.537
24239.496	-1252.789	-6815.282
18221.512	-10471.997	-6832.027
13795.407	-701.790	-6848.772
29803.350	-7962.034	-6865.516
17648.654	7964.979	-6882.261
30640.068	-11485.255	-6899.006
6290.645	-6567.287	-6915.751
12013.996	-10492.463	-6932.495
-7145.786	-19891.027	-6949.240
14683.003	3365.056	-6965.985
2224.057	-639.297	-6982.730
-8648.077	4881.040	-6999.474
11675.925	-24416.625	-7016.219
8915.519	-11855.873	-7032.964
18364.865	1132.122	-7049.709
30497.363	13891.938	-7066.453
8289.457	-15392.961	-7083.198
26589.074	-782.870	-7099.943
6341.952	-6854.627	-7116.688
26864.348	2426.553	-7133.432
1474.566	-7635.860	-7150.177
14011.149	-7161.977	-7166.922
21715.266	-1298.323	-7183.667
20478.891	8917.207	-7200.411
-3880.781	-6171.184	-7217.156
23193.064	14154.493	-7233.901
-8235.032	6733.282	-7250.646
2318.894	-721.222	-7267.390
9975.080	127.143	-7284.135
-3821.054	12994.495	-7300.880
3706.133	-14194.226	-7317.625
9336.167	2478.686	-7334.369
7779.531	-21121.020	-7351.114
9462.126	-3914.804	-7367.859
11946.726	-15263.608	-7384.604
-10964.723	-12828.170	-7401.348
42207.648	-12769.743	-7418.093
22234.996	-6323.213	-7434.838
15190.223	3131.817	-7451.583
23079.426	-18403.219	-7468.327
12469.099	-3661.121	-7485.072
19165.570	9287.089	-7501.817
26502.213	6812.654	-7518.562
12121.164	20988.375	-7535.306
6534.520	-11280.781	-7552.051
8928.417	8048.226	-7568.796
20566.408	7100.179	-7585.541
22991.381	-9415.631	-7602.285
23010.691	-7188.418	-7619.030
16149.392	-8975.588	-7635.775
12655.457	-16357.413	-7652.520
1499.279	-6437.333	-7669.264
20879.330	11174.816	-7686.009
10332.107	4189.319	-7702.754
3206.104	-28355.377	-7719.499
17033.309	-11341.004	-7736.243
7759.883	13260.717	-7752.988
10507.756	28128.873	-7769.733
25895.500	18512.002	-7786.478
21143.301	-4967.416	-7803.222
3594.864	3122.100	-7819.967
7484.854	11748.617	-7836.712
-16224.817	17916.906	-7853.457
8021.107	-12637.786	-7870.201
-568.941	-6065.872	-7886.946
-801.063	7074.455	-7903.691
-1597.066	5386.170	-7920.436
18297.902	-673.538	-7937.180
27764.162	5825.215	-7953.925
40490.207	4649.898	-7970.670
-10109.123	-3296.895	-7987.415
25874.395	-7136.786	-8004.159
17780.105	1171.518	-8020.904
21174.482	-6549.962	-8037.649
31321.219	-15461.025	-8054.394
22233.895	-12598.132	-8071.138
23641.938	17436.887	-8087.883
-5858.196	-7597.706	-8104.628
16646.885	-13375.844	-8121.373
18362.820	3525.003	-8138.117
12498.865	2471.934	-8154.862
14423.853	1353.224	-8171.607
14265.601	-6664.116	-8188.352
12028.268	16812.086	-8205.096
25618.914	7001.102	-8221.841
4425.763	-7550.874	-8238.586
-13620.681	4476.559	-8255.331
11322.142	14300.834	-8272.075
9022.623	3175.998	-8288.820
11951.241	3423.471	-8305.565
28906.430	-10991.171	-8322.310
14807.085	1641.299	-8339.054
10265.230	-432.605	-8355.799
22981.283	15995.839	-8372.544
12647.607	-3349.875	-8389.289
13711.104	-19819.770	-8406.033
-9319.959	-19102.768	-8422.778
13468.607	8009.525	-8439.523
8285.207	-15160.382	-8456.268
33217.406	1176.816	-8473.012
14486.783	3184.804	-8489.757
21951.793	-19070.768	-8506.502
28312.617	-510.080	-8523.247
22051.660	4665.656	-8539.991
21880.193	38127.660	-8556.736
