Data Point Listing of File C:\NTNMR\data\Dan\LiFe.75Mn.25PO4\[010]\P31 [010] 15deg.tnt
Starting Point:	1	Ending Point:	1024
Real	Imag	Hz
41461.215	63573.176	2499980.282
10551.126	52785.020	2495097.470
-5797.547	35387.961	2490214.657
33085.156	-31387.475	2485331.845
98284.625	-41666.297	2480449.032
99768.789	-14191.952	2475566.220
3770.085	21127.826	2470683.407
-4881.551	11272.661	2465800.595
83804.367	-8851.999	2460917.782
39009.852	-14190.615	2456034.970
61.872	14200.678	2451152.157
69046.641	-40123.145	2446269.345
31957.471	1644.343	2441386.532
80190.156	25428.645	2436503.720
26500.998	37969.129	2431620.907
12534.906	30888.346	2426738.095
-8534.265	-32970.969	2421855.282
63948.477	-7233.638	2416972.470
68683.984	15910.053	2412089.657
37782.070	-1763.167	2407206.845
43718.863	-35610.289	2402324.032
57851.496	19040.688	2397441.220
49129.320	-20099.680	2392558.407
12404.262	50969.156	2387675.595
121411.344	-41053.898	2382792.782
47422.504	-27390.742	2377909.970
63450.059	24870.238	2373027.157
-28626.104	-28664.930	2368144.345
10654.723	-16231.271	2363261.532
-13368.029	24442.793	2358378.720
21106.992	39319.309	2353495.907
31106.443	22685.277	2348613.095
19968.762	-30519.184	2343730.282
24314.117	64631.887	2338847.470
44735.367	38594.828	2333964.657
17152.131	28246.160	2329081.845
53035.598	-1908.102	2324199.032
44609.176	-3451.337	2319316.220
19790.402	32121.438	2314433.407
62793.844	3719.047	2309550.595
71451.875	48973.285	2304667.782
52890.758	3082.864	2299784.970
87307.852	-9967.525	2294902.157
16790.326	20922.604	2290019.345
35521.055	37311.883	2285136.532
17535.520	8981.660	2280253.720
7489.928	38921.473	2275370.907
78420.922	60347.887	2270488.095
35446.426	14239.978	2265605.282
-5748.006	-34993.414	2260722.470
-18016.629	-848.343	2255839.657
19638.646	-12348.890	2250956.845
20091.164	-6611.649	2246074.032
14575.921	10380.167	2241191.220
15058.310	55227.000	2236308.407
13352.857	21015.959	2231425.595
29232.654	39710.820	2226542.782
79292.383	47998.773	2221659.970
77874.188	-22272.898	2216777.157
51849.742	-7635.277	2211894.345
77888.195	4560.104	2207011.532
44471.980	-50056.395	2202128.720
90524.758	79985.297	2197245.907
-30825.941	56478.926	2192363.095
21652.320	71975.438	2187480.282
-4736.949	17127.961	2182597.470
76833.195	14598.518	2177714.657
-10016.994	-2852.043	2172831.845
37592.410	148.449	2167949.032
49194.285	85985.078	2163066.220
-13964.345	14226.927	2158183.407
59658.398	-32872.570	2153300.595
30673.779	102934.969	2148417.782
78856.523	63848.512	2143534.970
-652.823	-9756.838	2138652.157
92397.320	55729.445	2133769.345
19805.676	20762.582	2128886.532
4255.968	46535.137	2124003.720
66365.305	-9654.606	2119120.907
30355.816	73235.836	2114238.095
78785.633	82936.406	2109355.282
47117.457	19231.246	2104472.470
53215.285	-19736.063	2099589.657
38254.293	15950.595	2094706.845
37186.844	44173.191	2089824.032
15237.313	-25872.662	2084941.220
120244.219	59856.594	2080058.407
37880.426	-1145.838	2075175.595
-14404.462	21805.842	2070292.782
54207.645	8781.309	2065409.970
48008.500	36578.145	2060527.157
53213.488	34322.930	2055644.345
49223.789	-6161.879	2050761.532
49068.434	-14277.789	2045878.720
-33003.555	-13529.933	2040995.907
24663.344	47146.191	2036113.095
18302.174	-10948.096	2031230.282
52840.094	4329.956	2026347.470
-19422.645	66586.570	2021464.657
50927.016	-18826.330	2016581.845
-4263.287	43103.684	2011699.032
57061.371	43087.457	2006816.220
29889.736	-13483.841	2001933.407
27966.232	21969.271	1997050.595
15777.640	15384.295	1992167.782
67158.352	-3449.255	1987284.970
29146.279	-89959.516	1982402.157
22752.000	-39024.449	1977519.345
39261.121	36197.227	1972636.532
-44549.293	-64424.672	1967753.720
28535.139	17406.352	1962870.907
-11789.847	-3079.162	1957988.095
20582.535	49860.762	1953105.282
63587.750	27484.357	1948222.470
-30760.912	4901.407	1943339.657
-3389.683	-1648.472	1938456.845
41641.086	22226.146	1933574.032
28074.602	35696.090	1928691.220
38952.738	-64423.594	1923808.407
119260.070	62281.328	1918925.595
110187.641	-5034.395	1914042.782
62418.363	-47002.945	1909159.970
29305.693	-35251.180	1904277.157
71812.961	-31000.830	1899394.345
131692.000	-84446.820	1894511.532
-343.501	33123.391	1889628.720
72896.766	68235.656	1884745.907
-3068.417	56279.434	1879863.095
79839.047	-25982.648	1874980.282
68549.094	50163.645	1870097.470
14802.073	8127.604	1865214.657
4439.564	48421.297	1860331.845
34923.184	12125.262	1855449.032
4919.920	20547.543	1850566.220
-10602.435	62727.379	1845683.407
87914.031	12037.501	1840800.595
-20404.016	73036.867	1835917.782
51671.324	118318.586	1831034.970
66693.633	10878.361	1826152.157
85006.852	-47200.336	1821269.345
2997.090	-9128.729	1816386.532
14613.287	74099.492	1811503.720
111332.625	-21614.256	1806620.907
-2370.580	52267.758	1801738.095
159891.547	63983.004	1796855.282
-32015.314	-23295.340	1791972.470
-13078.401	-43519.672	1787089.657
45166.277	87959.156	1782206.845
59920.703	41499.395	1777324.032
51525.906	30214.760	1772441.220
-3891.133	46027.816	1767558.407
37461.297	35554.609	1762675.595
42047.992	-26751.930	1757792.782
33924.621	93793.680	1752909.970
52762.742	-2755.178	1748027.157
39884.313	-14846.378	1743144.345
14853.413	35366.082	1738261.532
-40238.555	-8819.865	1733378.720
28477.785	50393.051	1728495.907
88931.086	71036.047	1723613.095
50482.758	25234.059	1718730.282
160668.859	-36478.543	1713847.470
44460.469	50049.027	1708964.657
59396.273	6913.121	1704081.845
-50559.805	-97891.258	1699199.032
40336.098	190167.938	1694316.220
91790.086	21536.104	1689433.407
31304.037	-17658.473	1684550.595
-1775.345	40851.859	1679667.782
-28627.879	-9866.811	1674784.970
-7139.521	22966.779	1669902.157
19840.740	28317.455	1665019.345
105973.398	18103.998	1660136.532
-1501.370	-1246.864	1655253.720
104398.203	60253.898	1650370.907
68418.188	-55251.363	1645488.095
-2862.909	-22074.691	1640605.282
17505.766	-21050.320	1635722.470
60392.027	-81856.805	1630839.657
-56790.082	12031.362	1625956.845
36010.570	-2610.425	1621074.032
58769.539	127740.477	1616191.220
-56149.203	-15011.902	1611308.407
92599.359	-47244.070	1606425.595
36488.996	124570.758	1601542.782
39626.766	-18395.465	1596659.970
126543.844	45002.207	1591777.157
30763.277	53509.133	1586894.345
32823.559	-23113.906	1582011.532
23072.605	-64391.480	1577128.720
-48847.410	66024.055	1572245.907
-74679.734	-87937.688	1567363.095
-59439.379	-41145.883	1562480.282
21737.939	-37525.000	1557597.470
79815.383	11085.508	1552714.657
42901.570	1510.571	1547831.845
116531.875	-31753.471	1542949.032
111191.641	172439.031	1538066.220
57573.195	-46217.969	1533183.407
121282.867	64760.305	1528300.595
34988.355	-4190.279	1523417.782
33027.465	56508.277	1518534.970
16239.674	134605.969	1513652.157
-36658.414	41277.391	1508769.345
-79325.195	64561.160	1503886.532
31747.662	159910.766	1499003.720
34082.797	-14577.524	1494120.907
-8707.282	10915.684	1489238.095
-58574.629	78982.016	1484355.282
74367.906	3597.548	1479472.470
98131.047	9447.438	1474589.657
144088.109	122484.820	1469706.845
12775.479	30707.750	1464824.032
175776.750	-2446.763	1459941.220
-41715.051	-22576.828	1455058.407
72858.781	55308.914	1450175.595
31159.059	82783.781	1445292.782
-37772.426	-8331.691	1440409.970
-1861.869	60898.609	1435527.157
23734.145	64737.797	1430644.345
-42146.844	-36950.789	1425761.532
55536.996	147338.094	1420878.720
38800.516	77775.211	1415995.907
115255.078	-17333.188	1411113.095
-27292.896	-109374.336	1406230.282
-55851.199	135558.234	1401347.470
4250.939	-58764.793	1396464.657
119870.508	49763.219	1391581.845
1828.409	67205.961	1386699.032
35663.363	-108479.156	1381816.220
-15045.906	100446.414	1376933.407
46516.879	56623.438	1372050.595
-93962.867	43014.043	1367167.782
42987.539	38189.824	1362284.970
11393.877	9398.121	1357402.157
-68539.969	-89372.938	1352519.345
65431.844	101215.570	1347636.532
41171.711	37517.570	1342753.720
-113093.422	31196.072	1337870.907
17269.844	-51537.930	1332988.095
158953.406	59231.613	1328105.282
-35570.656	12556.525	1323222.470
81647.938	-69170.141	1318339.657
-27343.279	149249.203	1313456.845
52947.527	-83961.430	1308574.032
129623.172	20257.143	1303691.220
-667.976	123755.430	1298808.407
113399.578	-37293.840	1293925.595
97240.656	104590.313	1289042.782
66182.664	75517.156	1284159.970
68180.508	53074.941	1279277.157
157067.688	179847.234	1274394.345
55112.891	109815.383	1269511.532
130804.352	37333.531	1264628.720
-6816.731	-94542.141	1259745.907
-41340.164	201784.984	1254863.095
68198.195	64691.336	1249980.282
-21468.473	124358.313	1245097.470
-13900.021	18171.729	1240214.657
-18666.914	113663.711	1235331.845
92167.523	-63361.313	1230449.032
16863.539	27102.127	1225566.220
96.143	106862.453	1220683.407
-90173.289	12457.697	1215800.595
94859.016	100201.789	1210917.782
216676.359	80006.891	1206034.970
6384.965	-41756.898	1201152.157
116436.922	131175.219	1196269.345
74454.078	36965.520	1191386.532
12730.087	134557.984	1186503.720
-16916.689	92963.992	1181620.907
164467.266	-18113.768	1176738.095
-777.143	48315.563	1171855.282
-5664.130	35091.965	1166972.470
50789.953	-14730.928	1162089.657
163247.969	75562.125	1157206.845
47425.770	-8582.271	1152324.032
138503.891	-15703.830	1147441.220
-7735.890	28798.752	1142558.407
-7423.192	12071.490	1137675.595
89510.258	-50102.652	1132792.782
164140.422	-104262.781	1127909.970
-115360.016	120512.547	1123027.157
53625.039	50879.602	1118144.345
72956.094	23816.619	1113261.532
-69110.766	25376.055	1108378.720
-21002.029	102342.352	1103495.907
-52371.238	-8785.349	1098613.095
12861.670	-51783.930	1093730.282
135930.984	34809.129	1088847.470
49053.703	-139512.984	1083964.657
130816.828	97461.133	1079081.845
30835.861	32655.758	1074199.032
122895.602	-474.507	1069316.220
-55509.918	48260.230	1064433.407
-169486.000	76456.570	1059550.595
-52285.777	32140.496	1054667.782
125908.555	123667.719	1049784.970
18649.355	336.738	1044902.157
161274.641	48461.348	1040019.345
31404.957	28165.867	1035136.532
30094.912	126114.406	1030253.720
110283.906	42223.680	1025370.907
90726.063	137216.203	1020488.095
-75246.648	138766.891	1015605.282
19302.588	-71592.383	1010722.470
110082.602	50445.727	1005839.657
-7690.519	138390.281	1000956.845
96262.453	151807.219	996074.032
62758.680	210605.766	991191.220
66627.016	-52399.973	986308.407
-82344.938	91615.867	981425.595
-67924.797	-67333.891	976542.782
83547.328	26771.092	971659.970
86812.203	221258.313	966777.157
-52503.496	-214479.078	961894.345
-7207.785	187094.094	957011.532
-36106.957	15276.859	952128.720
-19867.523	149675.641	947245.907
-129694.180	24484.193	942363.095
245603.609	95774.094	937480.282
206911.094	202586.297	932597.470
-80675.883	-25099.898	927714.657
141997.188	30257.537	922831.845
22809.773	94043.164	917949.032
-152659.953	9585.307	913066.220
-138809.188	294870.594	908183.407
-13193.472	104224.734	903300.595
69798.945	-24325.252	898417.782
106209.508	149140.672	893534.970
-146575.797	111549.406	888652.157
-64537.023	4981.292	883769.345
72707.164	-35701.141	878886.532
302361.344	138905.359	874003.720
113344.023	111955.328	869120.907
73328.133	120257.789	864238.095
-1446.338	10490.238	859355.282
-18766.160	26534.285	854472.470
69230.516	-40103.723	849589.657
-58312.676	-102578.961	844706.845
-41246.836	-33826.512	839824.032
158207.125	61281.059	834941.220
57596.367	17269.162	830058.407
-41506.969	29779.334	825175.595
-58113.008	56238.254	820292.782
-30588.041	68720.938	815409.970
-41677.348	-12955.545	810527.157
-8558.742	-28097.520	805644.345
32906.086	86354.969	800761.532
-294044.531	-63399.320	795878.720
-119331.063	184512.797	790995.907
105172.203	-109474.828	786113.095
-20973.279	115898.789	781230.282
197352.922	220282.516	776347.470
154863.438	224562.297	771464.657
82206.039	83519.688	766581.845
115488.984	113606.625	761699.032
95435.727	177067.656	756816.220
105265.461	-88450.664	751933.407
124587.594	-48471.375	747050.595
13908.438	8232.473	742167.782
71888.648	-68592.961	737284.970
-80281.172	157836.719	732402.157
84459.219	-1900.017	727519.345
38726.539	-23035.346	722636.532
25476.510	-14498.063	717753.720
-46277.598	77034.156	712870.907
262332.063	273643.375	707988.095
-10203.447	-51694.402	703105.282
15042.313	-10171.505	698222.470
299462.844	78492.773	693339.657
97505.492	377413.281	688456.845
52468.918	210923.625	683574.032
-150716.188	71662.875	678691.220
61361.254	-26402.541	673808.407
-52321.984	183266.750	668925.595
14043.809	158868.906	664042.782
49125.625	43540.445	659159.970
-17870.404	313091.563	654277.157
17777.889	6425.436	649394.345
83263.852	112359.109	644511.532
145819.141	244004.375	639628.720
151464.609	362711.531	634745.907
224211.281	-54459.570	629863.095
216571.219	-24901.813	624980.282
33747.656	32242.094	620097.470
-36493.457	57299.707	615214.657
222751.563	-33099.555	610331.845
33271.023	101856.070	605449.032
270314.281	102086.656	600566.220
3367.254	53101.535	595683.407
-132735.203	73006.391	590800.595
-21813.021	57632.434	585917.782
-7346.790	201015.391	581034.970
-35168.352	22716.971	576152.157
-91101.359	35836.125	571269.345
87689.422	73520.563	566386.532
35357.391	155259.281	561503.720
139298.750	-20516.930	556620.907
40533.176	173529.797	551738.095
120469.188	-104050.133	546855.282
114590.688	-13439.463	541972.470
-77649.602	50236.633	537089.657
85256.078	421701.781	532206.845
200850.953	165743.016	527324.032
-182853.047	11532.195	522441.220
-25761.508	83686.547	517558.407
-62039.078	228749.828	512675.595
70134.984	-21262.758	507792.782
-44210.422	-238220.500	502909.970
426694.000	-5725.943	498027.157
200724.234	-50445.902	493144.345
53774.531	45814.172	488261.532
91578.188	120745.438	483378.720
63142.465	145728.203	478495.907
81565.969	346199.375	473613.095
100592.391	332004.469	468730.282
-110356.688	129871.469	463847.470
211395.188	-79029.008	458964.657
57706.594	-102395.133	454081.845
-84015.070	133718.094	449199.032
-89290.523	69209.586	444316.220
77017.813	213163.266	439433.407
3360.872	188786.859	434550.595
-122606.117	317616.938	429667.782
17715.879	280151.813	424784.970
144192.156	-47695.719	419902.157
153862.141	73794.016	415019.345
3907.577	-13263.118	410136.532
135161.031	-141743.406	405253.720
-51849.543	169001.781	400370.907
244150.859	132860.219	395488.095
-124227.992	-192264.984	390605.282
208559.375	81625.281	385722.470
101775.063	228899.281	380839.657
-233433.750	103636.750	375956.845
3527.232	188843.313	371074.032
67654.836	216788.875	366191.220
-244318.766	119891.367	361308.407
-203088.016	134926.531	356425.595
-135935.078	419045.000	351542.782
-129093.438	303909.906	346659.970
-202590.594	239247.906	341777.157
-66426.438	279961.094	336894.345
171646.219	164333.484	332011.532
145533.766	115227.352	327128.720
52779.715	334659.563	322245.907
-16903.904	152452.750	317363.095
-12937.687	174023.266	312480.282
143245.922	158531.234	307597.470
134214.578	156246.297	302714.657
-17089.115	278967.406	297831.845
106103.734	292536.563	292949.032
141588.422	193899.188	288066.220
-98682.945	132816.906	283183.407
3875.594	255060.125	278300.595
148816.250	373450.656	273417.782
6321.596	207021.875	268534.970
-70224.383	315098.281	263652.157
247185.328	215388.875	258769.345
207444.484	197087.625	253886.532
24820.684	322224.906	249003.720
-153767.656	371881.969	244120.907
191641.891	257555.375	239238.095
54336.406	211937.688	234355.282
164534.000	95811.203	229472.470
228346.828	250136.828	224589.657
-107105.945	585738.500	219706.845
190932.578	149346.016	214824.032
30547.836	385681.563	209941.220
-59014.387	441640.563	205058.407
263684.656	444768.531	200175.595
165083.172	336155.625	195292.782
-15037.907	416160.688	190409.970
241379.438	242728.859	185527.157
278154.688	401918.375	180644.345
-63939.301	81327.555	175761.532
236768.547	288654.938	170878.720
90506.867	581913.000	165995.907
46340.055	277213.594	161113.095
-135122.531	327518.219	156230.282
306863.750	511542.125	151347.470
-35034.176	300672.125	146464.657
-126032.563	226200.406	141581.845
-14820.974	534257.313	136699.032
-159649.891	385050.906	131816.220
28473.285	580953.063	126933.407
210113.031	522187.906	122050.595
39271.445	425479.281	117167.782
229404.438	447314.594	112284.970
-94788.484	937433.188	107402.157
80545.586	815900.625	102519.345
-103622.875	1070741.125	97636.532
101507.508	985058.000	92753.720
428219.219	973690.188	87870.907
250964.953	945931.688	82988.095
461835.281	884834.375	78105.282
588702.875	1168795.875	73222.470
998806.000	1105059.500	68339.657
1070698.250	1280711.625	63456.845
983509.063	1292697.875	58574.032
1065923.000	1016042.438	53691.220
1542002.875	1033295.750	48808.407
1532796.875	717844.500	43925.595
1941801.875	834426.938	39042.782
1932054.500	400315.438	34159.970
2084611.750	-89004.117	29277.157
2042023.750	-97685.109	24394.345
1934316.625	-194941.453	19511.532
2146035.000	-576280.250	14628.720
1933065.375	-692207.375	9745.907
1779435.250	-844715.500	4863.095
1924076.875	-1109590.625	-19.718
1388788.500	-1197655.500	-4902.530
1264431.500	-1387282.000	-9785.343
652980.938	-1335729.500	-14668.155
912782.875	-1350603.250	-19550.968
942027.063	-1240481.000	-24433.780
567034.688	-1091434.250	-29316.593
387487.938	-997171.750	-34199.405
373893.750	-995283.000	-39082.218
213745.844	-941689.500	-43965.030
117406.008	-891102.813	-48847.843
278532.531	-710749.125	-53730.655
-48428.953	-485912.875	-58613.468
266839.281	-611215.938	-63496.280
77961.297	-671613.313	-68379.093
176606.031	-419403.313	-73261.905
56769.105	-545685.188	-78144.718
148887.906	-496193.781	-83027.530
-43552.426	-452248.531	-87910.343
180518.297	-390778.063	-92793.155
-70063.727	-505271.750	-97675.968
-198918.750	-640104.313	-102558.780
-27084.576	-513550.438	-107441.593
28169.682	-139876.750	-112324.405
-139072.266	-532237.063	-117207.218
53122.137	-358298.031	-122090.030
219902.453	-371771.156	-126972.843
-16361.530	-344980.313	-131855.655
18930.100	-94587.422	-136738.468
-216684.000	-664292.750	-141621.280
240549.609	-336806.781	-146504.093
-246154.781	-48253.836	-151386.905
-35421.086	-425238.125	-156269.718
-153581.969	-365253.219	-161152.530
34056.715	-185634.734	-166035.343
-15927.974	-370961.500	-170918.155
14901.005	-190184.266	-175800.968
13118.990	-101142.977	-180683.780
12242.750	-87381.141	-185566.593
84819.297	-148791.469	-190449.405
-42361.137	9817.528	-195332.218
-54762.055	-193765.922	-200215.030
41738.074	-366512.344	-205097.843
170671.219	-390482.063	-209980.655
-143770.047	-344100.188	-214863.468
-177808.922	-276063.250	-219746.280
-137535.563	-480060.250	-224629.093
-171996.578	-78130.898	-229511.905
-114551.797	-177096.344	-234394.718
-179674.563	-125279.242	-239277.530
78190.359	-254784.250	-244160.343
260191.609	-84996.789	-249043.155
-199956.344	-324572.125	-253925.968
17849.957	-64546.422	-258808.780
251830.703	-232061.406	-263691.593
-195540.109	-257450.609	-268574.405
-2675.229	-202215.844	-273457.218
-100208.773	-311550.813	-278340.030
103268.672	-347103.938	-283222.843
-34928.535	41575.977	-288105.655
-123880.227	-94009.102	-292988.468
44496.117	-125792.969	-297871.280
103114.867	-424168.094	-302754.093
55137.398	-32211.342	-307636.905
159996.969	-300114.000	-312519.718
25631.250	-88641.383	-317402.530
-5061.464	-289031.500	-322285.343
21930.092	-293528.281	-327168.155
45861.449	-204591.859	-332050.968
-23202.455	-80406.977	-336933.780
-49325.352	-228824.234	-341816.593
-125395.734	-270804.313	-346699.405
163172.375	-343862.031	-351582.218
176314.922	-322140.594	-356465.030
-163632.438	-236696.438	-361347.843
56273.977	72897.672	-366230.655
73609.820	-69802.578	-371113.468
-165514.641	-20056.547	-375996.280
-149754.141	-205703.031	-380879.093
121629.391	114134.445	-385761.905
-17837.377	93130.406	-390644.718
25938.582	-255921.813	-395527.530
53039.398	-230016.828	-400410.343
162727.906	137937.016	-405293.155
-224703.125	-122126.984	-410175.968
220910.516	67486.031	-415058.780
188587.781	26939.109	-419941.593
87699.156	-330764.906	-424824.405
-390021.750	82175.914	-429707.218
-14375.846	-191636.875	-434590.030
-67677.398	-247119.891	-439472.843
-104300.484	277891.125	-444355.655
70447.656	8862.992	-449238.468
-62473.020	-257946.219	-454121.280
88722.648	-267206.031	-459004.093
-260304.000	-166767.375	-463886.905
-41611.316	71585.203	-468769.718
49791.168	-13986.716	-473652.530
-138670.672	42047.387	-478535.343
71092.141	-89478.852	-483418.155
132405.641	-280395.125	-488300.968
-46590.191	-223719.375	-493183.780
-34787.105	-178669.594	-498066.593
50197.852	-256074.781	-502949.405
62350.016	-62058.527	-507832.218
221383.609	233831.156	-512715.030
214878.609	74370.484	-517597.843
257030.109	18205.201	-522480.655
-133375.188	-28076.777	-527363.468
27766.270	-197947.328	-532246.280
208173.500	-6488.550	-537129.093
-103469.031	-300750.719	-542011.905
21929.301	-41948.945	-546894.718
321483.344	-93627.281	-551777.530
-87036.000	-197581.906	-556660.343
159588.016	-283198.375	-561543.155
24489.090	-147538.625	-566425.968
-25483.207	-9496.833	-571308.780
258472.828	-128697.914	-576191.593
-58260.680	-61939.910	-581074.405
-48974.480	154063.344	-585957.218
12421.539	182879.016	-590840.030
31972.867	-102673.617	-595722.843
15352.926	-191417.547	-600605.655
256594.594	55810.359	-605488.468
170490.094	-163452.297	-610371.280
-143106.672	-200626.172	-615254.093
166746.672	81337.516	-620136.905
-191392.797	-41777.289	-625019.718
-104138.617	-77061.305	-629902.530
-81217.438	7633.678	-634785.343
75491.250	-20632.271	-639668.155
46671.266	-72822.125	-644550.968
184622.766	-299376.938	-649433.780
205658.438	-133221.297	-654316.593
78612.758	24884.432	-659199.405
120663.477	30801.742	-664082.218
-42443.391	-155949.047	-668965.030
-6420.770	167456.891	-673847.843
116434.609	83277.234	-678730.655
-121879.750	-171604.328	-683613.468
66172.688	-121417.813	-688496.280
-104918.648	135098.359	-693379.093
131751.031	-313965.406	-698261.905
225135.641	68929.414	-703144.718
226591.734	82738.156	-708027.530
-104015.922	189596.500	-712910.343
45911.621	-257449.172	-717793.155
-130997.938	-8435.291	-722675.968
174746.625	-167405.297	-727558.780
-66545.688	-57571.965	-732441.593
-227139.469	132831.266	-737324.405
256979.578	91843.227	-742207.218
167672.391	-106284.414	-747090.030
148513.594	174285.000	-751972.843
38974.164	39180.414	-756855.655
84832.539	143771.891	-761738.468
-246152.531	-233223.109	-766621.280
-54457.328	6545.217	-771504.093
164134.844	-26834.238	-776386.905
240657.906	-249038.734	-781269.718
46582.645	143892.891	-786152.530
184923.844	121055.383	-791035.343
123171.633	-185960.922	-795918.155
102003.672	44824.410	-800800.968
-173122.438	-118419.172	-805683.780
-81798.953	130571.633	-810566.593
12090.896	-92699.969	-815449.405
24396.688	-115742.273	-820332.218
-27871.408	112300.234	-825215.030
25089.490	150683.609	-830097.843
-35839.711	139931.297	-834980.655
-111065.992	34532.051	-839863.468
143254.047	23753.666	-844746.280
287272.281	125419.664	-849629.093
205729.313	100398.133	-854511.905
59527.941	-138735.219	-859394.718
249879.109	-206384.984	-864277.530
155407.016	18135.768	-869160.343
278492.781	-12246.757	-874043.155
99693.508	67266.336	-878925.968
-104846.438	-88719.539	-883808.780
9548.315	124588.570	-888691.593
729.620	-178150.219	-893574.405
-54243.582	-104369.703	-898457.218
-68359.789	31214.227	-903340.030
92194.039	221571.938	-908222.843
-82374.406	-24243.109	-913105.655
91309.289	31712.430	-917988.468
-125747.070	30008.266	-922871.280
-60721.164	-253770.422	-927754.093
-180410.656	167287.453	-932636.905
-133569.359	80630.672	-937519.718
168339.359	-101497.484	-942402.530
179986.609	170601.016	-947285.343
282471.000	-49402.508	-952168.155
33188.391	-327576.781	-957050.968
123240.023	-218770.531	-961933.780
207575.547	69530.211	-966816.593
34543.645	-115958.148	-971699.405
-162827.563	32551.936	-976582.218
3373.467	-135945.984	-981465.030
125903.125	-61664.629	-986347.843
113102.102	-27596.609	-991230.655
57704.035	-296714.438	-996113.468
-84700.695	-120809.727	-1000996.280
199869.406	31319.129	-1005879.093
168896.828	-251199.469	-1010761.905
105891.977	-77305.203	-1015644.718
89651.414	-171434.703	-1020527.530
168750.625	-205315.563	-1025410.343
39183.805	-335489.688	-1030293.155
13132.658	-61295.207	-1035175.968
198440.531	-5202.177	-1040058.780
61468.434	-123219.859	-1044941.593
-108839.406	-34307.031	-1049824.405
311256.500	-204227.969	-1054707.218
-36952.309	-79966.430	-1059590.030
41792.551	-17428.951	-1064472.843
-73641.063	-211536.313	-1069355.655
89353.891	184363.891	-1074238.468
-247357.891	-90218.016	-1079121.280
175219.141	-206110.844	-1084004.093
-35790.367	-104948.461	-1088886.905
-150217.375	87197.984	-1093769.718
48659.285	65887.172	-1098652.530
253443.172	-184553.266	-1103535.343
-165926.359	-167539.141	-1108418.155
123236.320	-94994.945	-1113300.968
145106.156	-96552.672	-1118183.780
-26165.078	137129.906	-1123066.593
-5136.425	-156273.531	-1127949.405
-65465.984	-280513.563	-1132832.218
85179.945	-182902.656	-1137715.030
100947.602	-53919.797	-1142597.843
1083.366	-44632.578	-1147480.655
-116590.313	136870.438	-1152363.468
130164.055	-53252.109	-1157246.280
-18948.727	-3713.064	-1162129.093
-102283.141	-220103.719	-1167011.905
191856.141	-139929.016	-1171894.718
-34391.141	-32809.977	-1176777.530
-35480.379	-83973.727	-1181660.343
-63964.469	169725.578	-1186543.155
-50524.563	59528.727	-1191425.968
172149.641	-119426.570	-1196308.780
-142040.844	-235267.063	-1201191.593
56099.113	-244694.234	-1206074.405
5278.337	-60628.844	-1210957.218
114635.875	4637.328	-1215840.030
-95306.477	-148065.359	-1220722.843
122893.414	-110165.938	-1225605.655
165891.781	65583.047	-1230488.468
-190940.750	-10706.778	-1235371.280
-190334.688	18162.453	-1240254.093
260713.594	31951.498	-1245136.905
47528.691	-18363.676	-1250019.718
-68685.250	-25699.172	-1254902.530
103820.383	-25426.930	-1259785.343
274761.188	-84010.852	-1264668.155
40783.676	132522.906	-1269550.968
139540.031	162039.734	-1274433.780
30868.600	183064.094	-1279316.593
68599.664	6979.651	-1284199.405
-92284.836	-54980.254	-1289082.218
110806.281	39747.645	-1293965.030
120345.859	-14341.544	-1298847.843
26935.979	-11028.996	-1303730.655
49604.332	48438.570	-1308613.468
117893.703	-228127.000	-1313496.280
-236319.703	188534.656	-1318379.093
-49142.707	64017.383	-1323261.905
136606.047	145025.125	-1328144.718
-115777.305	-320538.750	-1333027.530
-55892.762	-241975.266	-1337910.343
35508.785	223674.563	-1342793.155
126769.555	-48044.602	-1347675.968
228628.641	-120000.898	-1352558.780
-19772.885	48120.813	-1357441.593
-43053.965	14074.250	-1362324.405
83295.703	1154.705	-1367207.218
179090.266	-149290.719	-1372090.030
-153733.328	-34586.797	-1376972.843
-112665.898	257027.875	-1381855.655
43516.227	20221.246	-1386738.468
12384.792	27822.426	-1391621.280
172481.641	-1204.032	-1396504.093
100678.953	-41333.496	-1401386.905
-102438.516	-788.733	-1406269.718
-20548.924	-85580.391	-1411152.530
112677.977	73599.109	-1416035.343
278462.406	-9977.458	-1420918.155
-4706.971	-39319.496	-1425800.968
-70025.305	46244.418	-1430683.780
195101.391	-165133.734	-1435566.593
-13422.938	-84584.969	-1440449.405
72666.859	-92781.438	-1445332.218
203770.109	-138691.453	-1450215.030
-250068.234	-162617.516	-1455097.843
-4386.837	-157351.797	-1459980.655
-86861.313	20658.693	-1464863.468
18287.078	75935.109	-1469746.280
-42403.797	29.936	-1474629.093
67925.539	9702.889	-1479511.905
76337.320	38109.875	-1484394.718
-205829.422	-201888.406	-1489277.530
-7036.688	-139097.313	-1494160.343
-35438.051	12026.882	-1499043.155
-213614.094	-84053.766	-1503925.968
79001.180	-62506.641	-1508808.780
48937.191	-129330.773	-1513691.593
117776.922	-112516.336	-1518574.405
-31655.217	-10650.777	-1523457.218
-43814.375	222904.750	-1528340.030
-47135.445	-73002.469	-1533222.843
145284.531	-29283.146	-1538105.655
182791.375	-71835.906	-1542988.468
94702.016	-27856.672	-1547871.280
36132.820	-26146.154	-1552754.093
57130.797	-127802.469	-1557636.905
93544.125	-45256.352	-1562519.718
53134.379	106625.219	-1567402.530
43270.008	-83516.836	-1572285.343
-44649.805	-973.370	-1577168.155
54516.449	8429.021	-1582050.968
23875.350	38188.668	-1586933.780
-44185.922	-100504.555	-1591816.593
-100931.469	-159591.375	-1596699.405
-136729.375	-32397.502	-1601582.218
31088.090	11373.841	-1606465.030
47788.945	45214.574	-1611347.843
170480.813	-43157.305	-1616230.655
161935.297	80510.930	-1621113.468
-115616.945	-115942.078	-1625996.280
51998.676	-80553.563	-1630879.093
9390.204	-59933.063	-1635761.905
-15693.579	-75010.219	-1640644.718
20109.467	30094.670	-1645527.530
102101.492	-83502.266	-1650410.343
272859.438	-38787.449	-1655293.155
-25319.258	-59407.262	-1660175.968
158592.469	33274.508	-1665058.780
-1564.604	42798.984	-1669941.593
78433.000	13695.456	-1674824.405
25888.281	26046.793	-1679707.218
64559.863	137272.609	-1684590.030
194795.500	47764.074	-1689472.843
-81640.406	100227.633	-1694355.655
75792.680	-16261.736	-1699238.468
143455.031	97589.875	-1704121.280
114560.219	-35492.906	-1709004.093
100262.313	-200280.797	-1713886.905
78699.961	-134158.953	-1718769.718
74563.773	-71258.813	-1723652.530
-114261.477	-81109.320	-1728535.343
35887.336	73902.844	-1733418.155
17833.846	150902.000	-1738300.968
-38749.199	-79775.383	-1743183.780
132080.141	-32990.293	-1748066.593
106295.617	60748.086	-1752949.405
-62260.785	-29846.299	-1757832.218
-25783.814	-21385.877	-1762715.030
-12730.332	-22594.529	-1767597.843
25910.229	-164308.688	-1772480.655
138080.813	-106877.555	-1777363.468
-53087.035	-81174.906	-1782246.280
105553.758	2092.677	-1787129.093
-58164.809	34404.797	-1792011.905
50611.879	-3528.906	-1796894.718
153932.547	48491.992	-1801777.530
-116140.375	-6573.854	-1806660.343
-139132.016	100022.070	-1811543.155
23267.857	-52185.023	-1816425.968
-108577.070	-11646.020	-1821308.780
114666.938	99277.164	-1826191.593
35438.926	112108.633	-1831074.405
145030.500	21438.830	-1835957.218
30947.266	-74905.922	-1840840.030
115488.977	-181318.781	-1845722.843
61926.570	71137.891	-1850605.655
39598.066	-121741.445	-1855488.468
26055.230	-92889.609	-1860371.280
29175.318	102367.938	-1865254.093
31716.779	51555.730	-1870136.905
-5268.084	86394.523	-1875019.718
-84442.453	-48820.801	-1879902.530
-30791.662	-51963.922	-1884785.343
-909.567	28738.775	-1889668.155
-3595.597	43298.496	-1894550.968
47173.449	-107748.750	-1899433.780
55818.699	-42091.711	-1904316.593
40156.391	-36169.414	-1909199.405
78555.984	-47288.043	-1914082.218
46148.055	55985.145	-1918965.030
62815.750	37309.941	-1923847.843
-26831.680	32099.553	-1928730.655
51963.211	-24467.646	-1933613.468
108491.789	77560.000	-1938496.280
11686.591	29836.789	-1943379.093
56727.566	-142051.078	-1948261.905
35479.957	-89163.227	-1953144.718
68637.305	-114560.086	-1958027.530
-2139.356	2183.816	-1962910.343
55885.738	73680.680	-1967793.155
712.763	32520.164	-1972675.968
-54769.711	60807.992	-1977558.780
-33591.941	73147.234	-1982441.593
-78572.500	51023.715	-1987324.405
84306.547	-125319.547	-1992207.218
-25058.391	81964.242	-1997090.030
9020.887	-76057.891	-2001972.843
-588.283	-50688.629	-2006855.655
-32847.195	44131.465	-2011738.468
39033.816	189840.938	-2016621.280
198006.656	120104.313	-2021504.093
50119.590	-26686.531	-2026386.905
6536.730	-6419.862	-2031269.718
59438.266	23334.391	-2036152.530
-49364.113	-13955.941	-2041035.343
-27865.076	-43637.020	-2045918.155
93738.922	45212.172	-2050800.968
58998.258	57405.738	-2055683.780
41039.227	21867.361	-2060566.593
71063.109	-104259.219	-2065449.405
-64535.230	-27263.592	-2070332.218
90415.648	-114896.641	-2075215.030
12757.298	35487.660	-2080097.843
132804.016	-155295.797	-2084980.655
4130.763	40567.305	-2089863.468
-35780.195	-69174.688	-2094746.280
-26691.627	13119.580	-2099629.093
24908.389	-130547.727	-2104511.905
13530.231	6758.351	-2109394.718
13059.720	-16049.151	-2114277.530
-35610.945	-4488.578	-2119160.343
117600.336	73039.281	-2124043.155
-8176.163	-67536.633	-2128925.968
53004.254	-52946.305	-2133808.780
67413.797	-7345.575	-2138691.593
-69759.641	-93783.359	-2143574.405
102509.031	-144719.047	-2148457.218
-73802.156	738.985	-2153340.030
-35240.949	70056.805	-2158222.843
60092.086	10343.460	-2163105.655
-295.289	44330.902	-2167988.468
42196.547	14339.041	-2172871.280
131879.328	39877.543	-2177754.093
77755.250	48874.215	-2182636.905
137283.047	27266.514	-2187519.718
14091.167	-71104.234	-2192402.530
36797.941	13369.387	-2197285.343
44311.020	20085.953	-2202168.155
-13967.188	-61725.941	-2207050.968
70877.117	57697.449	-2211933.780
20475.129	20866.578	-2216816.593
-982.209	74023.719	-2221699.405
-20691.549	13117.936	-2226582.218
19785.334	47097.863	-2231465.030
-13038.439	24278.021	-2236347.843
115604.172	6223.008	-2241230.655
84441.859	63761.039	-2246113.468
20088.840	47827.141	-2250996.280
50019.066	-6597.815	-2255879.093
49215.832	91190.109	-2260761.905
84066.367	-27503.010	-2265644.718
109095.500	59529.207	-2270527.530
108478.711	81739.742	-2275410.343
46703.367	-24577.984	-2280293.155
51479.613	65744.516	-2285175.968
-94848.891	-2273.380	-2290058.780
98095.586	-66274.781	-2294941.593
-9409.849	24652.086	-2299824.405
-58938.867	6870.743	-2304707.218
35246.820	-44270.688	-2309590.030
38523.254	-49246.730	-2314472.843
-46099.555	-17650.805	-2319355.655
20286.383	20031.436	-2324238.468
3605.488	-42301.668	-2329121.280
57231.715	-39618.492	-2334004.093
-45607.730	-35508.461	-2338886.905
42152.859	42167.570	-2343769.718
24033.238	-18365.480	-2348652.530
76160.688	-8595.325	-2353535.343
95558.055	-69563.141	-2358418.155
105419.555	-72885.234	-2363300.968
59010.660	2111.776	-2368183.780
45433.355	-30871.057	-2373066.593
-12362.323	-10639.153	-2377949.405
-87133.273	-20420.445	-2382832.218
75462.578	-51866.371	-2387715.030
22546.855	24334.121	-2392597.843
-7964.032	45931.340	-2397480.655
15111.605	2229.163	-2402363.468
-51603.332	-27047.564	-2407246.280
-40369.875	64634.363	-2412129.093
-3314.003	-11238.769	-2417011.905
33879.188	-6662.414	-2421894.718
93389.117	-9682.823	-2426777.530
53273.363	-10591.672	-2431660.343
62102.215	-32492.766	-2436543.155
-37266.582	44361.465	-2441425.968
36537.375	49148.457	-2446308.780
18419.945	1214.229	-2451191.593
49639.379	37730.316	-2456074.405
51824.945	-21488.932	-2460957.218
-5580.754	-28063.809	-2465840.030
3037.958	-30176.797	-2470722.843
-40443.051	-64528.195	-2475605.655
13119.087	-23846.570	-2480488.468
33813.469	49479.367	-2485371.280
17969.758	33517.012	-2490254.093
-9051.153	-37789.168	-2495136.905
