Data Point Listing of File C:\NTNMR\data\Dan\LiFe.75Mn.25PO4\[010]\P31 [010] 45deg.tnt
Starting Point:	1	Ending Point:	1024
Real	Imag	Hz
84043.578	-10134.309	2499980.282
60662.840	24453.963	2495097.470
77216.063	26244.926	2490214.657
-6261.817	1625.127	2485331.845
103727.570	23232.721	2480449.032
49782.207	-53179.586	2475566.220
1205.812	-46392.926	2470683.407
73495.188	-31891.445	2465800.595
42582.117	-50651.301	2460917.782
47445.340	21793.932	2456034.970
16978.432	46462.254	2451152.157
30337.609	-56087.824	2446269.345
-15721.662	-18672.344	2441386.532
39014.488	1394.702	2436503.720
17002.406	3312.225	2431620.907
98513.875	-14541.850	2426738.095
29370.385	-9711.296	2421855.282
68897.375	-29686.100	2416972.470
55561.930	1641.433	2412089.657
17088.725	-5599.688	2407206.845
63572.531	16929.250	2402324.032
53465.738	-13893.607	2397441.220
86054.578	-17163.959	2392558.407
98535.102	48312.738	2387675.595
95858.859	24817.842	2382792.782
31592.666	13574.705	2377909.970
30253.609	15180.220	2373027.157
49817.090	19538.473	2368144.345
51089.734	-49029.582	2363261.532
38463.063	-13892.724	2358378.720
71495.813	4170.180	2353495.907
92078.477	-14007.821	2348613.095
47865.105	19123.180	2343730.282
72854.203	-7121.267	2338847.470
-17419.441	13026.373	2333964.657
40657.547	894.222	2329081.845
29648.449	-12105.128	2324199.032
32164.955	6461.856	2319316.220
-1569.057	-42494.914	2314433.407
80787.430	67278.328	2309550.595
12100.844	-11012.285	2304667.782
47016.910	-12839.502	2299784.970
42533.520	937.842	2294902.157
-17505.490	93014.938	2290019.345
-9098.347	20676.158	2285136.532
-2477.140	29654.771	2280253.720
26539.266	37075.973	2275370.907
40452.594	34535.637	2270488.095
-3353.412	-29796.330	2265605.282
32182.791	5812.158	2260722.470
22114.984	17856.875	2255839.657
22635.043	-68778.148	2250956.845
34211.117	33588.629	2246074.032
84784.961	24860.174	2241191.220
13854.458	15919.907	2236308.407
25486.629	10971.365	2231425.595
25651.965	-37210.656	2226542.782
43204.074	14287.157	2221659.970
44477.395	-18160.986	2216777.157
40545.637	-27615.051	2211894.345
22342.191	-27502.727	2207011.532
19044.070	18915.799	2202128.720
30919.111	30123.395	2197245.907
52578.094	-49442.148	2192363.095
-56641.695	38461.008	2187480.282
38529.508	21068.742	2182597.470
30457.666	52208.832	2177714.657
8652.081	-43673.863	2172831.845
23830.176	58261.203	2167949.032
47443.938	-557.593	2163066.220
34853.008	-3320.767	2158183.407
36481.227	-64425.234	2153300.595
-12810.661	-9218.429	2148417.782
-20827.262	-32767.393	2143534.970
-30429.080	2568.178	2138652.157
9548.162	21136.629	2133769.345
6369.603	78020.883	2128886.532
51225.582	6916.176	2124003.720
63767.293	-26735.070	2119120.907
34480.965	1637.489	2114238.095
-24627.322	-3162.992	2109355.282
23138.963	62879.238	2104472.470
20956.057	15688.981	2099589.657
61922.086	54627.301	2094706.845
28889.785	13679.735	2089824.032
19783.846	-41025.977	2084941.220
3732.929	51460.156	2080058.407
84429.688	-35529.336	2075175.595
7514.711	50162.727	2070292.782
51151.637	-23043.498	2065409.970
52940.047	12346.680	2060527.157
11770.563	69495.953	2055644.345
20907.590	7167.501	2050761.532
48085.082	9022.303	2045878.720
8184.849	22376.387	2040995.907
22716.016	85615.164	2036113.095
90762.477	32550.793	2031230.282
13623.108	84322.344	2026347.470
2580.176	40927.777	2021464.657
-16312.525	71682.016	2016581.845
84884.445	-6079.528	2011699.032
-39678.559	49054.188	2006816.220
62041.188	36927.703	2001933.407
-21067.461	37525.254	1997050.595
46821.316	21699.299	1992167.782
39951.789	-36111.125	1987284.970
90968.273	55070.383	1982402.157
20770.205	56085.203	1977519.345
26999.199	16413.377	1972636.532
117983.438	36815.508	1967753.720
-43758.332	63578.820	1962870.907
-29127.305	7536.797	1957988.095
-49131.000	62602.152	1953105.282
-51431.227	27962.402	1948222.470
90480.523	37819.602	1943339.657
-94.710	105883.008	1938456.845
30445.018	9907.951	1933574.032
67529.289	-43230.383	1928691.220
62294.500	39581.461	1923808.407
6016.786	101163.383	1918925.595
-12358.813	-29655.217	1914042.782
44520.020	-18058.613	1909159.970
23971.666	77848.344	1904277.157
27454.025	80740.867	1899394.345
33799.363	54013.359	1894511.532
18910.373	47700.500	1889628.720
-36332.543	11389.473	1884745.907
73002.922	-78283.523	1879863.095
100917.328	94324.109	1874980.282
-15979.456	-36524.621	1870097.470
15488.174	45399.910	1865214.657
44446.992	-56216.355	1860331.845
-85095.305	37878.914	1855449.032
17701.689	-13575.222	1850566.220
57487.117	-39099.410	1845683.407
40210.336	15275.565	1840800.595
-37639.703	-31378.838	1835917.782
17542.553	44481.559	1831034.970
81285.555	121222.703	1826152.157
-41901.754	26277.178	1821269.345
22079.146	43038.445	1816386.532
-3802.799	75952.961	1811503.720
57989.711	6824.111	1806620.907
-60553.836	66384.852	1801738.095
-54447.336	7861.863	1796855.282
61877.945	24953.861	1791972.470
71446.914	9425.228	1787089.657
86507.250	-55080.465	1782206.845
53198.164	-4548.392	1777324.032
-24540.914	41753.672	1772441.220
13157.423	60506.574	1767558.407
100378.102	8185.042	1762675.595
103409.172	29354.021	1757792.782
-65143.457	-19160.646	1752909.970
-5155.626	11234.085	1748027.157
6414.027	11007.755	1743144.345
53228.594	30322.041	1738261.532
-67477.734	763.003	1733378.720
149466.203	16179.744	1728495.907
8060.094	-55303.012	1723613.095
45493.063	67494.023	1718730.282
34615.188	15442.044	1713847.470
68350.578	21297.426	1708964.657
52874.672	-26327.689	1704081.845
64287.320	17829.580	1699199.032
80243.789	24918.836	1694316.220
17237.680	39583.145	1689433.407
-43749.840	76872.359	1684550.595
-15241.705	107671.492	1679667.782
102190.336	45186.957	1674784.970
32778.688	-95424.070	1669902.157
6836.907	20395.334	1665019.345
161102.297	46368.535	1660136.532
68629.695	27176.064	1655253.720
78816.992	83306.555	1650370.907
45437.402	-1282.127	1645488.095
93912.789	44040.676	1640605.282
63691.492	34247.438	1635722.470
33307.367	87822.016	1630839.657
30474.432	62949.891	1625956.845
54606.359	37580.684	1621074.032
-38375.727	-79702.813	1616191.220
-62267.289	56785.316	1611308.407
-20771.588	78668.500	1606425.595
114608.484	37139.098	1601542.782
88022.867	122351.813	1596659.970
-28371.984	101278.195	1591777.157
31684.330	-51005.645	1586894.345
60326.117	6814.601	1582011.532
9700.838	50330.512	1577128.720
63485.270	33419.027	1572245.907
38873.840	91395.469	1567363.095
67803.500	27724.027	1562480.282
141773.469	-65606.633	1557597.470
-119626.688	31962.492	1552714.657
-2254.518	-25848.105	1547831.845
40643.609	10903.463	1542949.032
-33254.234	21668.154	1538066.220
72510.719	-2278.578	1533183.407
93732.672	79502.445	1528300.595
70494.320	-26628.451	1523417.782
75511.117	129181.789	1518534.970
65236.938	94959.969	1513652.157
15641.815	84381.758	1508769.345
57988.352	-54799.113	1503886.532
-4366.078	31884.258	1499003.720
138433.844	-136277.813	1494120.907
2408.558	3299.569	1489238.095
149054.203	-56580.668	1484355.282
59156.887	13720.179	1479472.470
47959.316	-45876.891	1474589.657
33714.227	16118.640	1469706.845
-29726.293	-68198.000	1464824.032
-64661.766	67144.664	1459941.220
5758.718	119101.758	1455058.407
28891.781	94027.648	1450175.595
116074.758	138138.250	1445292.782
110038.023	82437.414	1440409.970
15396.173	80204.422	1435527.157
98279.898	-41533.535	1430644.345
120436.969	26958.557	1425761.532
-5701.591	35128.125	1420878.720
17046.057	3161.257	1415995.907
74168.172	23590.842	1411113.095
5427.448	118017.445	1406230.282
56569.852	-22999.117	1401347.470
-14482.063	76642.570	1396464.657
-49777.031	27033.744	1391581.845
40988.055	151046.125	1386699.032
22414.939	-81215.305	1381816.220
15023.805	4687.195	1376933.407
91947.891	43418.750	1372050.595
118556.133	62703.105	1367167.782
-62300.602	-58378.148	1362284.970
-58619.219	-53697.090	1357402.157
16948.201	101430.266	1352519.345
-32089.758	101121.727	1347636.532
-81018.836	-4960.087	1342753.720
7425.971	-47211.496	1337870.907
17096.869	119945.250	1332988.095
32226.787	45476.496	1328105.282
34091.648	-113080.453	1323222.470
102644.477	6841.945	1318339.657
72317.773	-53504.371	1313456.845
-21536.498	-34493.145	1308574.032
-23201.275	126405.656	1303691.220
61748.320	-92648.508	1298808.407
88953.586	93748.781	1293925.595
24360.365	-36726.746	1289042.782
28485.656	55556.543	1284159.970
-15753.998	155675.484	1279277.157
160054.313	-45261.539	1274394.345
83853.117	46077.070	1269511.532
91881.961	-126412.344	1264628.720
-59448.145	167053.984	1259745.907
142292.891	108169.930	1254863.095
13034.510	-53390.566	1249980.282
98275.797	55736.055	1245097.470
199183.625	-103518.891	1240214.657
25914.301	-47422.824	1235331.845
-17892.584	-23563.141	1230449.032
55710.070	92076.367	1225566.220
186564.188	54983.766	1220683.407
145388.766	-25554.080	1215800.595
31198.248	-39287.633	1210917.782
43229.395	-34298.355	1206034.970
-1092.467	55035.352	1201152.157
-121781.461	8373.802	1196269.345
22378.105	58735.141	1191386.532
103095.211	-14572.705	1186503.720
36292.652	61494.406	1181620.907
-52488.902	-19077.881	1176738.095
266626.250	14075.485	1171855.282
-59739.188	-22803.273	1166972.470
263068.688	78602.422	1162089.657
-77324.102	18049.072	1157206.845
140412.781	110244.922	1152324.032
-129551.008	90206.133	1147441.220
-62374.063	84443.797	1142558.407
66112.586	9591.575	1137675.595
1135.133	-64293.113	1132792.782
-35613.441	121004.195	1127909.970
-4578.723	28452.410	1123027.157
53245.141	168000.594	1118144.345
-94162.328	30995.332	1113261.532
-108689.492	42909.008	1108378.720
170078.813	51630.688	1103495.907
-157094.953	-109355.289	1098613.095
24284.201	41283.641	1093730.282
69446.000	61968.219	1088847.470
48527.430	69157.797	1083964.657
29643.313	-14389.552	1079081.845
-8275.389	64503.109	1074199.032
34821.938	109192.992	1069316.220
94719.742	25598.563	1064433.407
-55909.887	12210.234	1059550.595
-101693.977	-30109.961	1054667.782
83800.609	54872.645	1049784.970
-26675.283	57712.605	1044902.157
66496.992	-27433.455	1040019.345
143345.188	221397.438	1035136.532
97299.758	82108.531	1030253.720
124547.938	-49141.152	1025370.907
37913.434	246731.531	1020488.095
250632.844	-84857.961	1015605.282
-75716.367	35339.605	1010722.470
86637.516	130739.773	1005839.657
117062.852	-45777.613	1000956.845
30714.598	213945.719	996074.032
-34379.676	91552.789	991191.220
-15828.588	164876.547	986308.407
138464.875	65649.594	981425.595
84832.555	56951.926	976542.782
268728.531	103234.133	971659.970
90650.758	-65185.270	966777.157
63596.477	40855.348	961894.345
64418.461	125786.914	957011.532
-90663.711	202555.141	952128.720
-16827.557	-34990.715	947245.907
122943.422	174256.156	942363.095
102609.930	24429.811	937480.282
32078.813	-65357.535	932597.470
137812.422	-18401.154	927714.657
-66410.078	72275.836	922831.845
-13659.483	111441.305	917949.032
20533.682	61271.281	913066.220
-258257.625	161820.063	908183.407
-55217.492	3782.981	903300.595
72955.664	191450.953	898417.782
190010.625	23572.736	893534.970
193352.219	182530.625	888652.157
-84558.453	-45644.547	883769.345
1884.163	188994.344	878886.532
189449.813	-6535.677	874003.720
16661.264	262052.297	869120.907
14165.978	31724.400	864238.095
219662.063	-28978.830	859355.282
-23680.684	187295.109	854472.470
124684.352	-44963.660	849589.657
50917.281	-14651.579	844706.845
208371.906	228329.328	839824.032
-60784.590	-64370.523	834941.220
59968.742	-24995.939	830058.407
-58414.504	9589.004	825175.595
-69978.398	-35830.043	820292.782
72295.859	279410.781	815409.970
37229.180	160200.672	810527.157
-6331.682	77367.836	805644.345
87334.719	98495.430	800761.532
-43633.004	152324.734	795878.720
99404.961	114754.047	790995.907
92601.664	193859.563	786113.095
164136.422	-49669.563	781230.282
96025.063	37388.918	776347.470
-51727.910	-6944.902	771464.657
-128351.914	-53792.668	766581.845
-62304.043	256635.578	761699.032
-24281.666	167458.016	756816.220
-11939.654	-44032.129	751933.407
-51002.211	100643.563	747050.595
-139188.297	-184779.453	742167.782
-105682.289	18264.281	737284.970
-30342.227	-23473.270	732402.157
66634.672	-74279.211	727519.345
17668.137	58899.430	722636.532
-252098.156	214365.484	717753.720
56532.484	276710.125	712870.907
-106715.078	206643.609	707988.095
-122511.352	-85768.977	703105.282
127263.836	24128.008	698222.470
-81959.570	110262.953	693339.657
4273.427	-65141.406	688456.845
-187299.953	-53365.715	683574.032
41643.789	-66777.391	678691.220
72616.820	56985.203	673808.407
119304.484	203326.234	668925.595
68013.188	57561.852	664042.782
9145.581	-64297.348	659159.970
151716.141	183107.438	654277.157
19877.695	94750.320	649394.345
23842.045	-35304.500	644511.532
141421.969	-30887.547	639628.720
-74594.938	-91754.930	634745.907
57561.609	69977.852	629863.095
55050.484	66848.867	624980.282
79798.328	-29734.303	620097.470
39834.152	49093.684	615214.657
76269.750	13732.456	610331.845
17445.973	-130404.016	605449.032
-23437.551	8195.530	600566.220
88321.797	89311.234	595683.407
-76925.953	-84860.516	590800.595
-22012.088	54741.480	585917.782
26597.705	306770.625	581034.970
84796.547	21590.041	576152.157
294070.688	-149815.969	571269.345
-57148.246	25536.279	566386.532
114135.047	159754.703	561503.720
24193.473	-23729.762	556620.907
-159881.781	-34477.723	551738.095
-34400.016	287691.938	546855.282
-79399.008	494425.063	541972.470
3259.143	36641.074	537089.657
-44924.770	45812.160	532206.845
44645.582	205924.141	527324.032
227342.063	91620.617	522441.220
217714.453	140522.609	517558.407
-47623.531	155011.516	512675.595
-65305.152	25484.162	507792.782
82047.570	141544.578	502909.970
53886.234	305423.969	498027.157
130363.148	-11335.049	493144.345
-254141.188	3109.689	488261.532
149189.234	90729.414	483378.720
117232.852	44408.504	478495.907
165818.406	32575.457	473613.095
22220.783	9289.588	468730.282
93310.719	9561.715	463847.470
102852.484	53585.574	458964.657
270585.406	-13172.459	454081.845
-12309.935	71987.188	449199.032
-70691.219	45587.270	444316.220
101166.789	95346.484	439433.407
-71508.609	-42315.117	434550.595
-98432.070	283966.906	429667.782
213155.672	262144.281	424784.970
8112.992	210907.672	419902.157
114018.891	89483.180	415019.345
-323952.063	262006.266	410136.532
25908.768	272650.406	405253.720
303421.188	101540.359	400370.907
-31598.953	269396.500	395488.095
-175058.250	241504.641	390605.282
-56936.285	115531.430	385722.470
109297.469	82429.008	380839.657
-229804.906	349199.719	375956.845
-14349.847	155979.813	371074.032
-120830.953	262827.313	366191.220
34855.344	151974.813	361308.407
-218850.828	194806.938	356425.595
-405759.031	163005.313	351542.782
182034.281	71737.266	346659.970
45532.313	431223.063	341777.157
234934.328	212855.516	336894.345
-68048.711	283745.625	332011.532
-71004.359	118469.297	327128.720
-183366.344	156509.297	322245.907
91326.398	173054.953	317363.095
23773.654	127325.281	312480.282
-216385.547	215127.719	307597.470
228690.703	201214.516	302714.657
-95996.508	129143.914	297831.845
37356.582	238278.984	292949.032
-26912.164	-6832.478	288066.220
1336.549	338885.156	283183.407
-30568.643	255958.766	278300.595
120986.195	409060.281	273417.782
134856.516	257579.500	268534.970
167816.594	255073.422	263652.157
84527.945	286781.156	258769.345
-51029.105	310643.406	253886.532
46299.246	216649.031	249003.720
10926.684	148612.859	244120.907
-82977.719	172037.219	239238.095
-15358.884	225059.063	234355.282
35385.336	457925.375	229472.470
-170893.625	252170.219	224589.657
-23778.033	177799.813	219706.845
207979.672	408413.688	214824.032
264222.063	389261.406	209941.220
-2359.616	445782.656	205058.407
117536.359	188393.422	200175.595
172847.531	172917.375	195292.782
208491.172	147087.422	190409.970
160801.328	419369.031	185527.157
181178.844	319888.156	180644.345
378967.906	480734.688	175761.532
-186440.375	419245.531	170878.720
-61252.000	259708.672	165995.907
190035.484	256396.219	161113.095
73575.703	135352.438	156230.282
177079.406	462712.719	151347.470
-122164.781	323933.344	146464.657
-197152.672	182535.703	141581.845
24545.398	377588.094	136699.032
-59021.695	379223.781	131816.220
-61906.477	551510.875	126933.407
19979.387	535819.250	122050.595
-222582.031	700102.063	117167.782
-91660.445	530472.938	112284.970
-134459.781	474457.688	107402.157
-24059.244	756866.250	102519.345
-156979.734	826166.000	97636.532
249025.172	1239508.625	92753.720
133831.734	1294171.125	87870.907
120348.898	1514622.000	82988.095
438469.063	1275935.375	78105.282
277644.625	1666084.375	73222.470
458163.438	1785765.875	68339.657
1019495.375	1432443.625	63456.845
1475950.000	1787939.625	58574.032
1875929.625	1110215.125	53691.220
2089258.250	1149212.125	48808.407
2532629.750	814525.000	43925.595
2158798.000	301488.219	39042.782
2324483.750	-2509.432	34159.970
2400342.750	-120085.383	29277.157
2141704.000	-431808.500	24394.345
1951244.375	-696223.750	19511.532
1767492.875	-1216781.250	14628.720
1553225.750	-745438.750	9745.907
1423774.000	-1059548.000	4863.095
897534.625	-1383154.250	-19.718
886859.125	-1150896.250	-4902.530
680146.438	-894387.813	-9785.343
579829.250	-1295444.375	-14668.155
592424.250	-1051302.000	-19550.968
403800.375	-903616.938	-24433.780
452481.094	-914342.500	-29316.593
296000.938	-1135880.625	-34199.405
347540.313	-841397.688	-39082.218
562445.063	-690600.813	-43965.030
389231.250	-774805.375	-48847.843
302027.094	-612411.375	-53730.655
163638.172	-729580.438	-58613.468
131203.938	-980573.938	-63496.280
72316.133	-801886.000	-68379.093
180416.578	-535288.500	-73261.905
-15304.793	-491624.688	-78144.718
-57403.672	-595333.688	-83027.530
38026.770	-405319.156	-87910.343
-227568.422	-368552.875	-92793.155
-86853.617	-610631.250	-97675.968
27596.369	-426167.875	-102558.780
-80420.492	-350997.125	-107441.593
116237.688	-211008.125	-112324.405
-67363.148	-237020.484	-117207.218
123752.805	-366828.719	-122090.030
170024.922	-345902.375	-126972.843
289602.375	-500283.063	-131855.655
-98408.727	-252526.031	-136738.468
-149054.125	-140015.016	-141621.280
203817.844	-271077.906	-146504.093
-77470.727	-257190.969	-151386.905
181995.156	-430486.469	-156269.718
102426.477	-490157.063	-161152.530
148706.156	-445220.156	-166035.343
111497.719	-38742.316	-170918.155
140546.063	46858.047	-175800.968
-101174.023	-49521.676	-180683.780
-129067.445	-368643.031	-185566.593
89002.898	-451135.875	-190449.405
114044.586	-87571.016	-195332.218
135791.328	-268658.406	-200215.030
192547.063	93310.063	-205097.843
201772.734	-106253.828	-209980.655
-137718.281	-244438.031	-214863.468
8129.372	-204770.484	-219746.280
-87533.008	-144719.078	-224629.093
42727.813	-407983.469	-229511.905
120605.516	-225618.172	-234394.718
-124318.828	122327.234	-239277.530
309851.438	-129758.008	-244160.343
270635.313	-339851.063	-249043.155
-78264.445	-51772.090	-253925.968
7865.814	-63512.340	-258808.780
-148493.641	-346891.531	-263691.593
-64938.695	-67760.539	-268574.405
152043.891	-297968.094	-273457.218
170705.641	-37528.258	-278340.030
331567.250	-170942.750	-283222.843
-225320.594	-68872.883	-288105.655
357093.438	-410416.625	-292988.468
-164687.391	334.371	-297871.280
173102.234	-236477.672	-302754.093
100701.352	-205135.953	-307636.905
162180.078	-261473.281	-312519.718
-88125.406	-32723.449	-317402.530
-60852.566	-206344.328	-322285.343
33679.277	-75982.195	-327168.155
-86669.188	-142948.391	-332050.968
97444.492	-386341.750	-336933.780
21300.172	241452.422	-341816.593
-129448.781	18011.762	-346699.405
72844.492	30995.449	-351582.218
-194462.156	2339.228	-356465.030
-62673.363	-255256.203	-361347.843
442653.938	-215420.063	-366230.655
-157466.578	5334.009	-371113.468
-31192.744	-267520.625	-375996.280
-281781.438	-146655.781	-380879.093
65134.875	-173893.781	-385761.905
43054.664	-19311.602	-390644.718
-296276.938	18651.555	-395527.530
-288204.250	-121916.789	-400410.343
-34144.098	-100062.508	-405293.155
297107.594	-84095.047	-410175.968
155819.141	-125685.961	-415058.780
59075.570	-103884.500	-419941.593
214975.719	-256696.578	-424824.405
-252214.250	252349.328	-429707.218
-282408.594	-8588.546	-434590.030
-7196.808	201027.391	-439472.843
149793.656	-30691.729	-444355.655
99239.719	-12410.306	-449238.468
-108285.148	-68566.281	-454121.280
90748.211	-315095.844	-459004.093
47204.672	-294108.156	-463886.905
285622.531	-62042.285	-468769.718
8589.388	226459.969	-473652.530
177205.656	102153.836	-478535.343
-51155.938	75093.109	-483418.155
-16956.094	-232296.266	-488300.968
170711.313	-24813.422	-493183.780
95544.063	-21901.867	-498066.593
-78243.148	-179692.547	-502949.405
12938.444	109531.461	-507832.218
-67616.422	-158324.922	-512715.030
-11569.519	-129564.008	-517597.843
101751.172	92429.422	-522480.655
108066.867	-312218.188	-527363.468
64311.980	-100639.930	-532246.280
30012.750	1584.269	-537129.093
281860.625	182627.703	-542011.905
100545.266	91406.406	-546894.718
-112097.000	-100990.680	-551777.530
-132197.000	3543.774	-556660.343
-42481.477	33713.664	-561543.155
406868.875	-150620.188	-566425.968
17111.379	-84171.781	-571308.780
-102630.984	-236763.703	-576191.593
-169350.547	-95102.969	-581074.405
-210316.000	-286022.844	-585957.218
173972.922	-204179.875	-590840.030
-25999.490	23594.836	-595722.843
63852.227	70152.375	-600605.655
155760.547	-38900.227	-605488.468
-58838.254	-77297.438	-610371.280
119116.375	11501.099	-615254.093
-127682.250	193556.484	-620136.905
124436.453	71501.445	-625019.718
-5135.070	-167444.500	-629902.530
9643.359	-214713.266	-634785.343
296745.094	-107685.242	-639668.155
10036.526	-98007.031	-644550.968
-81214.805	-164096.984	-649433.780
-53414.066	-176515.031	-654316.593
-54622.875	-48779.523	-659199.405
-47522.441	-136848.953	-664082.218
112267.320	-41595.648	-668965.030
4132.063	-122800.867	-673847.843
-111968.859	-78893.141	-678730.655
30580.713	30162.875	-683613.468
-178500.828	-99159.734	-688496.280
201772.500	218239.297	-693379.093
-76271.422	203921.609	-698261.905
-182727.203	-50557.906	-703144.718
348337.906	-182009.719	-708027.530
285160.844	-94668.586	-712910.343
-204832.828	-110430.727	-717793.155
279924.781	2519.948	-722675.968
220570.688	-375983.188	-727558.780
174104.984	-79800.508	-732441.593
17210.416	126939.469	-737324.405
-125055.797	-322637.688	-742207.218
-229442.234	-220493.875	-747090.030
200051.531	-173932.484	-751972.843
-115866.656	-151814.500	-756855.655
-134356.578	-134399.203	-761738.468
66943.133	-110029.563	-766621.280
369083.719	-204389.813	-771504.093
-41598.883	-170619.750	-776386.905
27880.861	-29201.906	-781269.718
301339.813	-112277.938	-786152.530
-154531.172	101896.422	-791035.343
37565.957	-89592.758	-795918.155
260604.266	-59255.871	-800800.968
223204.125	185485.516	-805683.780
35081.742	-187096.422	-810566.593
373411.750	-325584.719	-815449.405
-93900.391	-119432.359	-820332.218
-108215.172	251141.766	-825215.030
-104269.086	-148792.391	-830097.843
51274.199	-7775.468	-834980.655
-205287.813	62686.500	-839863.468
128430.539	-23369.898	-844746.280
111472.875	-118016.070	-849629.093
-136454.344	-54317.883	-854511.905
50433.223	23930.514	-859394.718
-24693.947	-55778.758	-864277.530
-80667.984	110609.594	-869160.343
74516.148	-62776.391	-874043.155
-6352.813	-20057.090	-878925.968
41247.293	-111709.453	-883808.780
-21882.213	-65836.789	-888691.593
41197.516	-20543.916	-893574.405
220938.609	145657.203	-898457.218
-256263.688	-22879.545	-903340.030
253450.594	-87828.867	-908222.843
-10642.861	-101047.109	-913105.655
-154801.953	-1019.500	-917988.468
21079.510	-86024.234	-922871.280
138056.875	-226248.094	-927754.093
31718.600	-48596.957	-932636.905
-2622.663	-267515.844	-937519.718
-241527.641	-124709.883	-942402.530
-23192.689	-187688.906	-947285.343
83979.672	-47659.730	-952168.155
121767.258	-75630.867	-957050.968
130718.055	-197380.141	-961933.780
47006.629	-260246.922	-966816.593
-68911.398	34871.965	-971699.405
140058.828	-58837.883	-976582.218
-81967.141	-128110.961	-981465.030
-54054.855	3935.306	-986347.843
-50594.680	58878.102	-991230.655
-5068.065	-87912.898	-996113.468
10989.036	-186122.578	-1000996.280
68677.992	-80341.578	-1005879.093
-133017.547	-222303.828	-1010761.905
212541.203	19985.355	-1015644.718
-234217.344	237326.797	-1020527.530
-170668.000	12984.646	-1025410.343
77257.609	-53911.914	-1030293.155
-10669.036	237197.250	-1035175.968
-191010.797	104609.609	-1040058.780
95041.547	-126095.289	-1044941.593
-170220.328	-148367.688	-1049824.405
232173.969	51387.848	-1054707.218
-52402.281	62346.227	-1059590.030
155841.938	-85216.602	-1064472.843
199002.297	-233485.000	-1069355.655
84407.602	27608.533	-1074238.468
18495.002	-126545.219	-1079121.280
-30427.807	-30753.250	-1084004.093
-60074.512	-3632.882	-1088886.905
-116517.172	60634.648	-1093769.718
-13127.378	-58603.664	-1098652.530
-9930.853	97062.781	-1103535.343
123988.625	-15671.770	-1108418.155
165818.250	-44890.207	-1113300.968
-46612.441	160643.719	-1118183.780
-49612.270	215627.438	-1123066.593
126822.852	-58175.445	-1127949.405
193255.375	47290.402	-1132832.218
86897.305	80681.742	-1137715.030
-40674.039	-134057.406	-1142597.843
46648.227	52793.660	-1147480.655
164721.016	3955.626	-1152363.468
136293.469	-70062.875	-1157246.280
-131451.984	-37714.242	-1162129.093
258648.234	-24280.256	-1167011.905
-17240.498	24107.957	-1171894.718
2447.336	111033.734	-1176777.530
64731.332	141566.906	-1181660.343
-40578.887	-168605.000	-1186543.155
49015.973	-116303.750	-1191425.968
-232503.172	-34594.563	-1196308.780
-117684.266	-22802.848	-1201191.593
65653.031	-22125.453	-1206074.405
-78307.258	-125268.781	-1210957.218
127627.594	-125915.516	-1215840.030
107669.883	19244.713	-1220722.843
-76366.945	8942.690	-1225605.655
128492.828	-81187.844	-1230488.468
31558.936	45059.230	-1235371.280
-132585.781	-102360.000	-1240254.093
91721.242	80960.422	-1245136.905
-119111.703	-255167.953	-1250019.718
114891.594	120252.484	-1254902.530
19929.145	-63123.605	-1259785.343
55427.738	20447.848	-1264668.155
183262.219	292372.031	-1269550.968
111844.328	74674.828	-1274433.780
-64947.766	115061.688	-1279316.593
157436.016	-87570.336	-1284199.405
-109759.969	-127668.898	-1289082.218
222145.109	340660.875	-1293965.030
122633.891	-108558.633	-1298847.843
296774.063	-172956.297	-1303730.655
-222550.953	80225.117	-1308613.468
159924.031	-43960.469	-1313496.280
36351.398	97772.516	-1318379.093
105876.438	-119816.234	-1323261.905
-67973.242	93676.836	-1328144.718
13966.283	-125094.750	-1333027.530
-12911.363	102873.438	-1337910.343
153407.281	-162259.938	-1342793.155
32378.441	-4354.248	-1347675.968
-6893.624	199258.375	-1352558.780
-33551.145	114017.922	-1357441.593
141041.938	28991.279	-1362324.405
132974.313	-79930.500	-1367207.218
-23393.617	203191.656	-1372090.030
183190.375	-47425.977	-1376972.843
151768.344	-80905.641	-1381855.655
-145188.531	-29122.059	-1386738.468
-128721.391	-87528.172	-1391621.280
172741.594	10657.707	-1396504.093
135845.828	-6410.771	-1401386.905
167979.078	226134.750	-1406269.718
-55848.781	-207301.625	-1411152.530
18518.891	-31892.709	-1416035.343
-164798.063	143934.078	-1420918.155
-153588.844	-68334.102	-1425800.968
304428.563	-67013.031	-1430683.780
149734.359	-148320.938	-1435566.593
179336.953	-30070.270	-1440449.405
146849.359	99923.633	-1445332.218
141031.391	2569.917	-1450215.030
-91440.852	205220.609	-1455097.843
96760.938	42061.246	-1459980.655
-80070.781	-216846.563	-1464863.468
26744.391	-6485.899	-1469746.280
95615.109	24001.193	-1474629.093
-30062.469	-4134.349	-1479511.905
-98065.688	-41778.145	-1484394.718
-78999.445	144562.938	-1489277.530
55651.586	6415.778	-1494160.343
260699.984	-138287.797	-1499043.155
-158017.922	-154290.219	-1503925.968
87329.320	-32207.666	-1508808.780
19710.859	12816.200	-1513691.593
79230.094	100904.594	-1518574.405
140379.516	-68390.008	-1523457.218
-100318.648	143859.484	-1528340.030
305573.688	-10637.057	-1533222.843
-212104.469	74444.945	-1538105.655
-20305.205	73187.344	-1542988.468
48628.281	-116521.133	-1547871.280
114478.531	-22598.930	-1552754.093
-5316.871	-130890.180	-1557636.905
36673.516	-205113.703	-1562519.718
-112924.734	61615.457	-1567402.530
35082.035	-49370.488	-1572285.343
-46829.344	131502.828	-1577168.155
24619.520	-27664.480	-1582050.968
-35377.035	-127958.945	-1586933.780
-33137.602	26382.227	-1591816.593
71113.719	65907.320	-1596699.405
54984.055	-28367.328	-1601582.218
-238124.531	-84659.609	-1606465.030
-107137.977	-939.949	-1611347.843
144124.828	19453.750	-1616230.655
151922.359	-189362.172	-1621113.468
-37710.609	109281.531	-1625996.280
59591.883	-248594.344	-1630879.093
32120.191	227965.953	-1635761.905
-92534.844	175076.125	-1640644.718
211642.188	-54700.070	-1645527.530
47068.234	92713.555	-1650410.343
-173633.281	106805.063	-1655293.155
-53541.457	193292.422	-1660175.968
11948.723	99503.305	-1665058.780
12411.077	-81528.008	-1669941.593
-108637.797	-31437.125	-1674824.405
106418.117	-6999.189	-1679707.218
403.610	-31055.510	-1684590.030
-20479.590	93962.805	-1689472.843
73372.219	-34562.727	-1694355.655
66885.625	57651.449	-1699238.468
-9493.748	66073.297	-1704121.280
198874.734	63320.031	-1709004.093
-52263.797	81815.055	-1713886.905
37746.934	-78044.063	-1718769.718
124247.211	-187961.063	-1723652.530
-12525.398	44537.586	-1728535.343
61804.441	-181495.469	-1733418.155
11658.879	-174762.594	-1738300.968
172868.750	-2849.077	-1743183.780
163527.750	-136048.359	-1748066.593
41340.305	-118183.352	-1752949.405
66365.063	52984.641	-1757832.218
100981.758	-52762.141	-1762715.030
19337.699	123131.414	-1767597.843
29689.627	37400.582	-1772480.655
109120.289	-37517.469	-1777363.468
-229079.516	-44202.934	-1782246.280
21421.559	162672.156	-1787129.093
89460.320	69244.383	-1792011.905
117431.844	-73628.867	-1796894.718
29156.285	-43011.020	-1801777.530
-66608.523	30387.443	-1806660.343
109238.664	-3858.641	-1811543.155
270936.000	-124032.063	-1816425.968
105885.609	-24384.816	-1821308.780
17815.607	-48145.828	-1826191.593
75418.617	-3601.898	-1831074.405
-9361.947	42839.594	-1835957.218
11795.550	61770.973	-1840840.030
72372.461	-60084.145	-1845722.843
51398.324	-9856.014	-1850605.655
116193.539	55778.523	-1855488.468
69885.117	21718.529	-1860371.280
-23843.098	-34111.484	-1865254.093
35122.477	45356.309	-1870136.905
-51547.586	-146683.188	-1875019.718
29326.840	-121373.703	-1879902.530
-82424.094	-63344.234	-1884785.343
66832.188	-18727.471	-1889668.155
41888.266	122657.836	-1894550.968
100625.898	-46891.992	-1899433.780
42673.637	-19163.990	-1904316.593
95380.906	36133.902	-1909199.405
156099.188	91676.469	-1914082.218
42760.539	89871.578	-1918965.030
-18697.676	-46031.273	-1923847.843
122692.641	-35321.555	-1928730.655
-48345.262	98480.516	-1933613.468
123547.469	-35582.676	-1938496.280
167205.203	42543.910	-1943379.093
62473.820	44899.543	-1948261.905
17487.557	-42447.395	-1953144.718
-3002.803	-59190.113	-1958027.530
11467.380	55006.387	-1962910.343
-50817.809	22842.225	-1967793.155
-23167.771	-141043.969	-1972675.968
98502.508	46109.977	-1977558.780
-113668.750	68404.133	-1982441.593
23698.219	-54009.832	-1987324.405
31080.367	22397.463	-1992207.218
-67069.398	121469.898	-1997090.030
-5982.946	-48229.750	-2001972.843
1261.532	12609.514	-2006855.655
148913.734	-73323.313	-2011738.468
81092.609	26511.094	-2016621.280
40762.969	8057.539	-2021504.093
-27795.135	24332.098	-2026386.905
83222.211	88322.641	-2031269.718
-21467.195	-68478.148	-2036152.530
110026.133	4567.943	-2041035.343
23315.988	-74874.398	-2045918.155
-29296.754	-64598.785	-2050800.968
-85795.961	76677.563	-2055683.780
191605.500	-32727.764	-2060566.593
13678.718	-114656.266	-2065449.405
-37734.699	61619.348	-2070332.218
55442.039	-66292.094	-2075215.030
2216.781	-32601.123	-2080097.843
-21786.648	44541.422	-2084980.655
-49707.000	34117.844	-2089863.468
24583.846	76670.469	-2094746.280
105330.523	544.536	-2099629.093
89912.000	101528.594	-2104511.905
37756.117	5564.839	-2109394.718
45988.121	-111806.922	-2114277.530
31115.307	4911.389	-2119160.343
42019.613	147323.594	-2124043.155
-78316.070	45260.461	-2128925.968
110210.273	3050.240	-2133808.780
38093.117	12357.738	-2138691.593
6165.640	-9004.626	-2143574.405
186471.703	142143.797	-2148457.218
129763.781	60136.805	-2153340.030
88657.016	71223.500	-2158222.843
24722.592	-62411.184	-2163105.655
-4735.015	-12536.428	-2167988.468
46719.516	-28479.398	-2172871.280
-23396.945	41841.789	-2177754.093
-39726.109	-14520.562	-2182636.905
-4857.831	-98524.266	-2187519.718
-7495.795	-50608.949	-2192402.530
94780.875	-50976.551	-2197285.343
127478.422	-54213.672	-2202168.155
-47322.164	-10299.079	-2207050.968
45204.531	-65797.945	-2211933.780
36096.777	59201.281	-2216816.593
-24638.160	30695.201	-2221699.405
106214.109	-23408.822	-2226582.218
121133.742	62873.625	-2231465.030
32303.316	-58944.738	-2236347.843
12071.449	63642.484	-2241230.655
107910.719	65163.953	-2246113.468
14758.868	-54135.172	-2250996.280
118772.211	-57252.910	-2255879.093
13545.519	8747.821	-2260761.905
60333.402	-81893.492	-2265644.718
9444.334	-42089.863	-2270527.530
12889.877	-51370.234	-2275410.343
40335.898	20708.463	-2280293.155
98420.070	17580.879	-2285175.968
39528.570	-92283.984	-2290058.780
44489.777	9806.579	-2294941.593
-12428.523	9917.698	-2299824.405
-6951.312	-16833.020	-2304707.218
69073.641	14264.718	-2309590.030
-12414.168	78072.992	-2314472.843
14275.911	97700.359	-2319355.655
63440.465	-47127.199	-2324238.468
13763.646	7496.434	-2329121.280
103912.445	12246.565	-2334004.093
96811.117	27554.967	-2338886.905
1427.979	-18242.729	-2343769.718
21229.004	23279.316	-2348652.530
-17132.748	22620.791	-2353535.343
84927.352	-26435.457	-2358418.155
89273.328	9022.621	-2363300.968
73456.523	26689.980	-2368183.780
53632.059	1401.913	-2373066.593
31152.051	-36433.516	-2377949.405
5024.209	-41128.855	-2382832.218
3947.242	-29630.822	-2387715.030
57983.492	35657.598	-2392597.843
41980.844	20204.543	-2397480.655
70312.250	-64380.242	-2402363.468
-20783.246	8729.919	-2407246.280
58632.758	67679.500	-2412129.093
124942.148	9646.085	-2417011.905
52768.996	-28341.238	-2421894.718
-12413.849	-45222.367	-2426777.530
23694.504	25803.947	-2431660.343
90118.688	23044.770	-2436543.155
-10393.300	-4921.564	-2441425.968
27146.250	12307.940	-2446308.780
32055.674	48594.285	-2451191.593
86027.133	-18677.990	-2456074.405
32543.516	26946.063	-2460957.218
27083.246	33643.645	-2465840.030
52899.047	-9850.389	-2470722.843
20108.828	-36155.516	-2475605.655
734.937	65257.762	-2480488.468
51821.578	12904.137	-2485371.280
56451.867	5038.870	-2490254.093
66861.281	-33598.109	-2495136.905
