Data Point Listing of File C:\NTNMR\data\Dan\LiFe.75Mn.25PO4\[001]\P31 [001] 30deg.tnt
Starting Point:	1	Ending Point:	1024
Real	Imag	Hz
52221.680	38679.313	2499980.282
85395.391	-38053.684	2495097.470
73667.273	-43709.309	2490214.657
111068.938	-102644.797	2485331.845
-46639.016	-18667.988	2480449.032
5965.808	501.875	2475566.220
43258.277	-15047.624	2470683.407
5276.511	2967.376	2465800.595
24729.822	-143453.266	2460917.782
62125.582	15921.225	2456034.970
41370.168	-37633.273	2451152.157
96464.266	-18037.254	2446269.345
106849.984	27567.910	2441386.532
98158.188	-25295.195	2436503.720
-69738.563	-58962.848	2431620.907
111719.508	9411.890	2426738.095
31099.955	-84924.977	2421855.282
86821.109	-34026.277	2416972.470
19084.352	12658.154	2412089.657
39176.531	70699.203	2407206.845
118155.516	-41938.527	2402324.032
88298.539	3319.490	2397441.220
12452.101	9690.886	2392558.407
58658.676	-22689.889	2387675.595
46356.352	-76784.914	2382792.782
41492.754	-62200.895	2377909.970
60498.637	58459.348	2373027.157
46091.195	2965.333	2368144.345
98176.734	-9373.012	2363261.532
111105.852	88808.148	2358378.720
20057.488	10066.617	2353495.907
43002.535	-19321.037	2348613.095
13105.367	18156.236	2343730.282
65260.348	-57249.867	2338847.470
17607.729	-47165.063	2333964.657
72456.445	-9157.581	2329081.845
56645.406	34427.848	2324199.032
-25398.889	85000.477	2319316.220
13651.290	8252.446	2314433.407
16316.434	-43977.195	2309550.595
59985.770	60303.844	2304667.782
95399.695	24507.305	2299784.970
18385.879	-8301.074	2294902.157
42002.172	15066.533	2290019.345
71597.250	-35384.242	2285136.532
11850.584	-66586.563	2280253.720
102305.242	-44444.633	2275370.907
15026.211	-20098.559	2270488.095
27223.477	12786.569	2265605.282
78158.148	-57365.699	2260722.470
81857.656	-13673.012	2255839.657
51992.641	26797.350	2250956.845
15386.711	-34278.004	2246074.032
68586.672	2794.590	2241191.220
92188.500	-12532.171	2236308.407
17403.490	-16018.793	2231425.595
80747.258	-16655.240	2226542.782
46744.531	-43440.645	2221659.970
67973.836	-3133.028	2216777.157
40638.621	-66017.320	2211894.345
19916.990	-11818.153	2207011.532
16331.822	70961.711	2202128.720
24071.473	37355.309	2197245.907
53000.621	-77346.164	2192363.095
16344.547	-30801.172	2187480.282
38774.137	-39441.391	2182597.470
63937.121	-43760.762	2177714.657
71685.047	11723.761	2172831.845
-25566.328	23319.178	2167949.032
-646.309	-59693.566	2163066.220
49399.797	-70402.688	2158183.407
82140.258	-7969.158	2153300.595
2530.498	-135972.141	2148417.782
53299.527	37608.418	2143534.970
51649.500	-14563.992	2138652.157
118545.133	14555.307	2133769.345
151536.078	39695.258	2128886.532
16630.146	-5218.915	2124003.720
97928.516	5196.730	2119120.907
120169.305	-29462.945	2114238.095
20635.379	50511.008	2109355.282
126015.555	-28864.023	2104472.470
42015.820	21028.051	2099589.657
72924.867	-12239.596	2094706.845
106501.422	-34071.680	2089824.032
40016.262	-13243.805	2084941.220
80576.195	20259.465	2080058.407
-46286.211	47443.266	2075175.595
58231.754	-64907.418	2070292.782
45273.953	-1327.424	2065409.970
76682.156	-37760.977	2060527.157
17625.348	26125.945	2055644.345
80269.305	4003.307	2050761.532
66754.086	-13989.095	2045878.720
57039.586	-91.255	2040995.907
61387.820	-9355.935	2036113.095
94969.086	109976.547	2031230.282
42972.715	-16642.496	2026347.470
32468.531	13445.811	2021464.657
24310.842	1544.008	2016581.845
15908.791	-1204.227	2011699.032
4216.601	-51259.988	2006816.220
55306.738	66043.266	2001933.407
20322.947	-24861.830	1997050.595
70109.289	-86525.617	1992167.782
1219.005	-1498.832	1987284.970
-38815.719	-22062.742	1982402.157
63489.730	29607.363	1977519.345
88110.234	-1290.749	1972636.532
-4224.424	45402.523	1967753.720
-55714.641	75934.023	1962870.907
39189.691	40388.863	1957988.095
55522.613	50531.895	1953105.282
89705.078	103736.500	1948222.470
25973.930	-20222.158	1943339.657
42046.262	18381.209	1938456.845
10295.485	-32459.541	1933574.032
41524.145	-36121.293	1928691.220
32441.006	49778.734	1923808.407
67611.914	39988.715	1918925.595
108904.984	-22738.648	1914042.782
115466.859	89955.695	1909159.970
17537.021	18216.039	1904277.157
83223.531	61166.270	1899394.345
81539.133	14368.512	1894511.532
32895.777	-50374.379	1889628.720
36020.566	58180.203	1884745.907
97155.148	6299.199	1879863.095
56391.078	-58017.297	1874980.282
38402.305	-44269.516	1870097.470
31679.496	119237.805	1865214.657
142240.609	45829.605	1860331.845
195245.688	-46745.699	1855449.032
47563.500	89214.680	1850566.220
-38241.066	-56714.059	1845683.407
59707.102	14128.521	1840800.595
50369.461	-41107.410	1835917.782
125899.453	139171.453	1831034.970
57634.617	-21521.842	1826152.157
-40882.160	81970.656	1821269.345
124046.656	-110032.008	1816386.532
163954.922	45474.332	1811503.720
-8.426	-17983.939	1806620.907
-1408.284	34379.535	1801738.095
107685.742	56177.227	1796855.282
22093.867	-125715.820	1791972.470
11176.862	-13770.015	1787089.657
-24415.672	-47227.047	1782206.845
128045.797	24448.389	1777324.032
18173.414	-65584.563	1772441.220
162031.953	-23487.988	1767558.407
-19466.506	99111.578	1762675.595
-36170.070	47753.828	1757792.782
121951.891	640.264	1752909.970
35294.855	84055.922	1748027.157
47024.316	-35389.598	1743144.345
19064.783	-43933.645	1738261.532
73629.914	49105.168	1733378.720
190333.172	81813.234	1728495.907
125677.328	63185.156	1723613.095
129083.875	-48089.691	1718730.282
146520.266	65543.906	1713847.470
92179.008	-59123.930	1708964.657
103875.438	131141.750	1704081.845
126681.969	-29048.402	1699199.032
64349.168	71906.039	1694316.220
93498.891	64831.875	1689433.407
23865.143	58093.277	1684550.595
53337.008	-165060.438	1679667.782
-97266.750	13085.512	1674784.970
38057.352	9050.545	1669902.157
55250.250	117051.797	1665019.345
115810.531	30702.990	1660136.532
-61791.695	-43195.785	1655253.720
-45626.676	168423.625	1650370.907
29191.443	26784.625	1645488.095
90515.836	112708.766	1640605.282
82534.664	34510.918	1635722.470
83837.773	-26890.721	1630839.657
8023.741	58007.438	1625956.845
41274.586	113910.820	1621074.032
54756.035	-11806.632	1616191.220
19970.869	52394.375	1611308.407
1321.474	-41560.324	1606425.595
58756.879	49410.207	1601542.782
100002.086	-111075.305	1596659.970
166732.078	24880.580	1591777.157
-7974.066	21038.617	1586894.345
8102.050	-44815.871	1582011.532
81587.273	-45879.059	1577128.720
90311.203	135242.313	1572245.907
38102.059	-160780.141	1567363.095
97679.883	57845.160	1562480.282
5613.988	20484.377	1557597.470
-17384.270	57585.375	1552714.657
99461.609	-126644.695	1547831.845
-65928.477	-160732.859	1542949.032
85163.773	-65570.352	1538066.220
-30333.912	134832.125	1533183.407
104712.922	64777.516	1528300.595
156796.359	-157.905	1523417.782
65382.703	-204.768	1518534.970
-79741.523	58252.539	1513652.157
72951.477	37440.000	1508769.345
20240.814	5339.430	1503886.532
123782.875	96464.922	1499003.720
81254.688	56361.082	1494120.907
82779.969	15697.063	1489238.095
119651.961	99723.938	1484355.282
39252.301	58384.473	1479472.470
87013.516	159660.438	1474589.657
-99433.703	195203.219	1469706.845
175519.609	36555.266	1464824.032
21767.152	91334.453	1459941.220
5010.747	-147976.828	1455058.407
-23418.086	69904.430	1450175.595
134758.750	97218.922	1445292.782
45574.484	-30057.889	1440409.970
262024.469	26381.480	1435527.157
49796.012	93287.188	1430644.345
194713.266	69098.984	1425761.532
-68076.234	106640.305	1420878.720
204949.734	103608.219	1415995.907
76469.164	-40748.137	1411113.095
78751.102	2522.281	1406230.282
99251.969	49684.215	1401347.470
65506.789	-32326.941	1396464.657
249279.703	22823.234	1391581.845
55998.758	107928.672	1386699.032
7490.076	47408.969	1381816.220
50698.777	42105.191	1376933.407
73872.219	42652.273	1372050.595
196199.063	47242.387	1367167.782
116387.484	85984.867	1362284.970
-20512.902	144050.969	1357402.157
-9710.207	-66997.328	1352519.345
48890.996	38460.004	1347636.532
240038.203	-47254.750	1342753.720
4420.042	-34283.625	1337870.907
55562.746	22670.227	1332988.095
26259.215	-27082.543	1328105.282
-97092.273	51890.832	1323222.470
-24723.070	-147752.328	1318339.657
63438.426	215108.438	1313456.845
63894.715	43123.930	1308574.032
-82899.750	188002.609	1303691.220
104022.016	4270.532	1298808.407
22999.174	88102.023	1293925.595
-25491.270	94809.773	1289042.782
111970.516	38367.184	1284159.970
6284.575	102648.984	1279277.157
154541.531	230973.172	1274394.345
161476.656	33698.809	1269511.532
24431.031	26247.342	1264628.720
22642.896	-77814.766	1259745.907
172072.281	5115.866	1254863.095
53781.723	35300.664	1249980.282
-53787.363	-197152.391	1245097.470
38351.289	147296.000	1240214.657
-62102.859	63164.211	1235331.845
10689.026	-20887.250	1230449.032
-94073.719	-5443.110	1225566.220
-48917.918	-3151.249	1220683.407
-16987.268	71081.391	1215800.595
36674.680	159808.859	1210917.782
-10353.189	119365.602	1206034.970
243091.750	44188.168	1201152.157
111716.836	-122986.055	1196269.345
100258.453	-10047.079	1191386.532
-8763.325	-112842.594	1186503.720
48631.777	-24174.711	1181620.907
50441.035	53438.051	1176738.095
67315.281	-41321.145	1171855.282
-70137.492	182323.672	1166972.470
-29321.988	140978.516	1162089.657
302613.594	-72305.242	1157206.845
-67182.609	107003.367	1152324.032
-74211.313	106475.914	1147441.220
139718.359	117191.422	1142558.407
-32952.066	-86129.695	1137675.595
290487.906	28811.383	1132792.782
70928.406	-85535.242	1127909.970
9356.458	53352.145	1123027.157
341825.656	-59027.191	1118144.345
50310.223	34789.461	1113261.532
104665.078	-15375.910	1108378.720
102852.594	-47171.191	1103495.907
228406.797	101327.672	1098613.095
-5454.732	50843.152	1093730.282
-60478.184	-141758.609	1088847.470
-17035.146	32268.313	1083964.657
-123928.945	-101534.156	1079081.845
238827.859	-73908.258	1074199.032
-12544.361	159890.047	1069316.220
-88418.789	-21.167	1064433.407
-181804.656	-23400.846	1059550.595
-40125.289	300865.469	1054667.782
-111425.844	26986.965	1049784.970
124735.781	14364.985	1044902.157
170771.094	206955.266	1040019.345
158387.563	-47992.922	1035136.532
142984.750	122230.734	1030253.720
-50841.324	-55438.121	1025370.907
-59433.285	14610.397	1020488.095
42741.270	-29619.984	1015605.282
-34666.547	7254.691	1010722.470
78991.250	124409.961	1005839.657
-21198.426	-109342.211	1000956.845
97046.398	6724.853	996074.032
105231.891	107608.148	991191.220
235125.453	165381.859	986308.407
-111743.125	274936.344	981425.595
60511.258	68615.617	976542.782
18876.383	67612.406	971659.970
29308.129	82364.813	966777.157
-16535.250	110156.891	961894.345
352991.375	210336.828	957011.532
208403.406	130205.430	952128.720
-1637.547	39691.586	947245.907
70407.359	8043.060	942363.095
107347.422	100630.023	937480.282
67145.734	-58073.887	932597.470
111006.570	-68330.828	927714.657
238996.469	309974.406	922831.845
71445.047	14637.710	917949.032
30545.160	-7517.122	913066.220
46041.531	161705.609	908183.407
48451.152	-14586.204	903300.595
135791.375	156392.641	898417.782
37879.098	-6680.851	893534.970
-128786.188	143420.938	888652.157
151831.672	129059.953	883769.345
129751.211	28994.645	878886.532
135789.297	94698.461	874003.720
134214.109	-3157.399	869120.907
1300.309	174513.375	864238.095
147824.203	103872.234	859355.282
-65387.242	127797.313	854472.470
287119.750	-52337.313	849589.657
86752.906	104485.133	844706.845
81379.305	107578.422	839824.032
180375.391	63254.965	834941.220
-141424.953	119344.195	830058.407
53543.906	95266.242	825175.595
118239.922	-24407.367	820292.782
435297.938	-49530.805	815409.970
-21849.965	-87961.930	810527.157
-111939.398	143956.531	805644.345
95329.609	65321.441	800761.532
-25960.779	-83633.359	795878.720
154276.859	106913.953	790995.907
-9466.157	281805.875	786113.095
282744.094	-64403.129	781230.282
-31846.936	25624.176	776347.470
349465.375	63737.324	771464.657
158168.656	226692.422	766581.845
36911.594	56370.055	761699.032
163221.563	62587.930	756816.220
-146681.875	-90288.633	751933.407
-105426.727	206766.375	747050.595
-68487.773	-14574.335	742167.782
131088.531	83581.969	737284.970
80987.617	79439.281	732402.157
64942.539	-4962.379	727519.345
-54911.328	76575.352	722636.532
-699.881	27520.148	717753.720
113921.711	206972.641	712870.907
-65339.309	317855.938	707988.095
11631.966	-44504.910	703105.282
11658.206	222923.391	698222.470
243744.203	201183.203	693339.657
226518.656	45593.566	688456.845
165783.266	91945.945	683574.032
173130.672	211506.484	678691.220
169520.641	116499.602	673808.407
97361.117	15240.200	668925.595
101030.406	297321.781	664042.782
95549.469	-35210.148	659159.970
131195.484	378639.469	654277.157
471182.031	80248.367	649394.345
5588.481	299785.719	644511.532
139456.703	67578.703	639628.720
87427.477	89112.352	634745.907
-32108.654	146692.016	629863.095
100277.203	24432.387	624980.282
90807.289	114046.086	620097.470
249427.734	49464.328	615214.657
-45637.422	225939.359	610331.845
273022.375	104643.586	605449.032
56478.809	-210461.281	600566.220
150506.984	148377.703	595683.407
107032.242	236030.516	590800.595
-72396.078	-105665.367	585917.782
91503.469	301147.656	581034.970
52644.008	186139.094	576152.157
260422.016	109747.297	571269.345
24850.965	-218690.406	566386.532
-19496.648	326426.625	561503.720
34273.230	365580.031	556620.907
-138103.422	133567.344	551738.095
319722.875	197321.641	546855.282
183811.875	70240.320	541972.470
148160.688	74145.477	537089.657
150680.094	115451.602	532206.845
47639.879	91554.367	527324.032
34683.305	282389.438	522441.220
-236542.719	39396.715	517558.407
398814.063	-132679.188	512675.595
-18415.305	347977.781	507792.782
147640.234	271024.313	502909.970
-99371.078	30331.213	498027.157
311424.219	118578.695	493144.345
492074.563	283748.250	488261.532
93896.688	-64702.727	483378.720
218019.984	-83903.547	478495.907
25415.828	251839.234	473613.095
29358.855	109668.938	468730.282
-100052.773	-3801.644	463847.470
26369.063	311506.000	458964.657
168631.828	220119.109	454081.845
55805.980	296874.625	449199.032
13029.989	316787.094	444316.220
278272.781	256660.328	439433.407
81275.406	-23280.213	434550.595
256557.781	-91657.945	429667.782
56654.223	391066.656	424784.970
299247.813	132149.313	419902.157
-171024.016	400786.156	415019.345
230884.938	435876.000	410136.532
-53332.980	3902.131	405253.720
184097.125	365890.750	400370.907
64144.305	376953.156	395488.095
-18185.957	306809.344	390605.282
168587.828	202915.313	385722.470
257346.188	299782.719	380839.657
388115.094	-84665.922	375956.845
-110839.281	178615.500	371074.032
-89617.750	114692.453	366191.220
212674.688	542639.438	361308.407
-41541.766	430638.500	356425.595
175405.859	66836.414	351542.782
194395.672	38365.332	346659.970
120427.305	76870.375	341777.157
20358.283	227311.313	336894.345
25633.922	277445.250	332011.532
59318.945	15387.149	327128.720
154281.578	625224.875	322245.907
316466.781	436636.344	317363.095
46453.848	512276.656	312480.282
-8396.098	88630.711	307597.470
130524.031	51027.418	302714.657
-16748.781	452568.031	297831.845
59045.086	448179.281	292949.032
81018.711	-11134.631	288066.220
150141.406	333748.469	283183.407
-50851.684	274051.906	278300.595
-139317.281	212818.906	273417.782
212119.172	316649.438	268534.970
-191012.875	338256.750	263652.157
161936.703	411636.938	258769.345
273390.281	373532.875	253886.532
294135.375	501369.313	249003.720
1602.294	381705.813	244120.907
215835.625	654909.813	239238.095
163716.188	395504.219	234355.282
166001.453	300717.563	229472.470
538756.875	428853.125	224589.657
300798.156	414478.344	219706.845
-99758.336	500212.844	214824.032
452454.719	128592.063	209941.220
273832.500	253104.969	205058.407
273077.406	276612.469	200175.595
146463.750	94714.977	195292.782
227357.063	218858.641	190409.970
286700.063	126742.180	185527.157
270589.281	238215.344	180644.345
144702.469	362848.625	175761.532
59522.465	359631.156	170878.720
153874.156	399656.938	165995.907
301514.500	468396.594	161113.095
-39007.129	541244.125	156230.282
66336.359	334501.656	151347.470
20613.297	258291.391	146464.657
325048.938	461463.750	141581.845
50740.520	637449.875	136699.032
-9675.000	1072174.125	131816.220
-236567.750	995561.563	126933.407
254356.625	776412.750	122050.595
-187107.250	889625.813	117167.782
-43230.164	1103832.250	112284.970
224416.484	1199293.625	107402.157
220087.891	969402.125	102519.345
806944.813	1194660.000	97636.532
340919.594	1113134.000	92753.720
298896.688	1087200.500	87870.907
1128592.500	1535886.625	82988.095
1081672.000	1864667.875	78105.282
1204211.000	1377069.500	73222.470
1465325.625	1684789.375	68339.657
1680109.750	1150658.000	63456.845
1806221.250	1096118.500	58574.032
2274150.250	1099824.000	53691.220
2661533.750	855035.375	48808.407
2280215.000	661716.688	43925.595
2221374.750	536818.563	39042.782
2259042.750	-64868.277	34159.970
2739679.500	-19627.277	29277.157
2408605.500	-69977.375	24394.345
2384386.000	5171.656	19511.532
2151720.500	-321683.781	14628.720
2179115.500	-115331.969	9745.907
2277112.750	-909673.063	4863.095
2227615.750	-762804.750	-19.718
2105948.500	-1132261.500	-4902.530
1773333.000	-1383858.500	-9785.343
1582736.125	-1541379.375	-14668.155
1583606.000	-1425543.375	-19550.968
1197059.250	-1390280.250	-24433.780
1084190.500	-1428768.750	-29316.593
699489.500	-1655080.125	-34199.405
869344.438	-1684236.750	-39082.218
954001.000	-1025992.125	-43965.030
558068.500	-1304631.125	-48847.843
719695.375	-491908.375	-53730.655
726330.250	-1134869.750	-58613.468
356545.531	-1112725.625	-63496.280
345885.875	-1342480.000	-68379.093
393158.719	-1327177.375	-73261.905
378036.719	-1474872.250	-78144.718
308820.000	-1310213.125	-83027.530
294014.125	-1371325.000	-87910.343
-130861.570	-1185940.250	-92793.155
-13289.868	-1443891.875	-97675.968
85577.836	-981314.188	-102558.780
-183974.500	-1099451.875	-107441.593
24062.688	-926126.000	-112324.405
169995.688	-1037810.625	-117207.218
-25395.037	-626985.563	-122090.030
-25084.703	-645197.125	-126972.843
-186463.953	-788874.688	-131855.655
182230.969	-588240.188	-136738.468
35711.926	-453425.875	-141621.280
-219265.219	-789660.125	-146504.093
-292778.031	-846331.000	-151386.905
-252102.141	-878040.750	-156269.718
-76546.492	-435194.844	-161152.530
-73338.094	-453841.656	-166035.343
37455.105	-555162.188	-170918.155
182607.328	-316199.250	-175800.968
13169.407	-238846.297	-180683.780
85113.797	-254969.594	-185566.593
-31198.967	-713159.375	-190449.405
-19298.641	-379541.375	-195332.218
417817.469	-276110.563	-200215.030
95116.781	-292905.938	-205097.843
98017.297	-596899.063	-209980.655
325239.563	-444287.531	-214863.468
-157543.344	-358503.781	-219746.280
-77562.242	-799838.188	-224629.093
-38454.535	-323104.406	-229511.905
25876.979	-571875.875	-234394.718
19078.455	-355530.438	-239277.530
6855.919	-358212.406	-244160.343
-90839.656	77703.156	-249043.155
41673.770	-198940.000	-253925.968
-115130.438	-263789.219	-258808.780
-66574.594	-560532.250	-263691.593
36573.023	-153689.266	-268574.405
-248310.109	-162084.531	-273457.218
-247275.953	-37875.504	-278340.030
132713.500	25712.973	-283222.843
54407.746	-450896.813	-288105.655
-88607.383	60466.023	-292988.468
200987.641	-254240.516	-297871.280
397965.656	-408009.344	-302754.093
-17686.600	-778803.750	-307636.905
28880.756	-622385.063	-312519.718
325640.563	-500722.313	-317402.530
-91349.188	-357626.969	-322285.343
-225625.656	-393164.375	-327168.155
86571.727	-5165.668	-332050.968
-199871.188	-126355.664	-336933.780
84280.727	-213460.141	-341816.593
219477.875	-313602.688	-346699.405
-14384.200	-258574.813	-351582.218
-55244.980	-263547.313	-356465.030
4016.091	-312724.031	-361347.843
-58565.035	-250684.000	-366230.655
107347.578	-512418.156	-371113.468
-2372.760	-409512.250	-375996.280
-106591.578	-555945.438	-380879.093
353865.219	-276675.156	-385761.905
125942.117	-370029.594	-390644.718
100156.680	-474391.844	-395527.530
-23704.242	54260.605	-400410.343
-162635.281	-338520.250	-405293.155
-42849.113	-487099.625	-410175.968
247970.188	-258840.641	-415058.780
-88526.398	-365106.875	-419941.593
-446924.188	192554.250	-424824.405
37886.676	140031.906	-429707.218
369178.438	-432854.688	-434590.030
72880.797	72237.156	-439472.843
100316.758	-476603.406	-444355.655
52725.148	-331823.563	-449238.468
-327875.719	-326579.031	-454121.280
327205.344	-354982.000	-459004.093
-345140.563	-319548.938	-463886.905
-351946.781	-43445.418	-468769.718
-193333.313	-278645.000	-473652.530
-34089.215	-357942.688	-478535.343
407454.688	-225177.469	-483418.155
193079.188	-456011.719	-488300.968
-205695.563	-249814.281	-493183.780
-32973.215	-237190.141	-498066.593
-306239.094	-148173.453	-502949.405
59226.344	-3227.927	-507832.218
97433.469	-90986.250	-512715.030
758036.813	-10020.166	-517597.843
230035.109	-276369.094	-522480.655
243469.078	-407690.688	-527363.468
42453.656	-303075.563	-532246.280
-124540.727	-511080.781	-537129.093
-245140.469	-215007.297	-542011.905
440821.219	-437722.219	-546894.718
-15252.009	-92321.344	-551777.530
93179.164	-68255.367	-556660.343
-133912.984	-253117.984	-561543.155
-77180.102	-340123.250	-566425.968
-63771.750	-301251.438	-571308.780
105867.008	-59713.504	-576191.593
-385992.438	94341.664	-581074.405
-65658.211	-98351.109	-585957.218
-181464.016	34607.414	-590840.030
-163646.938	-180514.125	-595722.843
151081.531	-87809.094	-600605.655
290705.469	-484260.563	-605488.468
-360496.219	-233020.422	-610371.280
-47253.844	-125089.313	-615254.093
128916.594	-38468.016	-620136.905
-80615.859	-442297.031	-625019.718
122404.422	109033.477	-629902.530
-1861.625	-138613.641	-634785.343
-12046.576	-276381.531	-639668.155
-241926.281	-166685.734	-644550.968
-124342.734	-554337.875	-649433.780
23753.180	-73487.578	-654316.593
220862.953	-310363.531	-659199.405
-18025.838	-93723.156	-664082.218
-178651.531	-246357.547	-668965.030
196017.656	7546.483	-673847.843
326887.656	133993.531	-678730.655
115719.414	-520901.125	-683613.468
-184761.797	260843.672	-688496.280
-136467.953	-16187.797	-693379.093
-78575.055	-26690.012	-698261.905
63734.703	-134998.359	-703144.718
207562.266	10014.908	-708027.530
-18324.293	73372.625	-712910.343
63032.105	-74400.680	-717793.155
-234869.859	-31646.244	-722675.968
308702.469	-154865.797	-727558.780
-172791.016	-354994.813	-732441.593
267536.344	-120575.734	-737324.405
-400125.781	-471172.563	-742207.218
-384870.344	-158754.375	-747090.030
-40476.953	-153702.281	-751972.843
173913.438	-370395.000	-756855.655
228143.125	-174733.453	-761738.468
157149.328	118551.688	-766621.280
282803.156	-426182.781	-771504.093
21532.646	-269630.813	-776386.905
-180529.531	-16948.557	-781269.718
-204726.781	-104645.203	-786152.530
28011.307	-17005.281	-791035.343
-126726.938	-319796.031	-795918.155
284797.406	-104851.336	-800800.968
17113.813	-53042.141	-805683.780
173316.656	-177586.344	-810566.593
236168.000	-214348.297	-815449.405
-215207.359	-141459.188	-820332.218
-233103.078	-73709.727	-825215.030
-134156.578	132181.938	-830097.843
58426.301	199119.891	-834980.655
252962.625	-32744.912	-839863.468
128723.781	-43907.785	-844746.280
-6218.992	-224741.578	-849629.093
-133843.203	-133534.609	-854511.905
331443.781	-257536.344	-859394.718
229584.828	-148712.094	-864277.530
194859.641	-91250.797	-869160.343
157865.578	-349121.344	-874043.155
176262.359	-48242.262	-878925.968
318231.469	-69108.070	-883808.780
-93187.352	-158113.313	-888691.593
198699.734	-363303.844	-893574.405
320672.406	-16523.057	-898457.218
-307983.781	36009.117	-903340.030
-20383.119	-20613.541	-908222.843
-78185.578	145414.203	-913105.655
-134785.266	-40526.297	-917988.468
24787.275	192913.266	-922871.280
183543.656	-154694.156	-927754.093
138072.672	-17915.891	-932636.905
-581146.875	-244446.094	-937519.718
366965.500	22128.633	-942402.530
59135.902	-273857.781	-947285.343
-165239.891	-205829.219	-952168.155
256283.844	150619.797	-957050.968
-295413.125	-126449.563	-961933.780
-55369.305	-282895.594	-966816.593
77660.555	-499482.156	-971699.405
-15214.570	36767.094	-976582.218
263595.906	-87459.641	-981465.030
-237211.859	120807.398	-986347.843
-371188.688	-29618.355	-991230.655
25223.719	35867.238	-996113.468
-186736.906	-48240.188	-1000996.280
-131972.141	20301.672	-1005879.093
-235750.359	-94478.297	-1010761.905
384665.688	-261924.469	-1015644.718
96435.875	-188685.125	-1020527.530
-17706.330	-9613.462	-1025410.343
-192507.313	3933.829	-1030293.155
-118335.492	-73801.602	-1035175.968
-527263.375	58153.500	-1040058.780
-19787.605	41230.023	-1044941.593
109295.063	4291.063	-1049824.405
21835.895	192007.813	-1054707.218
-70879.703	-92915.430	-1059590.030
189933.547	117603.188	-1064472.843
21675.375	65490.051	-1069355.655
-131154.313	-16405.102	-1074238.468
213265.734	4171.272	-1079121.280
50506.055	-235938.328	-1084004.093
107895.094	-20522.762	-1088886.905
76598.609	-174324.375	-1093769.718
-169560.781	83092.211	-1098652.530
-51063.832	-71326.016	-1103535.343
-11897.110	-27120.816	-1108418.155
-407499.250	-182862.563	-1113300.968
92143.609	138903.922	-1118183.780
-23969.945	54898.512	-1123066.593
67035.688	-26681.127	-1127949.405
-293422.188	-165298.516	-1132832.218
233840.891	-101964.797	-1137715.030
321599.031	-73967.641	-1142597.843
280748.156	-94793.211	-1147480.655
-5166.028	-46419.074	-1152363.468
132920.609	-222765.734	-1157246.280
101459.922	-258273.047	-1162129.093
-175846.734	-144108.641	-1167011.905
-167336.484	-14486.521	-1171894.718
-127182.258	-109599.086	-1176777.530
-151962.484	-116323.719	-1181660.343
-256124.422	-110960.766	-1186543.155
-190731.828	-34020.680	-1191425.968
-58794.730	-123698.578	-1196308.780
40347.750	-124924.961	-1201191.593
234050.234	-205320.141	-1206074.405
203292.000	-208884.344	-1210957.218
-123023.570	153820.859	-1215840.030
76943.836	45259.766	-1220722.843
37308.055	-242381.031	-1225605.655
104520.023	-167607.188	-1230488.468
-51019.066	-151146.703	-1235371.280
-60145.574	71663.984	-1240254.093
113217.992	55730.539	-1245136.905
253576.703	-227010.500	-1250019.718
118816.586	-100617.445	-1254902.530
-109655.281	-263012.469	-1259785.343
137293.266	-74459.094	-1264668.155
69863.672	-195375.063	-1269550.968
11801.703	-100280.141	-1274433.780
124003.367	19416.975	-1279316.593
73344.859	-413441.906	-1284199.405
307357.188	-341480.313	-1289082.218
152655.813	-71804.109	-1293965.030
301730.250	-14546.144	-1298847.843
-271562.188	54617.742	-1303730.655
35029.586	152026.984	-1308613.468
90186.906	-44241.680	-1313496.280
115627.180	-301659.250	-1318379.093
231777.094	123961.992	-1323261.905
-49446.316	-123728.555	-1328144.718
220014.188	60799.008	-1333027.530
55788.609	-54063.383	-1337910.343
-77901.797	94950.719	-1342793.155
-224762.266	53862.609	-1347675.968
147213.563	-320101.594	-1352558.780
178134.750	-186551.563	-1357441.593
-234009.109	-125213.039	-1362324.405
229153.234	-24016.459	-1367207.218
338139.063	190153.953	-1372090.030
199455.766	-124364.523	-1376972.843
-14149.946	156501.000	-1381855.655
42039.180	-192641.016	-1386738.468
-99337.758	-124289.578	-1391621.280
-153467.547	-226212.141	-1396504.093
43201.883	-4367.439	-1401386.905
287619.563	-268866.656	-1406269.718
48250.047	-32685.893	-1411152.530
-44141.789	-85808.664	-1416035.343
137091.297	-228535.656	-1420918.155
227231.484	-67961.672	-1425800.968
-28599.154	152481.844	-1430683.780
132563.063	34890.930	-1435566.593
-77382.594	182720.906	-1440449.405
105248.344	-268727.531	-1445332.218
92130.789	-193665.203	-1450215.030
41422.672	73822.000	-1455097.843
-258335.563	-225393.625	-1459980.655
-30640.342	77021.938	-1464863.468
-381745.688	-280383.250	-1469746.280
15563.491	-259668.594	-1474629.093
-147914.875	-272742.719	-1479511.905
-323293.281	-87146.609	-1484394.718
6338.860	-22422.012	-1489277.530
134676.484	-268958.500	-1494160.343
-64230.984	-14518.007	-1499043.155
-81964.195	145278.969	-1503925.968
-194302.141	-80931.852	-1508808.780
31980.621	-156240.125	-1513691.593
19940.945	-224155.375	-1518574.405
-74030.555	-219642.938	-1523457.218
-105107.031	-51651.059	-1528340.030
-74976.617	-70494.000	-1533222.843
-226757.375	42648.254	-1538105.655
32886.527	120805.703	-1542988.468
-82437.438	-160795.047	-1547871.280
-197726.844	80528.883	-1552754.093
282057.156	-175084.031	-1557636.905
99437.883	-90901.281	-1562519.718
203168.203	-25891.686	-1567402.530
192054.125	-191693.578	-1572285.343
18263.967	50745.133	-1577168.155
136388.484	-79726.305	-1582050.968
-229277.734	-34461.461	-1586933.780
205599.297	-97010.344	-1591816.593
-7149.835	10693.752	-1596699.405
-16642.063	109711.492	-1601582.218
-7321.421	-103829.930	-1606465.030
103320.375	-19055.119	-1611347.843
58773.363	76818.477	-1616230.655
-158472.094	-177075.797	-1621113.468
49213.523	74764.430	-1625996.280
99822.414	68293.031	-1630879.093
72177.625	53785.738	-1635761.905
200147.484	354396.750	-1640644.718
37332.941	-2653.311	-1645527.530
70218.047	67386.992	-1650410.343
34356.086	-204838.172	-1655293.155
-70125.648	-386165.969	-1660175.968
127171.523	-276700.531	-1665058.780
-110780.195	61368.465	-1669941.593
157051.453	59294.105	-1674824.405
40211.207	-76594.281	-1679707.218
18598.232	39255.570	-1684590.030
98984.086	-26902.102	-1689472.843
-5590.782	294357.813	-1694355.655
317794.875	41006.301	-1699238.468
11676.171	-115105.117	-1704121.280
-21518.646	128532.797	-1709004.093
70854.477	119141.664	-1713886.905
7015.286	57552.609	-1718769.718
-4709.192	-107523.852	-1723652.530
60146.699	-10553.908	-1728535.343
-158561.094	100496.117	-1733418.155
158194.234	-53662.402	-1738300.968
37358.594	-101301.453	-1743183.780
-88062.711	-272147.969	-1748066.593
145143.750	-17097.260	-1752949.405
177200.531	-99138.586	-1757832.218
-85185.359	46862.414	-1762715.030
-42600.680	92584.352	-1767597.843
13175.002	-84731.539	-1772480.655
386742.500	-249506.156	-1777363.468
37589.508	-138760.203	-1782246.280
-138464.453	-27350.832	-1787129.093
29332.576	9789.157	-1792011.905
-59896.973	20018.145	-1796894.718
120570.523	-8714.933	-1801777.530
82596.383	-167190.859	-1806660.343
152389.719	-197595.797	-1811543.155
231317.266	-1790.720	-1816425.968
188531.078	-123334.742	-1821308.780
8420.806	-46103.789	-1826191.593
135800.516	119463.914	-1831074.405
15221.981	6948.338	-1835957.218
203678.922	41775.676	-1840840.030
-75189.789	-36769.875	-1845722.843
-42481.508	-8176.462	-1850605.655
121339.789	30573.406	-1855488.468
223064.484	67923.148	-1860371.280
76455.141	145395.906	-1865254.093
-139467.578	85333.680	-1870136.905
52880.805	40190.043	-1875019.718
-89213.656	15842.146	-1879902.530
-71471.805	63553.320	-1884785.343
188621.500	100041.133	-1889668.155
98064.172	22067.428	-1894550.968
108315.484	-188786.156	-1899433.780
118348.055	-21679.096	-1904316.593
4798.388	-255593.297	-1909199.405
52301.902	-128483.305	-1914082.218
80167.719	-18320.297	-1918965.030
-26878.219	-114017.391	-1923847.843
107244.984	-177735.281	-1928730.655
20970.689	-23221.500	-1933613.468
60606.270	167960.016	-1938496.280
-17711.418	14359.104	-1943379.093
-188440.078	-146400.891	-1948261.905
112306.352	-11561.319	-1953144.718
-29299.957	84818.633	-1958027.530
218350.438	-74124.305	-1962910.343
-27487.219	47345.133	-1967793.155
83517.789	-47481.648	-1972675.968
36835.426	67193.797	-1977558.780
-11718.905	-86191.461	-1982441.593
-25168.584	-28315.545	-1987324.405
240164.281	109648.508	-1992207.218
236489.047	-118805.305	-1997090.030
98178.234	-55430.289	-2001972.843
31867.477	-87053.938	-2006855.655
26024.447	-105948.008	-2011738.468
-46730.902	-80775.914	-2016621.280
56084.305	-38007.734	-2021504.093
59367.730	-70819.188	-2026386.905
-24029.633	73443.633	-2031269.718
125669.477	44152.176	-2036152.530
61905.355	37713.172	-2041035.343
108518.742	85784.867	-2045918.155
15091.152	-41081.555	-2050800.968
-1418.317	32393.195	-2055683.780
14843.740	-182963.156	-2060566.593
42981.918	-27603.779	-2065449.405
-65032.398	-26758.930	-2070332.218
72597.461	97783.820	-2075215.030
28217.387	-30254.326	-2080097.843
90751.664	-1265.812	-2084980.655
-63309.555	-118856.133	-2089863.468
-24667.639	-136836.094	-2094746.280
-90905.055	35000.309	-2099629.093
130125.484	-80386.695	-2104511.905
18006.119	-96805.875	-2109394.718
157566.281	-86642.547	-2114277.530
-46804.910	25157.203	-2119160.343
145738.656	20090.236	-2124043.155
121026.188	-123226.211	-2128925.968
60906.012	153060.578	-2133808.780
35528.004	129794.188	-2138691.593
98146.539	11731.337	-2143574.405
53157.160	-23034.457	-2148457.218
75924.820	-85590.477	-2153340.030
2515.726	7237.194	-2158222.843
-97941.875	-29431.586	-2163105.655
-77486.719	-50021.469	-2167988.468
57251.594	76197.242	-2172871.280
74094.742	-8359.803	-2177754.093
76213.063	-3307.562	-2182636.905
-31137.754	-135144.656	-2187519.718
20925.695	-24013.730	-2192402.530
53781.633	-183717.359	-2197285.343
32837.859	-14892.983	-2202168.155
46860.781	-104944.922	-2207050.968
-2714.188	25544.783	-2211933.780
63339.020	-36209.180	-2216816.593
87113.258	-46839.992	-2221699.405
111514.055	-60731.910	-2226582.218
33490.641	-18388.451	-2231465.030
-27126.807	-74769.492	-2236347.843
-9557.503	53637.227	-2241230.655
-138011.703	22622.670	-2246113.468
43516.590	-108970.711	-2250996.280
59509.180	-74084.773	-2255879.093
-85251.617	82707.805	-2260761.905
141750.875	-46643.199	-2265644.718
18008.266	-43348.906	-2270527.530
242581.859	-57458.617	-2275410.343
86889.016	47748.473	-2280293.155
36690.844	-13478.745	-2285175.968
84053.547	-16531.162	-2290058.780
-11329.130	-48632.313	-2294941.593
-16835.580	10413.066	-2299824.405
-64723.707	21968.201	-2304707.218
-39187.203	-106545.344	-2309590.030
-75137.227	-39112.555	-2314472.843
46301.098	5562.692	-2319355.655
76262.500	25887.273	-2324238.468
89248.898	-111141.984	-2329121.280
63138.977	11002.853	-2334004.093
44409.047	41163.543	-2338886.905
24091.441	16344.521	-2343769.718
29105.787	30159.844	-2348652.530
1830.792	-64358.359	-2353535.343
65341.824	95190.836	-2358418.155
-98918.406	-70761.164	-2363300.968
23320.520	25447.813	-2368183.780
11617.653	-88656.922	-2373066.593
47474.285	-46895.777	-2377949.405
27319.326	-14426.278	-2382832.218
35032.629	24361.893	-2387715.030
10904.810	-9094.493	-2392597.843
73863.359	14407.589	-2397480.655
58585.504	12883.924	-2402363.468
87717.219	-93096.547	-2407246.280
57378.535	-49434.234	-2412129.093
64562.086	4703.634	-2417011.905
55033.098	6655.852	-2421894.718
-19529.395	-118632.547	-2426777.530
116118.906	-55528.125	-2431660.343
-21620.197	129657.750	-2436543.155
4470.843	41936.879	-2441425.968
62487.094	-93239.875	-2446308.780
138265.391	46112.551	-2451191.593
9727.931	1528.055	-2456074.405
21906.158	-34504.293	-2460957.218
3529.986	-39585.719	-2465840.030
8210.287	-3213.559	-2470722.843
-33575.258	-59859.637	-2475605.655
68212.266	-55114.320	-2480488.468
53048.602	19132.916	-2485371.280
81906.172	73155.695	-2490254.093
124269.031	-38980.539	-2495136.905
