Data Point Listing of File C:\NTNMR\data\Dan\LiFe.75Mn.25PO4\[001]\P31 [001] 180deg.tnt
Starting Point:	1	Ending Point:	1024
Real	Imag	Hz
77174.609	-15344.583	2499980.282
100704.891	67229.320	2495097.470
45207.762	58032.719	2490214.657
114365.336	7980.376	2485331.845
69594.703	47914.313	2480449.032
60952.672	57398.309	2475566.220
58482.172	-12707.141	2470683.407
109697.727	-1904.837	2465800.595
87690.977	3220.529	2460917.782
88383.250	-14358.170	2456034.970
97606.234	62638.832	2451152.157
76436.609	-14281.763	2446269.345
102715.125	-43003.035	2441386.532
89376.328	-27294.592	2436503.720
103260.500	6486.110	2431620.907
100869.922	-53393.453	2426738.095
111879.820	32849.973	2421855.282
106405.164	-42517.324	2416972.470
114815.102	72919.281	2412089.657
59902.848	5091.067	2407206.845
115683.172	32631.561	2402324.032
112410.852	47860.945	2397441.220
54746.781	88746.250	2392558.407
68736.648	58252.309	2387675.595
56715.352	66661.891	2382792.782
70039.992	-51054.813	2377909.970
127179.320	48645.270	2373027.157
854.138	37742.238	2368144.345
27719.033	2380.313	2363261.532
20309.262	33586.766	2358378.720
77824.477	45353.598	2353495.907
75016.758	4236.344	2348613.095
50236.398	28325.998	2343730.282
85446.711	48009.949	2338847.470
107763.516	-71806.734	2333964.657
51340.367	-28975.701	2329081.845
98725.055	13899.053	2324199.032
69783.711	17929.738	2319316.220
112070.734	16208.331	2314433.407
122058.344	-16681.938	2309550.595
119841.750	96980.359	2304667.782
170086.266	95996.523	2299784.970
67031.055	26205.729	2294902.157
106467.922	31978.535	2290019.345
85131.531	28762.023	2285136.532
94353.641	69687.141	2280253.720
61221.289	-21466.016	2275370.907
153694.984	-14247.514	2270488.095
96295.063	-12731.492	2265605.282
80499.500	-32452.449	2260722.470
16680.143	32479.770	2255839.657
28100.604	10437.526	2250956.845
75928.695	-1836.777	2246074.032
35710.223	-31781.387	2241191.220
66575.391	29364.787	2236308.407
85133.391	-70427.414	2231425.595
82622.602	34168.020	2226542.782
84141.234	72.206	2221659.970
27097.703	-30248.625	2216777.157
-530.760	49774.309	2211894.345
64741.680	46820.055	2207011.532
64281.781	27081.467	2202128.720
66018.516	42312.930	2197245.907
171159.297	-64877.070	2192363.095
10637.461	-10088.845	2187480.282
5308.978	-43003.414	2182597.470
174028.922	22349.707	2177714.657
94342.984	14199.862	2172831.845
16241.688	22354.590	2167949.032
137024.359	-16426.637	2163066.220
52833.746	-1585.509	2158183.407
78516.695	265.806	2153300.595
39651.254	-51451.039	2148417.782
93132.141	52130.500	2143534.970
116981.297	9336.946	2138652.157
27542.836	-25896.678	2133769.345
62645.148	38658.879	2128886.532
72524.195	57590.383	2124003.720
42945.719	92779.430	2119120.907
99935.984	-64537.234	2114238.095
64290.434	42309.023	2109355.282
35660.395	82679.063	2104472.470
825.775	21899.947	2099589.657
159354.016	50954.867	2094706.845
29224.375	-16215.599	2089824.032
52231.113	67383.945	2084941.220
-25616.836	82651.063	2080058.407
92366.742	116029.383	2075175.595
29534.561	77649.117	2070292.782
19591.566	30903.564	2065409.970
34446.906	22578.590	2060527.157
110264.117	38735.113	2055644.345
32573.471	-14515.913	2050761.532
104214.055	113113.000	2045878.720
69242.164	5168.221	2040995.907
-1387.673	12197.869	2036113.095
110578.180	128440.617	2031230.282
73947.531	-18851.480	2026347.470
70228.750	-30297.020	2021464.657
70057.594	-21588.750	2016581.845
35031.117	-18630.215	2011699.032
100978.859	26930.842	2006816.220
109783.297	3019.226	2001933.407
116514.766	-27393.617	1997050.595
41282.207	70062.484	1992167.782
140907.328	45430.980	1987284.970
11815.504	75966.617	1982402.157
26673.143	70243.844	1977519.345
132561.359	6441.361	1972636.532
-72614.703	-85688.242	1967753.720
10196.788	71544.258	1962870.907
52127.102	70792.656	1957988.095
79136.258	17751.619	1953105.282
110662.258	65511.324	1948222.470
-37592.094	111259.039	1943339.657
63658.684	-37340.586	1938456.845
65114.336	75467.492	1933574.032
169424.813	59218.238	1928691.220
9565.728	71346.250	1923808.407
68700.141	50426.047	1918925.595
94139.539	92536.500	1914042.782
98569.469	131262.109	1909159.970
11382.579	54310.949	1904277.157
-8714.582	-17056.441	1899394.345
-62578.531	-13584.638	1894511.532
16965.791	-14459.176	1889628.720
46241.395	57969.840	1884745.907
119329.898	81559.906	1879863.095
156477.922	74972.109	1874980.282
33813.941	50711.301	1870097.470
99960.078	-18337.178	1865214.657
143928.781	-33271.281	1860331.845
62171.738	16965.807	1855449.032
36959.223	42126.094	1850566.220
100348.945	161886.156	1845683.407
101556.000	-81731.414	1840800.595
93217.445	4954.779	1835917.782
103949.500	76634.141	1831034.970
178806.375	56782.027	1826152.157
67827.656	-11094.494	1821269.345
116958.625	-44585.598	1816386.532
90266.820	72369.609	1811503.720
85548.078	39628.930	1806620.907
84856.148	-39150.824	1801738.095
119985.273	71203.695	1796855.282
124939.039	69652.172	1791972.470
58776.074	33065.996	1787089.657
129972.469	-7529.378	1782206.845
-19417.072	-108714.648	1777324.032
60066.453	63341.875	1772441.220
90450.820	61643.391	1767558.407
48409.082	-16130.586	1762675.595
25991.744	96460.055	1757792.782
69675.484	13374.299	1752909.970
87744.570	98678.891	1748027.157
148080.203	39405.910	1743144.345
35535.203	-1411.214	1738261.532
120170.172	11335.851	1733378.720
155349.000	-16377.154	1728495.907
48048.773	76760.539	1723613.095
187700.797	13229.259	1718730.282
40985.578	90135.109	1713847.470
108850.266	49187.531	1708964.657
37515.711	94112.984	1704081.845
50245.602	-23801.654	1699199.032
134805.875	-61038.582	1694316.220
153334.891	84635.055	1689433.407
79617.156	91760.180	1684550.595
138133.672	-40552.582	1679667.782
79603.484	107350.305	1674784.970
210308.156	29829.666	1669902.157
107439.039	-119449.680	1665019.345
-45476.922	47448.063	1660136.532
153538.781	-80410.180	1655253.720
51456.387	196197.719	1650370.907
70422.164	2796.523	1645488.095
43495.805	75430.023	1640605.282
52783.480	27319.855	1635722.470
17290.488	-37945.211	1630839.657
32216.426	-11344.983	1625956.845
278395.063	65717.578	1621074.032
182479.281	63573.414	1616191.220
70652.055	-38089.270	1611308.407
85164.984	-80412.531	1606425.595
-46521.691	63468.055	1601542.782
56110.859	59671.773	1596659.970
22416.570	-1350.485	1591777.157
215870.703	126620.055	1586894.345
80845.063	32886.797	1582011.532
-56697.824	68297.789	1577128.720
127028.203	148576.578	1572245.907
192043.516	-115952.930	1567363.095
175305.594	41798.090	1562480.282
31338.262	25484.289	1557597.470
44046.590	7208.094	1552714.657
107549.336	77552.547	1547831.845
191961.234	70930.781	1542949.032
191570.984	65422.801	1538066.220
62092.574	73329.563	1533183.407
77970.000	-14457.063	1528300.595
24460.725	85416.492	1523417.782
118417.977	4650.452	1518534.970
142366.938	99733.367	1513652.157
86232.188	250117.250	1508769.345
20782.193	-2001.554	1503886.532
100391.133	116055.609	1499003.720
73575.617	79934.875	1494120.907
-101186.992	51343.535	1489238.095
117580.414	-63490.918	1484355.282
124423.273	33600.758	1479472.470
231974.141	91335.719	1474589.657
197.715	61462.684	1469706.845
-8108.179	26365.773	1464824.032
47331.746	-164946.281	1459941.220
-47015.055	35193.859	1455058.407
-14451.700	-75916.359	1450175.595
-18102.246	209637.531	1445292.782
226121.875	-28302.699	1440409.970
129664.406	37048.145	1435527.157
142440.109	-12486.114	1430644.345
-6442.247	149580.047	1425761.532
66591.930	-3700.012	1420878.720
329696.125	32816.914	1415995.907
172426.672	142207.156	1411113.095
200371.703	178444.547	1406230.282
167900.469	-42486.750	1401347.470
104754.680	88117.000	1396464.657
189289.094	-112447.195	1391581.845
28401.055	-12192.455	1386699.032
21899.299	100974.703	1381816.220
24340.143	219647.328	1376933.407
75680.531	34121.375	1372050.595
217446.906	9657.326	1367167.782
40585.293	68865.625	1362284.970
362387.969	33894.203	1357402.157
-15759.675	69784.391	1352519.345
-141139.406	107607.977	1347636.532
104866.336	-136590.813	1342753.720
118629.711	-62889.344	1337870.907
35596.172	96482.617	1332988.095
14375.841	28857.686	1328105.282
130215.461	169638.016	1323222.470
90340.352	52486.395	1318339.657
320174.531	197957.078	1313456.845
212079.328	95116.125	1308574.032
220765.672	97403.141	1303691.220
-64142.367	-10306.382	1298808.407
36767.734	115716.766	1293925.595
77382.906	50029.086	1289042.782
-23454.932	173421.297	1284159.970
180398.547	62536.281	1279277.157
167213.234	-2646.910	1274394.345
79990.188	84821.375	1269511.532
40879.016	52867.684	1264628.720
19576.803	141981.219	1259745.907
171136.875	7402.620	1254863.095
134715.516	16266.749	1249980.282
73674.969	126701.156	1245097.470
121882.813	7022.276	1240214.657
195427.109	150199.891	1235331.845
8735.948	49722.582	1230449.032
132291.422	74089.227	1225566.220
110541.813	249146.906	1220683.407
-34953.301	64381.379	1215800.595
-80723.383	35464.277	1210917.782
274212.375	41778.324	1206034.970
-62897.523	63535.715	1201152.157
145985.266	-70850.625	1196269.345
127289.758	46904.516	1191386.532
147633.422	62100.172	1186503.720
-18844.273	68939.492	1181620.907
-30295.998	93371.797	1176738.095
175650.781	155391.172	1171855.282
130611.977	44555.930	1166972.470
93004.227	100097.758	1162089.657
199902.563	-142847.984	1157206.845
60615.527	294301.531	1152324.032
-17053.920	134812.125	1147441.220
197444.844	33042.176	1142558.407
18416.768	173481.078	1137675.595
43389.422	125181.242	1132792.782
-36357.754	19147.344	1127909.970
-171099.000	113435.094	1123027.157
-116633.727	206394.328	1118144.345
176772.734	-73921.961	1113261.532
77436.141	134419.047	1108378.720
4302.958	145336.766	1103495.907
147247.969	226214.906	1098613.095
211058.547	-7022.349	1093730.282
-20211.184	-93531.852	1088847.470
43227.922	59489.457	1083964.657
76490.734	128961.766	1079081.845
-56368.867	223171.844	1074199.032
-29487.182	67634.641	1069316.220
91546.117	29162.295	1064433.407
-157347.297	132783.391	1059550.595
40815.281	152245.359	1054667.782
62622.855	363167.594	1049784.970
225833.625	-2586.872	1044902.157
119205.336	195609.406	1040019.345
52485.555	151350.641	1035136.532
211149.953	191365.453	1030253.720
-8984.053	74548.211	1025370.907
172645.828	201772.344	1020488.095
161054.203	309213.875	1015605.282
146944.469	31580.059	1010722.470
28008.395	150051.125	1005839.657
42656.105	128310.039	1000956.845
-19260.602	224698.094	996074.032
-95713.961	234452.813	991191.220
-12375.773	77906.391	986308.407
-6917.207	180811.422	981425.595
15264.180	21184.561	976542.782
79120.438	108960.047	971659.970
83448.297	33688.941	966777.157
278598.563	320657.438	961894.345
215429.063	211668.797	957011.532
185978.594	288314.219	952128.720
5806.351	105581.508	947245.907
-61196.094	-294563.063	942363.095
150609.656	5540.246	937480.282
271870.188	214772.156	932597.470
-71547.859	12713.373	927714.657
234885.016	61437.168	922831.845
269936.719	84119.758	917949.032
34252.086	20719.613	913066.220
69328.344	201099.406	908183.407
82261.867	109890.469	903300.595
366379.563	-40713.402	898417.782
44844.496	23056.531	893534.970
231524.375	194603.375	888652.157
194047.469	82617.453	883769.345
-16905.461	-42718.406	878886.532
224068.922	231103.203	874003.720
-266501.000	154447.609	869120.907
-132609.828	142345.625	864238.095
235716.531	-4927.312	859355.282
323301.938	-25477.074	854472.470
11414.199	-128308.203	849589.657
33803.211	-92058.641	844706.845
305754.719	378479.406	839824.032
-1023.836	165730.469	834941.220
297911.281	209693.156	830058.407
319882.313	188896.906	825175.595
92614.547	233495.359	820292.782
8496.230	37530.371	815409.970
213161.484	5802.355	810527.157
-34416.395	324643.438	805644.345
370421.625	86217.813	800761.532
-14268.154	283288.031	795878.720
81687.180	45574.328	790995.907
30560.563	-71774.195	786113.095
58820.184	4242.223	781230.282
148410.828	264661.969	776347.470
-64914.898	8050.351	771464.657
124656.695	46502.953	766581.845
57236.859	118642.109	761699.032
-29129.564	-63400.879	756816.220
-23791.402	-95307.805	751933.407
1173.328	5080.153	747050.595
9767.047	293033.969	742167.782
160495.234	285142.938	737284.970
234285.000	325666.469	732402.157
-59339.332	-30146.967	727519.345
20108.242	175365.828	722636.532
-66675.000	85055.516	717753.720
41813.184	97460.188	712870.907
93851.844	142870.500	707988.095
125416.750	236471.516	703105.282
-129298.227	986.984	698222.470
132957.281	69096.039	693339.657
85082.180	430590.406	688456.845
61336.672	2683.984	683574.032
28428.383	-55698.922	678691.220
44960.531	80071.656	673808.407
15904.099	40663.867	668925.595
220994.656	59407.539	664042.782
55407.324	258176.297	659159.970
-63484.203	259947.000	654277.157
229083.359	152448.406	649394.345
-2131.109	-99427.570	644511.532
142189.125	185243.922	639628.720
297192.281	197292.797	634745.907
299658.156	-124974.016	629863.095
-27650.096	223275.813	624980.282
-165131.016	39836.371	620097.470
104706.922	58280.148	615214.657
-126410.023	308345.344	610331.845
77839.672	109223.922	605449.032
51986.543	122756.016	600566.220
326500.406	-17495.387	595683.407
230762.609	171834.969	590800.595
118911.938	92534.250	585917.782
-31723.982	132992.781	581034.970
210242.250	254034.016	576152.157
-95401.492	196215.016	571269.345
-87055.797	184286.859	566386.532
229745.813	491538.125	561503.720
-64721.570	236396.516	556620.907
192499.750	380444.313	551738.095
132884.766	161114.797	546855.282
202193.750	166713.531	541972.470
134364.297	157849.609	537089.657
33082.285	317085.156	532206.845
33066.926	276259.188	527324.032
183027.766	460253.813	522441.220
262219.563	283028.969	517558.407
115655.328	379893.063	512675.595
251543.953	239259.703	507792.782
51024.414	329806.406	502909.970
-233038.250	88062.633	498027.157
180380.875	325579.688	493144.345
373032.781	124886.141	488261.532
-109112.258	566977.750	483378.720
14765.407	155252.719	478495.907
187394.625	95261.461	473613.095
83432.031	465884.438	468730.282
83649.984	375920.656	463847.470
35234.473	229588.141	458964.657
14030.938	367641.688	454081.845
180336.031	355116.563	449199.032
167810.984	351420.063	444316.220
290606.438	242093.234	439433.407
-196633.313	147975.563	434550.595
242276.078	256980.922	429667.782
51978.602	28735.004	424784.970
22304.695	127412.867	419902.157
207023.000	545541.563	415019.345
275243.750	231573.000	410136.532
48726.629	-3729.197	405253.720
16397.545	44773.855	400370.907
145715.844	119777.281	395488.095
-14066.637	100138.750	390605.282
-130353.031	236668.469	385722.470
-96708.742	57984.176	380839.657
-53829.488	261751.813	375956.845
228390.094	338564.938	371074.032
134932.531	141884.203	366191.220
138476.250	474887.188	361308.407
-4752.572	328283.688	356425.595
393147.656	197323.844	351542.782
125954.141	730037.063	346659.970
136178.422	175340.531	341777.157
-101153.859	433961.375	336894.345
-135242.391	584576.188	332011.532
313673.469	125044.055	327128.720
12797.705	50682.098	322245.907
117052.344	210934.063	317363.095
307870.156	272981.844	312480.282
85805.648	560235.875	307597.470
-60719.031	147370.703	302714.657
32236.412	390451.594	297831.845
72658.203	705305.438	292949.032
-19354.893	584051.188	288066.220
103410.414	339391.875	283183.407
66709.711	645150.813	278300.595
-41830.570	598824.125	273417.782
296420.938	390943.906	268534.970
234658.781	414935.219	263652.157
-102572.344	105219.461	258769.345
-10593.881	654722.250	253886.532
-43247.063	658882.375	249003.720
129198.367	683167.000	244120.907
-54640.742	636975.188	239238.095
-25730.795	615888.438	234355.282
164938.375	843465.875	229472.470
188674.047	390422.031	224589.657
-40555.148	558491.500	219706.845
424082.813	666387.188	214824.032
155822.578	492783.094	209941.220
29860.916	818236.500	205058.407
209135.406	929456.313	200175.595
118192.555	799813.750	195292.782
117736.695	545252.063	190409.970
343126.969	847633.688	185527.157
260245.438	336661.625	180644.345
-40888.012	376251.688	175761.532
-56867.891	676352.938	170878.720
47822.453	830763.250	165995.907
93296.984	558563.188	161113.095
210523.828	548569.125	156230.282
201610.375	357414.125	151347.470
140455.844	955652.750	146464.657
282137.125	1163790.250	141581.845
118981.328	1124130.125	136699.032
190293.781	793173.750	131816.220
-114281.828	863313.563	126933.407
186802.359	870072.188	122050.595
-83859.305	952156.563	117167.782
-63808.043	1196722.625	112284.970
289503.344	1143197.250	107402.157
492231.656	1644653.625	102519.345
187991.031	1635515.375	97636.532
910110.500	1538718.250	92753.720
510422.531	1415518.250	87870.907
624169.250	1496242.875	82988.095
900568.688	1586033.000	78105.282
664586.563	1890160.875	73222.470
1356035.875	1719700.625	68339.657
1221670.125	1693331.250	63456.845
1219965.500	1635225.500	58574.032
1524008.375	1433295.500	53691.220
1679067.500	1452117.250	48808.407
1744431.125	1505230.125	43925.595
1784189.250	1414618.750	39042.782
2377286.250	1069619.875	34159.970
2089122.750	1376733.500	29277.157
2425812.500	1830421.500	24394.345
2581164.000	1546073.875	19511.532
2211866.000	1515202.625	14628.720
2868697.250	1559199.125	9745.907
3074435.000	1386819.250	4863.095
3151065.500	917411.125	-19.718
4160221.000	452057.250	-4902.530
4240077.000	35111.520	-9785.343
4013104.750	-934834.125	-14668.155
3701420.500	-790073.500	-19550.968
3764972.000	-1662659.125	-24433.780
3324211.250	-1982966.250	-29316.593
3177796.250	-2108718.500	-34199.405
2543303.500	-2470413.500	-39082.218
2712174.000	-2335029.500	-43965.030
1966194.000	-2666242.000	-48847.843
1607360.125	-2746444.750	-53730.655
1143156.625	-2211018.250	-58613.468
1142280.000	-2357702.750	-63496.280
792931.750	-2395744.250	-68379.093
585396.438	-1902344.250	-73261.905
510925.344	-1987945.250	-78144.718
327511.688	-1844941.875	-83027.530
225563.109	-1693239.000	-87910.343
96875.961	-1450575.625	-92793.155
-144316.500	-1717449.500	-97675.968
-2293.972	-1419390.750	-102558.780
-108691.516	-1278059.375	-107441.593
233801.969	-1065560.500	-112324.405
10985.311	-1289891.750	-117207.218
-969.683	-1172153.875	-122090.030
205190.234	-941455.125	-126972.843
2056.355	-919015.938	-131855.655
-169197.094	-1051036.750	-136738.468
-521159.625	-1002653.563	-141621.280
205895.422	-867088.375	-146504.093
148791.109	-753042.625	-151386.905
84828.320	-667092.250	-156269.718
-32774.574	-486073.031	-161152.530
193341.688	-651155.438	-166035.343
274567.313	-183472.516	-170918.155
112806.477	-486833.844	-175800.968
34647.508	-672242.625	-180683.780
-101498.969	-397273.844	-185566.593
-229383.922	-611813.250	-190449.405
146743.234	-523848.156	-195332.218
508603.250	-384285.281	-200215.030
91397.570	-574765.375	-205097.843
249908.109	-641023.375	-209980.655
-82876.188	-810424.313	-214863.468
105503.492	-428032.688	-219746.280
7005.060	-741542.688	-224629.093
44634.641	-784999.188	-229511.905
10142.583	-560291.875	-234394.718
113893.078	-692320.250	-239277.530
489463.219	-471063.813	-244160.343
210082.844	-447924.188	-249043.155
369847.656	-554992.063	-253925.968
79945.984	-715911.688	-258808.780
-87045.820	-642891.563	-263691.593
462962.906	-546124.438	-268574.405
153767.313	-91814.008	-273457.218
-132377.375	-114554.984	-278340.030
310849.406	-439599.438	-283222.843
101152.547	-397365.531	-288105.655
20942.857	-207423.719	-292988.468
501413.219	-262916.156	-297871.280
353856.313	-295219.281	-302754.093
67862.406	-441193.813	-307636.905
-174693.609	-242842.781	-312519.718
-223928.281	-636562.563	-317402.530
176919.672	-510121.563	-322285.343
-31837.070	-479158.875	-327168.155
-84382.234	-363214.813	-332050.968
387950.438	-242223.750	-336933.780
-113908.211	-257224.594	-341816.593
-305032.844	-260935.625	-346699.405
-21419.051	-423980.844	-351582.218
-127377.695	-208092.797	-356465.030
-199733.422	-281225.031	-361347.843
255353.000	-482086.469	-366230.655
59976.215	-526754.500	-371113.468
281493.469	-53907.957	-375996.280
233180.656	-189884.766	-380879.093
107461.750	-355992.094	-385761.905
-41174.516	-232936.453	-390644.718
-175013.000	-295480.375	-395527.530
85366.570	18097.988	-400410.343
-198903.391	-422358.500	-405293.155
-90010.055	-296423.719	-410175.968
-240403.859	-7184.012	-415058.780
181565.109	-349112.156	-419941.593
301588.688	-143196.156	-424824.405
-37311.695	-194596.125	-429707.218
318494.781	-218795.734	-434590.030
221510.406	-114245.711	-439472.843
-54944.730	-294629.188	-444355.655
-26399.988	50798.086	-449238.468
-165962.422	-429095.906	-454121.280
470260.844	-543346.750	-459004.093
288801.625	-453571.563	-463886.905
-9570.920	-357884.750	-468769.718
289866.906	-240780.750	-473652.530
6087.583	-110643.484	-478535.343
190520.859	-81657.930	-483418.155
-154033.750	-4304.197	-488300.968
475262.063	-147273.375	-493183.780
-15624.980	-379760.188	-498066.593
-273220.031	-222687.578	-502949.405
124120.430	-291948.625	-507832.218
305525.125	-651182.250	-512715.030
-209738.813	37522.766	-517597.843
-12647.007	-10957.052	-522480.655
-173552.953	61115.305	-527363.468
-36365.355	-99878.656	-532246.280
296053.625	-272288.094	-537129.093
270237.938	-406123.656	-542011.905
200873.938	-161924.672	-546894.718
158080.688	-90585.664	-551777.530
-9476.561	-264231.594	-556660.343
119915.820	-72267.648	-561543.155
193203.156	-235102.719	-566425.968
2355.322	-403831.156	-571308.780
-9292.372	-395888.438	-576191.593
-26459.406	-267604.469	-581074.405
-113265.992	-459721.594	-585957.218
-21683.496	-393551.938	-590840.030
-109510.453	-705010.313	-595722.843
82820.813	-57352.727	-600605.655
141996.750	-83586.898	-605488.468
1368.806	131981.750	-610371.280
92883.500	251757.813	-615254.093
241351.672	-10497.747	-620136.905
88858.195	-391711.125	-625019.718
208063.609	-301245.438	-629902.530
204202.531	111339.094	-634785.343
113877.391	-594178.250	-639668.155
-180542.891	-259466.266	-644550.968
165557.906	-193715.984	-649433.780
95041.586	-71462.820	-654316.593
188145.406	-480079.438	-659199.405
111202.484	5860.293	-664082.218
213887.516	-3412.748	-668965.030
65452.563	-445689.844	-673847.843
-299521.375	-169321.281	-678730.655
422916.125	-140938.609	-683613.468
197163.766	-30541.631	-688496.280
386536.938	-256404.953	-693379.093
-151931.219	-65193.652	-698261.905
-118497.844	-156294.641	-703144.718
342853.281	-111283.969	-708027.530
-28989.775	43335.727	-712910.343
107537.023	163053.438	-717793.155
25814.373	105793.070	-722675.968
189446.641	80728.508	-727558.780
265120.781	-309711.313	-732441.593
229605.219	-117633.117	-737324.405
185208.453	-104221.211	-742207.218
12760.956	-410144.281	-747090.030
238673.641	310760.500	-751972.843
241387.984	-191011.219	-756855.655
90654.836	-299038.594	-761738.468
-136232.109	7972.452	-766621.280
134408.828	-431915.031	-771504.093
-9403.544	108700.859	-776386.905
594731.313	-408167.656	-781269.718
-128002.289	-226472.234	-786152.530
327468.281	-421116.875	-791035.343
129599.797	197322.766	-795918.155
61983.582	-164659.719	-800800.968
151576.344	-80522.648	-805683.780
172438.719	-62346.152	-810566.593
34394.488	-36956.059	-815449.405
-175349.266	-214267.125	-820332.218
123435.117	-292382.250	-825215.030
-144217.500	-207057.594	-830097.843
-7153.646	59366.633	-834980.655
182383.078	-321255.594	-839863.468
157735.297	33365.582	-844746.280
45472.863	38683.156	-849629.093
-280866.031	-161624.813	-854511.905
-166773.469	-94076.016	-859394.718
-59883.105	-129135.500	-864277.530
42908.719	-192395.391	-869160.343
198244.938	-84819.586	-874043.155
380443.375	-476360.813	-878925.968
20397.879	69652.633	-883808.780
240215.297	80996.984	-888691.593
-86674.719	-141851.594	-893574.405
3021.391	-3652.712	-898457.218
191172.625	-247407.219	-903340.030
89035.039	-123691.031	-908222.843
410155.875	34079.848	-913105.655
2667.979	-97331.203	-917988.468
-52621.590	1479.182	-922871.280
55428.652	92340.867	-927754.093
-244921.469	-247947.469	-932636.905
316006.156	-295538.875	-937519.718
-42989.070	-333574.625	-942402.530
-177879.281	-254076.500	-947285.343
118117.453	141406.750	-952168.155
-153241.125	-53576.883	-957050.968
-38907.609	-450087.781	-961933.780
447241.156	-101443.945	-966816.593
237290.469	-176576.828	-971699.405
95326.773	207058.438	-976582.218
98373.422	-367493.281	-981465.030
310304.500	23783.699	-986347.843
92833.852	-6394.554	-991230.655
55741.848	-222730.734	-996113.468
13244.331	-395107.906	-1000996.280
-161978.766	-203536.844	-1005879.093
239731.016	42344.184	-1010761.905
-165851.016	-123307.344	-1015644.718
239911.859	-264096.563	-1020527.530
296052.375	-198881.203	-1025410.343
74074.695	-151767.906	-1030293.155
69289.820	-253168.500	-1035175.968
85067.711	-258332.969	-1040058.780
-232137.719	-439256.750	-1044941.593
42207.516	-52438.695	-1049824.405
82515.102	-66683.516	-1054707.218
-141276.594	226877.859	-1059590.030
69722.211	-368399.250	-1064472.843
120598.086	-450102.313	-1069355.655
284416.531	-388463.531	-1074238.468
110375.547	-20057.469	-1079121.280
-127364.563	-152144.484	-1084004.093
185002.531	-34859.234	-1088886.905
-385027.375	-334007.500	-1093769.718
264733.500	-113766.469	-1098652.530
181643.250	23909.279	-1103535.343
-6689.278	-482887.063	-1108418.155
-232089.172	171959.969	-1113300.968
41340.301	-148588.344	-1118183.780
-30333.313	27283.205	-1123066.593
-16289.763	-33358.160	-1127949.405
374482.125	124554.781	-1132832.218
-13935.793	15427.869	-1137715.030
127845.617	41961.340	-1142597.843
-224899.766	-146336.438	-1147480.655
128432.406	-84884.555	-1152363.468
-4294.386	-207179.250	-1157246.280
46846.047	-58115.230	-1162129.093
157762.734	48022.512	-1167011.905
-154117.516	-14902.947	-1171894.718
-172195.500	-302446.406	-1176777.530
301822.531	-220318.844	-1181660.343
-58153.219	-383506.031	-1186543.155
146614.406	-60088.910	-1191425.968
40585.832	-162763.953	-1196308.780
268909.250	7877.864	-1201191.593
191304.547	-147737.766	-1206074.405
-76211.594	-179133.172	-1210957.218
205688.859	-96900.945	-1215840.030
65764.242	-306164.375	-1220722.843
183638.141	49989.293	-1225605.655
117431.555	25428.639	-1230488.468
53196.297	-4084.608	-1235371.280
-4930.704	181844.203	-1240254.093
66203.039	-181542.578	-1245136.905
134296.188	47515.816	-1250019.718
111217.281	-179484.422	-1254902.530
498734.406	-127608.641	-1259785.343
8847.145	-199851.484	-1264668.155
61581.227	175798.063	-1269550.968
121694.586	-355966.844	-1274433.780
74496.125	-120869.539	-1279316.593
111850.656	-75543.219	-1284199.405
262993.719	-59525.180	-1289082.218
7921.322	-227112.156	-1293965.030
-62216.648	26683.012	-1298847.843
203185.063	-93612.953	-1303730.655
-74522.508	-165104.063	-1308613.468
235161.438	-144994.391	-1313496.280
50255.074	311507.469	-1318379.093
88794.781	-9109.544	-1323261.905
66703.133	-156111.719	-1328144.718
1696.088	-95318.258	-1333027.530
116305.289	-103706.414	-1337910.343
52346.348	-5359.895	-1342793.155
122606.734	13574.219	-1347675.968
-170248.906	252144.641	-1352558.780
92465.289	-63145.613	-1357441.593
-91765.891	-250483.313	-1362324.405
12675.425	-62383.398	-1367207.218
155687.938	-56276.211	-1372090.030
137115.281	-36397.125	-1376972.843
137318.969	-239532.750	-1381855.655
-17694.730	105214.367	-1386738.468
465163.469	8731.359	-1391621.280
116874.195	149345.219	-1396504.093
372700.406	-173420.344	-1401386.905
20034.365	-285577.813	-1406269.718
388332.500	-102993.938	-1411152.530
82474.500	-10716.300	-1416035.343
229440.328	-114210.844	-1420918.155
447427.563	-11401.481	-1425800.968
25927.105	-243264.172	-1430683.780
-18176.408	71484.508	-1435566.593
-53830.059	-5568.321	-1440449.405
-171362.188	-65224.680	-1445332.218
-58854.211	-136717.109	-1450215.030
72972.711	-43171.051	-1455097.843
-79236.125	-59782.695	-1459980.655
23508.486	13053.385	-1464863.468
200883.094	-19829.141	-1469746.280
133773.734	-30214.121	-1474629.093
96492.734	140277.234	-1479511.905
50075.203	99509.680	-1484394.718
-49021.559	-99245.844	-1489277.530
127940.266	-273308.875	-1494160.343
191785.969	-168227.516	-1499043.155
-5495.850	236304.156	-1503925.968
107895.773	93695.391	-1508808.780
-111358.164	-85859.789	-1513691.593
100398.297	152586.781	-1518574.405
223687.609	-221561.438	-1523457.218
83443.297	-64905.266	-1528340.030
294398.719	-124554.750	-1533222.843
-30493.182	-103246.836	-1538105.655
38471.668	-50324.711	-1542988.468
223582.063	172643.625	-1547871.280
22445.602	-15735.757	-1552754.093
64332.871	-318022.625	-1557636.905
97751.125	20840.082	-1562519.718
95512.258	-178484.266	-1567402.530
89571.492	246550.875	-1572285.343
-54198.809	124867.070	-1577168.155
305202.969	-292831.094	-1582050.968
62165.594	-120998.125	-1586933.780
285631.906	-142072.531	-1591816.593
-28481.775	-247297.813	-1596699.405
35136.246	19242.969	-1601582.218
-86000.625	-67195.969	-1606465.030
56877.613	-129394.594	-1611347.843
180576.313	-36988.387	-1616230.655
118521.250	154834.906	-1621113.468
31629.740	-285046.656	-1625996.280
-53448.648	-98930.891	-1630879.093
-6994.395	586.216	-1635761.905
37278.066	-31730.887	-1640644.718
-129163.969	114108.523	-1645527.530
-54519.199	117552.852	-1650410.343
59128.566	117481.031	-1655293.155
38613.078	-204905.859	-1660175.968
215483.375	-95109.742	-1665058.780
57896.555	-119520.289	-1669941.593
-44095.324	-11464.662	-1674824.405
34618.676	-248782.938	-1679707.218
28364.758	-211368.266	-1684590.030
115093.938	212180.703	-1689472.843
288294.344	48119.695	-1694355.655
-62055.922	8004.252	-1699238.468
9592.464	-11483.955	-1704121.280
47097.977	-21989.018	-1709004.093
-10785.862	-230972.656	-1713886.905
3324.655	-30249.395	-1718769.718
152035.547	29696.863	-1723652.530
239828.250	-62559.184	-1728535.343
52624.594	-175273.500	-1733418.155
160723.031	-65712.273	-1738300.968
35417.898	-238222.797	-1743183.780
244165.406	-109665.398	-1748066.593
70330.133	137506.391	-1752949.405
-46962.777	9008.054	-1757832.218
-43839.848	344.000	-1762715.030
15553.248	99096.172	-1767597.843
170049.922	138489.625	-1772480.655
92767.867	-253042.766	-1777363.468
-44268.180	-202112.094	-1782246.280
-29364.531	53721.379	-1787129.093
-71817.211	108647.977	-1792011.905
25299.072	-48032.578	-1796894.718
28545.689	136462.016	-1801777.530
188230.672	306.365	-1806660.343
-33367.945	44275.367	-1811543.155
124560.633	26267.998	-1816425.968
-19009.639	-200816.656	-1821308.780
15544.544	-238260.672	-1826191.593
66759.133	-131416.234	-1831074.405
81606.969	-74767.734	-1835957.218
91420.398	-15840.048	-1840840.030
-134837.563	33902.520	-1845722.843
-85050.063	18723.027	-1850605.655
73009.688	12815.517	-1855488.468
52489.359	-16774.199	-1860371.280
155462.047	37055.473	-1865254.093
50842.816	-225075.516	-1870136.905
284262.000	32984.094	-1875019.718
-113543.109	70438.070	-1879902.530
169010.688	-165884.234	-1884785.343
167856.781	122663.258	-1889668.155
218922.828	-105145.773	-1894550.968
87950.570	72809.984	-1899433.780
-63493.418	-112895.672	-1904316.593
-58604.094	-30172.281	-1909199.405
41774.945	53375.016	-1914082.218
131946.016	82280.008	-1918965.030
-38431.117	26897.986	-1923847.843
164910.500	-3369.840	-1928730.655
-179493.344	-50092.992	-1933613.468
58876.527	-29940.920	-1938496.280
117847.539	-6163.250	-1943379.093
75044.797	-15939.048	-1948261.905
123260.367	-67896.625	-1953144.718
230931.734	32849.980	-1958027.530
25184.857	-116288.688	-1962910.343
141083.625	-44924.691	-1967793.155
24183.395	-197750.266	-1972675.968
176552.844	-93737.680	-1977558.780
57270.980	48370.703	-1982441.593
43523.781	-70182.852	-1987324.405
16842.070	-35989.367	-1992207.218
113774.141	37090.648	-1997090.030
56565.148	-96359.273	-2001972.843
6532.785	90841.227	-2006855.655
66046.781	-43645.832	-2011738.468
-5447.648	-167067.844	-2016621.280
103459.773	1550.673	-2021504.093
-18966.760	-109322.094	-2026386.905
92811.219	-96280.422	-2031269.718
118274.852	-31844.094	-2036152.530
115421.227	-38418.289	-2041035.343
68656.508	-14459.891	-2045918.155
154250.984	101555.414	-2050800.968
76929.477	13729.765	-2055683.780
34322.633	-77699.000	-2060566.593
47233.941	-16539.582	-2065449.405
101846.164	32789.148	-2070332.218
129976.906	-95074.164	-2075215.030
-15108.847	-103899.258	-2080097.843
-59321.477	-36153.105	-2084980.655
32100.623	33108.691	-2089863.468
108995.258	109703.828	-2094746.280
-2067.390	-49274.535	-2099629.093
11897.583	13934.599	-2104511.905
-24685.414	70801.484	-2109394.718
221595.594	53350.234	-2114277.530
36894.867	-30669.848	-2119160.343
301725.500	18725.020	-2124043.155
-22037.496	-3709.732	-2128925.968
82633.242	8202.648	-2133808.780
152540.859	-42651.961	-2138691.593
4753.773	-197406.109	-2143574.405
93203.961	46242.852	-2148457.218
4580.614	-45009.395	-2153340.030
113248.109	-100890.484	-2158222.843
76389.820	7125.868	-2163105.655
124002.070	-90650.180	-2167988.468
100232.422	-10082.779	-2172871.280
141131.031	-47195.566	-2177754.093
184611.203	-25506.115	-2182636.905
143137.219	-19173.484	-2187519.718
176225.141	-41651.734	-2192402.530
82174.148	-35820.484	-2197285.343
140388.109	92392.945	-2202168.155
138220.797	30992.420	-2207050.968
79788.703	-96115.320	-2211933.780
64834.820	-18040.221	-2216816.593
52732.379	-121863.359	-2221699.405
-23701.680	10096.321	-2226582.218
47532.211	-49252.105	-2231465.030
153562.344	23628.016	-2236347.843
150543.469	-15806.378	-2241230.655
62130.438	-36914.074	-2246113.468
24607.320	-114118.883	-2250996.280
109736.969	-26201.076	-2255879.093
192192.109	55411.613	-2260761.905
117028.313	-147370.156	-2265644.718
50404.188	30772.986	-2270527.530
102673.539	-88985.297	-2275410.343
80001.789	-65204.734	-2280293.155
48390.172	623.256	-2285175.968
75782.805	-66908.516	-2290058.780
-29352.834	-2367.195	-2294941.593
11314.771	-35135.543	-2299824.405
107302.711	-8530.478	-2304707.218
71201.305	2759.268	-2309590.030
100977.914	6996.167	-2314472.843
90189.781	-50399.949	-2319355.655
44458.117	-66216.422	-2324238.468
59160.035	-20359.057	-2329121.280
111856.336	-49116.352	-2334004.093
25353.688	-73113.969	-2338886.905
71037.016	25474.893	-2343769.718
102169.531	-8354.106	-2348652.530
57854.242	13968.799	-2353535.343
80522.914	-131259.609	-2358418.155
-8308.724	-15755.342	-2363300.968
14162.945	92346.281	-2368183.780
76864.273	-43650.777	-2373066.593
145120.766	-61917.035	-2377949.405
77183.125	16976.635	-2382832.218
52483.844	-83818.836	-2387715.030
118059.992	-8020.748	-2392597.843
144464.375	90947.523	-2397480.655
28199.029	-47737.133	-2402363.468
50833.770	-43365.133	-2407246.280
115266.422	2260.299	-2412129.093
144829.781	-2061.455	-2417011.905
78573.031	65805.211	-2421894.718
114784.219	-41767.391	-2426777.530
76605.984	-86762.516	-2431660.343
11490.871	-78189.055	-2436543.155
92959.898	-28396.553	-2441425.968
34966.484	16561.992	-2446308.780
50441.648	-17359.063	-2451191.593
141291.422	-37802.137	-2456074.405
106098.289	-18064.754	-2460957.218
149313.719	-75337.172	-2465840.030
80716.320	71718.797	-2470722.843
162470.516	-19373.840	-2475605.655
41031.793	-3012.654	-2480488.468
59409.199	58821.777	-2485371.280
24500.123	-32600.367	-2490254.093
92942.414	-2363.099	-2495136.905
