Data Point Listing of File C:\NTNMR\data\Dan\LiMnPO4\[100]\Li7 [100] 180deg.tnt
Starting Point:	1	Ending Point:	1024
Real	Imag	ppm
4675064.000	433848.000	8573.054
4811011.000	596414.000	8556.309
4619661.000	440998.000	8539.564
4785589.000	350186.000	8522.820
4783573.500	228240.000	8506.075
4944820.500	442128.000	8489.331
4810536.000	288556.000	8472.586
4940669.500	521090.000	8455.842
4843933.500	431068.000	8439.097
5077206.500	635384.000	8422.352
4574921.000	595052.000	8405.608
4950540.500	551156.000	8388.863
4865869.000	443446.000	8372.119
4864702.500	325922.000	8355.374
4921096.500	685624.000	8338.630
4796234.500	292912.000	8321.885
4918644.500	486616.000	8305.140
4826844.500	1003880.000	8288.396
5080184.000	809792.000	8271.651
4963600.000	520902.000	8254.907
4839654.000	941966.000	8238.162
4797635.000	695910.000	8221.417
4693951.000	459330.000	8204.673
4918468.500	402198.000	8187.928
4789720.000	752710.000	8171.184
4757191.000	1129761.000	8154.439
4995202.500	658486.000	8137.695
4795037.000	902962.000	8120.950
5063382.000	743500.000	8104.205
4938230.000	743155.000	8087.461
4705471.500	744107.000	8070.716
4635695.000	757591.000	8053.972
4880608.500	715446.000	8037.227
5213069.000	1040804.000	8020.483
5098728.000	833634.000	8003.738
4621052.500	587784.000	7986.993
4764855.500	924139.000	7970.249
5108915.000	752338.000	7953.504
4785096.500	1017402.000	7936.760
5231623.000	737532.000	7920.015
4829342.000	743809.000	7903.271
4928549.500	958271.000	7886.526
4967714.500	797563.000	7869.781
4755382.000	648333.000	7853.037
4652827.000	724850.000	7836.292
4803578.000	1034804.000	7819.548
4936576.000	968905.000	7802.803
5089242.500	1218895.000	7786.059
4826942.500	885073.000	7769.314
4731946.000	818913.000	7752.569
4695507.500	973378.000	7735.825
4949215.500	883859.000	7719.080
4546061.000	1191795.000	7702.336
4743217.000	1285261.000	7685.591
4704363.000	1101463.000	7668.846
4707942.000	1048424.000	7652.102
5031966.000	968976.000	7635.357
4854176.500	1178185.000	7618.613
5125287.000	1378538.000	7601.868
4707065.000	1176916.000	7585.124
4805410.000	1155826.000	7568.379
4739617.500	1251991.500	7551.634
5094052.500	835221.000	7534.890
4917955.000	1181002.000	7518.145
4897159.000	1371477.500	7501.401
4669373.000	1440736.000	7484.656
4900506.500	1271851.500	7467.912
4729738.000	1263962.500	7451.167
4955747.500	1437271.000	7434.422
4890639.500	1149038.000	7417.678
4610677.500	1110863.000	7400.933
4906733.000	1401439.500	7384.189
4669660.000	1143862.500	7367.444
4931835.500	1409167.500	7350.700
4786039.000	1425120.500	7333.955
4747113.500	1493674.000	7317.210
4724197.000	1410939.000	7300.466
4886646.500	1563784.000	7283.721
4667510.000	1491531.500	7266.977
4567757.500	1462748.500	7250.232
4536256.500	1723232.500	7233.488
4802640.500	1575669.500	7216.743
4890235.000	1687120.500	7199.998
4556759.000	1346679.500	7183.254
4442523.000	1566510.500	7166.509
4858129.500	1930405.500	7149.765
4845550.500	1845763.500	7133.020
4743426.500	1420155.000	7116.275
4381653.000	1625028.500	7099.531
4616347.500	1851276.500	7082.786
4914135.000	1552257.000	7066.042
4842568.000	1658738.000	7049.297
4557329.000	1758673.500	7032.553
4718622.000	1953364.500	7015.808
4823328.500	2028208.500	6999.063
4807850.000	1788191.000	6982.319
4643243.000	1785189.500	6965.574
4843787.000	1689312.500	6948.830
4941239.000	1967319.500	6932.085
4647203.000	2013219.000	6915.341
5021138.000	1942771.500	6898.596
4895049.500	1828539.000	6881.851
4754125.000	1947113.500	6865.107
4779907.500	2256372.500	6848.362
4928052.000	1990071.500	6831.618
4716593.500	1993829.500	6814.873
4742320.500	2081893.000	6798.129
4744971.000	1981323.500	6781.384
4478365.500	2260416.000	6764.639
4880245.500	2221695.000	6747.895
5070951.000	1970414.000	6731.150
4710618.500	2043739.500	6714.406
4544956.000	2373363.500	6697.661
4621297.000	2428469.000	6680.917
4704241.000	2436915.500	6664.172
5053681.500	2134898.000	6647.427
4660792.500	2113013.000	6630.683
4873531.000	2437959.000	6613.938
5123154.500	2612179.000	6597.194
5037569.500	2160475.000	6580.449
4806966.000	2145830.500	6563.705
4790599.500	2189125.500	6546.960
4686673.500	2274667.500	6530.215
4640382.000	2654391.500	6513.471
5116793.000	2486541.000	6496.726
4623063.500	2341035.500	6479.982
4882871.000	2543376.000	6463.237
4774890.000	2181660.500	6446.492
4865419.500	2453953.500	6429.748
4769369.500	2237139.000	6413.003
4512842.500	2663093.500	6396.259
4965377.000	2745675.500	6379.514
4726737.000	2284857.500	6362.770
4960766.000	2756648.500	6346.025
4695056.500	2698774.500	6329.280
4981691.500	3049144.000	6312.536
4960883.000	2732288.500	6295.791
4715960.500	2513744.500	6279.047
4896895.500	2701463.500	6262.302
4683705.500	2859816.000	6245.558
4884204.000	2473799.000	6228.813
4770704.000	3002793.250	6212.068
5066474.000	2868558.500	6195.324
4790852.500	2506096.500	6178.579
4789962.000	2576197.250	6161.835
4806941.500	2998290.000	6145.090
4618776.000	3095740.250	6128.346
5122730.000	3096732.250	6111.601
5019955.500	2870467.250	6094.856
5096462.500	3014254.500	6078.112
4858290.000	2924155.500	6061.367
4792957.000	3042676.500	6044.623
5126291.500	2706876.000	6027.878
4766109.500	2894680.250	6011.134
4889394.000	2996256.000	5994.389
4846850.000	2978019.500	5977.644
4981623.500	2656832.000	5960.900
4935306.000	2793768.000	5944.155
4858932.500	3086182.500	5927.411
4988587.000	3300276.000	5910.666
4887452.500	3284506.000	5893.921
4730341.000	2980594.500	5877.177
4613348.500	3207018.000	5860.432
5062478.500	3180674.500	5843.688
4734688.500	3358214.500	5826.943
5035107.000	3137217.500	5810.199
4746032.500	3400386.000	5793.454
4916221.000	3026528.000	5776.709
4596877.000	3563854.000	5759.965
5181309.500	3295537.500	5743.220
4860214.500	3293376.500	5726.476
4909319.000	3464064.000	5709.731
4777141.500	3563309.500	5692.987
4934410.500	3262880.500	5676.242
4839506.000	3582948.500	5659.497
4902102.500	3705161.500	5642.753
4752152.000	3803638.500	5626.008
5045510.000	3648411.500	5609.264
5116964.000	3378288.500	5592.519
5097637.500	3832213.000	5575.775
5199679.000	3741652.000	5559.030
4989386.000	3643604.000	5542.285
4701662.500	3244538.000	5525.541
4722472.500	3329104.000	5508.796
4965865.000	3604017.000	5492.052
5035657.000	4050836.500	5475.307
5330063.000	3633807.500	5458.563
4994070.500	3729244.000	5441.818
4972761.500	3710995.500	5425.073
5055970.500	3851487.000	5408.329
5075604.000	3646424.500	5391.584
4832286.500	3722080.500	5374.840
4602327.000	3510658.000	5358.095
4810830.500	3598773.500	5341.351
4904440.500	4283668.000	5324.606
5050348.500	3650979.000	5307.861
5318591.000	3569664.000	5291.117
4861922.000	3825863.500	5274.372
5031923.500	4114975.000	5257.628
5020344.500	4153180.500	5240.883
4669052.500	4220281.000	5224.138
5024787.000	3794171.000	5207.394
4724776.500	4065758.000	5190.649
5017822.000	4288658.000	5173.905
4951840.500	4137722.500	5157.160
4740522.500	4026253.500	5140.416
5159774.500	3907462.000	5123.671
5014982.500	4562541.500	5106.926
4898555.000	3869060.500	5090.182
5006324.500	4631953.000	5073.437
5117761.500	4058838.500	5056.693
4763978.500	4092917.000	5039.948
4940183.000	4143340.500	5023.204
4541903.000	4560959.000	5006.459
4803939.500	4451296.500	4989.714
4989499.000	4526487.000	4972.970
4744468.500	4087111.000	4956.225
5024190.000	4464659.000	4939.481
4780402.000	4662157.000	4922.736
4656503.000	4420515.500	4905.992
5081313.500	4788689.500	4889.247
5044836.000	4591974.500	4872.502
4918694.000	4671350.000	4855.758
4775378.500	4551355.000	4839.013
4784414.000	4655485.000	4822.269
4979645.500	4619777.000	4805.524
5075985.000	4761724.500	4788.780
4927888.000	4563324.000	4772.035
4883942.500	4892034.000	4755.290
4969677.000	4833205.000	4738.546
4941660.000	5030848.000	4721.801
5092563.500	4909717.000	4705.057
4472386.500	4973439.000	4688.312
4959540.000	4625506.000	4671.567
4724611.500	5107115.000	4654.823
5207056.500	5145463.000	4638.078
4763599.000	5121061.500	4621.334
4708740.500	5082314.500	4604.589
4826417.000	5454029.500	4587.845
4828766.500	5291127.000	4571.100
5010047.500	5141424.500	4554.355
4722031.000	5272159.000	4537.611
5089259.500	5542967.500	4520.866
5015006.000	5563983.000	4504.122
5121206.000	5240686.000	4487.377
5128897.500	5235168.000	4470.633
4944187.500	5529648.500	4453.888
4997912.500	5301536.500	4437.143
4951749.000	5525466.000	4420.399
4965494.500	5532715.500	4403.654
4851672.000	5795345.000	4386.910
4658542.000	5376514.500	4370.165
4819656.000	5573095.500	4353.421
5083294.500	5576519.000	4336.676
5058825.500	5835342.000	4319.931
4837102.500	5585608.000	4303.187
5253680.000	6100337.000	4286.442
5167558.500	5883378.000	4269.698
4588662.500	5890638.500	4252.953
5270896.000	6135958.000	4236.209
5287065.000	5873796.500	4219.464
4991462.500	5940083.000	4202.719
5327750.500	6008004.000	4185.975
5033383.500	5596374.000	4169.230
4980917.500	6144145.000	4152.486
5027062.500	6109177.500	4135.741
4573704.500	5541422.500	4118.997
5077928.500	6132704.000	4102.252
4911169.500	6367184.500	4085.507
5365621.000	6306293.500	4068.763
4605623.000	6028693.000	4052.018
4956876.500	6845740.500	4035.274
5161548.500	6283664.000	4018.529
5341968.500	6427647.500	4001.784
4993291.500	6421517.500	3985.040
4958240.000	6289941.500	3968.295
4999680.500	6270096.000	3951.551
4914390.500	6626425.500	3934.806
4912232.000	6465029.500	3918.062
5135821.000	6784704.000	3901.317
4993962.000	6547336.000	3884.572
4777758.000	6764259.000	3867.828
4507406.000	6624678.000	3851.083
4859762.500	7050793.000	3834.339
4986220.500	7174166.000	3817.594
5354678.000	6526523.500	3800.850
4995213.000	7334982.500	3784.105
5115692.500	6849692.500	3767.360
5046047.000	7081792.000	3750.616
4744613.500	6817444.000	3733.871
4818218.000	7337739.500	3717.127
4763060.500	7083635.000	3700.382
5179368.000	7583585.000	3683.638
5091688.500	7528073.000	3666.893
4814593.500	7551315.000	3650.148
5054394.500	7459225.500	3633.404
5158910.500	7917850.000	3616.659
4947480.000	7278540.000	3599.915
5173916.000	7278320.000	3583.170
5237903.000	7519984.500	3566.426
5217005.500	7428575.500	3549.681
4969964.500	7687834.000	3532.936
4513391.000	7776792.000	3516.192
4665379.500	8008357.500	3499.447
5054971.000	7991270.000	3482.703
5219627.500	8242016.500	3465.958
5161704.000	8461613.000	3449.213
4928260.500	7848214.000	3432.469
4829345.000	8388350.000	3415.724
4857590.500	8171416.000	3398.980
4998435.000	8392213.000	3382.235
4838976.000	8289132.000	3365.491
5288969.500	8624020.000	3348.746
5040002.000	8502969.000	3332.001
4902346.000	8326509.000	3315.257
5032725.500	8997294.000	3298.512
5207964.000	8600624.000	3281.768
5145438.500	9141573.000	3265.023
5058351.000	8530087.000	3248.279
5202943.500	8591008.000	3231.534
5159076.500	8894614.000	3214.789
5143175.500	9024092.000	3198.045
4634661.500	9069546.000	3181.300
5120772.500	9384677.000	3164.556
5001247.000	9093294.000	3147.811
5203789.000	9528283.000	3131.067
4841980.000	9548154.000	3114.322
5548069.500	9507684.000	3097.577
5135883.000	9674198.000	3080.833
5152815.000	9617341.000	3064.088
5246316.500	9740545.000	3047.344
4990314.500	9783682.000	3030.599
5655604.500	9931679.000	3013.855
5278385.500	9485824.000	2997.110
5204195.000	9979604.000	2980.365
5658070.500	9840216.000	2963.621
5136877.500	9957858.000	2946.876
5004778.000	10340666.000	2930.132
4899327.000	10217902.000	2913.387
5261076.500	10539206.000	2896.642
5261047.000	10423668.000	2879.898
5447926.500	10544420.000	2863.153
5057970.500	10743714.000	2846.409
5457990.000	10517234.000	2829.664
5228103.000	10705756.000	2812.920
5162163.500	10836672.000	2796.175
5426352.000	11094540.000	2779.430
5581453.000	10855261.000	2762.686
5368877.000	10961266.000	2745.941
5456594.000	10789038.000	2729.197
5522412.000	11615450.000	2712.452
5128727.000	11178588.000	2695.708
5078806.500	11499382.000	2678.963
4878037.500	11713976.000	2662.218
5245079.500	11597334.000	2645.474
5660474.000	12255674.000	2628.729
5403387.000	11793218.000	2611.985
5323372.000	11677437.000	2595.240
5069831.000	12337610.000	2578.496
4945552.500	12428739.000	2561.751
5161896.000	12348048.000	2545.006
4837543.000	12548369.000	2528.262
5070876.000	12312655.000	2511.517
5317864.500	12448192.000	2494.773
5191317.500	12663956.000	2478.028
5273388.500	12782471.000	2461.284
4964678.500	13110385.000	2444.539
5230326.000	13129400.000	2427.794
5240718.000	12889288.000	2411.050
5272237.000	13402178.000	2394.305
5140633.000	13714788.000	2377.561
5726266.000	13764504.000	2360.816
5742246.500	14031484.000	2344.072
5125432.500	13331204.000	2327.327
5133663.500	14363754.000	2310.582
5278905.000	14395812.000	2293.838
4871079.000	14716184.000	2277.093
5393517.000	14649512.000	2260.349
5504599.000	14617580.000	2243.604
5223372.500	15170384.000	2226.859
5242247.500	15054462.000	2210.115
5195871.000	15426495.000	2193.370
5192175.000	15338532.000	2176.626
5429431.500	15556514.000	2159.881
5227743.000	16116827.000	2143.137
5182997.500	16122480.000	2126.392
4974293.500	16235790.000	2109.647
4837765.500	16464774.000	2092.903
5096629.000	16921216.000	2076.158
5325197.000	17262764.000	2059.414
5349120.000	17279128.000	2042.669
5748122.500	17179124.000	2025.925
5229315.500	17669344.000	2009.180
5408500.500	17918346.000	1992.435
5417577.000	18247396.000	1975.691
5153789.500	18692960.000	1958.946
5626133.500	18625552.000	1942.202
5695149.500	19353320.000	1925.457
5367798.000	19257152.000	1908.713
5704846.500	19702188.000	1891.968
5861540.500	19640342.000	1875.223
5576951.000	20121220.000	1858.479
5579538.500	20477564.000	1841.734
5912801.000	20549284.000	1824.990
5671164.000	20866746.000	1808.245
5861079.500	21095476.000	1791.501
5959153.000	21342480.000	1774.756
6172300.000	21775778.000	1758.011
5986262.500	21829280.000	1741.267
5770216.000	22290408.000	1724.522
5865313.000	22394086.000	1707.778
5731062.500	23504332.000	1691.033
5886792.000	23628584.000	1674.288
6323457.000	23880136.000	1657.544
5831836.000	24413156.000	1640.799
5823159.500	24974864.000	1624.055
6277484.500	25690562.000	1607.310
6524778.500	25821032.000	1590.566
6353296.500	26424914.000	1573.821
6893764.000	26814040.000	1557.076
7051628.500	27161112.000	1540.332
6444162.500	27837662.000	1523.587
7724405.000	28595478.000	1506.843
6946304.000	29148472.000	1490.098
7220175.500	29475074.000	1473.354
7465543.000	30363432.000	1456.609
7696559.000	30909032.000	1439.864
7670348.500	31461354.000	1423.120
7627535.000	32033232.000	1406.375
7519255.000	33299200.000	1389.631
8489648.000	34165100.000	1372.886
8516890.000	34746852.000	1356.142
8915800.000	36028720.000	1339.397
9219597.000	36754656.000	1322.652
10088601.000	37762128.000	1305.908
10520114.000	38860752.000	1289.163
10579792.000	39234400.000	1272.419
11298007.000	40525472.000	1255.674
11832117.000	41677532.000	1238.930
12597034.000	42567872.000	1222.185
13128893.000	43851696.000	1205.440
14176309.000	45240592.000	1188.696
15045612.000	46126900.000	1171.951
15739596.000	46965848.000	1155.207
17538776.000	48846536.000	1138.462
18802160.000	49580856.000	1121.718
19441970.000	50044912.000	1104.973
20633896.000	51393528.000	1088.228
22558724.000	52987444.000	1071.484
23197608.000	53589992.000	1054.739
25143220.000	55253812.000	1037.995
26508440.000	56382776.000	1021.250
29003172.000	57749088.000	1004.505
30760848.000	58709992.000	987.761
33388806.000	60110136.000	971.016
34991876.000	60870248.000	954.272
37928340.000	62473432.000	937.527
40730616.000	63034488.000	920.783
44121136.000	64129288.000	904.038
47483572.000	64187472.000	887.293
50559400.000	64666160.000	870.549
53536976.000	64823328.000	853.804
56151028.000	65452360.000	837.060
60672664.000	66730408.000	820.315
66701816.000	66127552.000	803.571
71301144.000	63852872.000	786.826
75180608.000	61690308.000	770.081
79020240.000	59706456.000	753.337
83526504.000	56031344.000	736.592
85827688.000	52424160.000	719.848
87471056.000	49641072.000	703.103
88564224.000	47547440.000	686.359
91501056.000	46441004.000	669.614
94497696.000	44741980.000	652.869
97358264.000	42112884.000	636.125
100942304.000	39807992.000	619.380
106120776.000	36315276.000	602.636
109419520.000	30412578.000	585.891
111135744.000	25458144.000	569.147
112256256.000	20722232.000	552.402
112984704.000	16723211.000	535.657
114870344.000	12606116.000	518.913
115632088.000	7462361.000	502.168
116525472.000	3928231.500	485.424
118292928.000	-107912.250	468.679
119757808.000	-5393180.000	451.934
121101880.000	-9776262.000	435.190
124566848.000	-16103032.000	418.445
125399712.000	-25940476.000	401.701
123488272.000	-35230328.000	384.956
120486656.000	-44904952.000	368.212
114047272.000	-53491804.000	351.467
106200440.000	-58853832.000	334.722
98987856.000	-62072864.000	317.978
91677816.000	-64737476.000	301.233
86135808.000	-65399540.000	284.489
80812192.000	-66029312.000	267.744
76441792.000	-66732196.000	251.000
72378336.000	-67148232.000	234.255
68496560.000	-67959936.000	217.510
64758240.000	-68638032.000	200.766
60417340.000	-69360928.000	184.021
56409560.000	-69587392.000	167.277
52173312.000	-69229280.000	150.532
48371440.000	-68301328.000	133.788
44439672.000	-67237096.000	117.043
41429952.000	-66668688.000	100.298
38869728.000	-65209664.000	83.554
35807000.000	-63531712.000	66.809
33684164.000	-62308456.000	50.065
30829520.000	-60844024.000	33.320
28650638.000	-60118936.000	16.576
27583200.000	-58467160.000	-0.169
24952896.000	-55969632.000	-16.914
23166648.000	-54298872.000	-33.658
22478808.000	-52754008.000	-50.403
21544406.000	-51690864.000	-67.147
20159276.000	-50231084.000	-83.892
19850684.000	-48798036.000	-100.636
19273926.000	-48152512.000	-117.381
18571686.000	-47227908.000	-134.126
17484560.000	-46058356.000	-150.870
17080320.000	-45471728.000	-167.615
16276534.000	-45008448.000	-184.359
15533495.000	-44308368.000	-201.104
14932144.000	-43860728.000	-217.849
13599466.000	-42511744.000	-234.593
13407046.000	-42433960.000	-251.338
12165914.000	-41272340.000	-268.082
11825258.000	-40311532.000	-284.827
11496593.000	-39950728.000	-301.571
10442338.000	-38953760.000	-318.316
9857016.000	-38469024.000	-335.061
9200112.000	-37615792.000	-351.805
8734093.000	-37219344.000	-368.550
7684326.500	-36275960.000	-385.294
7860262.000	-35275528.000	-402.039
6544281.000	-34378496.000	-418.783
6768916.500	-33150514.000	-435.528
6294817.000	-32646646.000	-452.273
6057346.000	-31444790.000	-469.017
6159569.000	-31029084.000	-485.762
5504156.500	-30064852.000	-502.506
5652723.000	-29343848.000	-519.251
5703983.500	-28143234.000	-535.995
6104737.000	-27745040.000	-552.740
5709217.000	-27436554.000	-569.485
5674990.500	-26801254.000	-586.229
5697839.500	-26352952.000	-602.974
5354731.000	-26281320.000	-619.718
5408289.500	-25331416.000	-636.463
5384142.000	-25125272.000	-653.207
5848924.000	-24597988.000	-669.952
5525819.500	-24754940.000	-686.697
5288150.500	-23791652.000	-703.441
4916839.000	-24150600.000	-720.186
5444929.000	-23478326.000	-736.930
4912058.000	-23127484.000	-753.675
4870993.000	-22641828.000	-770.420
5324952.500	-22080204.000	-787.164
4928266.500	-21456952.000	-803.909
5119013.000	-21459948.000	-820.653
4836129.500	-21301404.000	-837.398
4804888.500	-20796940.000	-854.142
4817196.000	-21020852.000	-870.887
4526573.000	-19956076.000	-887.632
4649069.000	-19560960.000	-904.376
4960984.000	-19465808.000	-921.121
4612694.000	-19076348.000	-937.865
5126298.500	-18748700.000	-954.610
4690299.000	-19183028.000	-971.354
4635314.000	-18442734.000	-988.099
4890049.000	-18047038.000	-1004.844
4538754.500	-17935724.000	-1021.588
4595665.500	-17704336.000	-1038.333
4723957.000	-17458102.000	-1055.077
4586679.000	-17174170.000	-1071.822
4647404.000	-17433080.000	-1088.566
4443103.500	-17020172.000	-1105.311
4551664.000	-16853398.000	-1122.056
4489118.500	-16419505.000	-1138.800
4634232.500	-16564702.000	-1155.545
4687521.500	-16351051.000	-1172.289
4125585.250	-16073546.000	-1189.034
4181262.000	-15427586.000	-1205.778
4589689.500	-15451950.000	-1222.523
4773022.000	-15092192.000	-1239.268
4747352.500	-14823623.000	-1256.012
4609107.000	-15236729.000	-1272.757
4400174.500	-14584151.000	-1289.501
4692369.000	-14759876.000	-1306.246
5045694.500	-13870288.000	-1322.990
4313906.500	-14477652.000	-1339.735
4563619.500	-14230272.000	-1356.480
4718867.000	-14052004.000	-1373.224
4674296.000	-13726994.000	-1389.969
4582791.000	-13791720.000	-1406.713
4941429.500	-13103564.000	-1423.458
5130769.500	-13304398.000	-1440.203
4904539.500	-13133284.000	-1456.947
4786812.000	-13231208.000	-1473.692
4685132.500	-13075496.000	-1490.436
5035720.000	-13012827.000	-1507.181
4576247.000	-12870460.000	-1523.925
5047808.000	-12651840.000	-1540.670
4776941.000	-12321724.000	-1557.415
4842443.500	-12905450.000	-1574.159
4847950.000	-12304529.000	-1590.904
4852549.000	-11859098.000	-1607.648
4696943.000	-11863118.000	-1624.393
5285294.000	-11850788.000	-1641.137
5041679.000	-12065733.000	-1657.882
4937206.000	-11936888.000	-1674.627
5249850.500	-11739996.000	-1691.371
5098964.000	-11562232.000	-1708.116
4758070.500	-11458868.000	-1724.860
4839911.000	-11447286.000	-1741.605
4384848.500	-10908762.000	-1758.349
5138897.500	-10979029.000	-1775.094
5090270.000	-11353524.000	-1791.839
4782792.500	-10974153.000	-1808.583
5177968.500	-11197852.000	-1825.328
4859760.000	-10991691.000	-1842.072
4696423.500	-10701226.000	-1858.817
5010537.000	-10511492.000	-1875.561
5082933.000	-10477873.000	-1892.306
4780115.000	-10890158.000	-1909.051
5144618.500	-10577203.000	-1925.795
5299267.500	-10264014.000	-1942.540
4369981.000	-10444355.000	-1959.284
5007945.500	-10376923.000	-1976.029
4761698.500	-10477006.000	-1992.774
4691599.000	-10244214.000	-2009.518
4793457.500	-10117056.000	-2026.263
5234552.500	-9955986.000	-2043.007
4540835.000	-9704290.000	-2059.752
5017485.000	-9948500.000	-2076.496
5363165.500	-9917062.000	-2093.241
5143307.000	-9849649.000	-2109.986
4857102.000	-9771936.000	-2126.730
4736810.500	-9863898.000	-2143.475
4731519.500	-9112390.000	-2160.219
5138651.500	-9874536.000	-2176.964
4734435.000	-9484170.000	-2193.708
4811213.000	-9388262.000	-2210.453
4652316.000	-9080898.000	-2227.198
4701022.500	-8811082.000	-2243.942
5200044.500	-9153007.000	-2260.687
5034721.000	-8972424.000	-2277.431
5125169.500	-9597274.000	-2294.176
4567491.500	-8889920.000	-2310.920
4798577.500	-9179041.000	-2327.665
4874012.000	-8854928.000	-2344.410
4583183.000	-8511379.000	-2361.154
4602994.000	-8371740.500	-2377.899
4826989.500	-8464074.000	-2394.643
4715143.000	-8385322.000	-2411.388
4899919.500	-8111157.000	-2428.132
4745062.000	-8317407.000	-2444.877
5148550.000	-8843891.000	-2461.622
5032929.500	-8466683.000	-2478.366
4766407.500	-8213714.500	-2495.111
4916611.000	-8240843.500	-2511.855
4779837.000	-8134019.500	-2528.600
4954420.500	-8006660.000	-2545.345
4643442.500	-8020898.000	-2562.089
4653677.000	-7968440.000	-2578.834
4730393.000	-8240597.500	-2595.578
5039777.500	-7961864.000	-2612.323
4613686.000	-8154641.000	-2629.067
4711608.500	-7815759.500	-2645.812
4675574.000	-7657608.000	-2662.557
4862177.500	-7784036.000	-2679.301
4928800.000	-7636996.500	-2696.046
5130532.500	-7289503.000	-2712.790
4838012.500	-7598695.500	-2729.535
4527071.500	-7290771.500	-2746.279
4627302.000	-7312903.500	-2763.024
4647291.500	-7076231.000	-2779.769
4648511.000	-7604384.000	-2796.513
4625388.000	-7521501.000	-2813.258
4866690.500	-6996347.500	-2830.002
4842525.500	-7196741.500	-2846.747
4942241.000	-7346042.000	-2863.491
4499802.500	-7487386.500	-2880.236
4768550.500	-7219740.500	-2896.981
4364171.000	-7170974.500	-2913.725
4536700.500	-6978525.500	-2930.470
4693882.000	-6742682.500	-2947.214
4515778.000	-7000703.500	-2963.959
4610205.000	-6802624.500	-2980.703
4774942.500	-6413791.000	-2997.448
5049411.000	-7029320.000	-3014.193
4999136.000	-6936782.000	-3030.937
4675246.500	-6772222.000	-3047.682
4629946.500	-6730680.000	-3064.426
4882267.000	-6504829.000	-3081.171
4743433.000	-6544594.500	-3097.915
4727654.000	-6471499.500	-3114.660
4706455.500	-6524674.000	-3131.405
4730976.500	-6108595.500	-3148.149
4726147.500	-6365341.000	-3164.894
5115672.000	-6278260.500	-3181.638
4738326.500	-6063904.500	-3198.383
4792288.000	-6608028.000	-3215.128
4312411.500	-5971231.500	-3231.872
4789479.500	-6273630.000	-3248.617
4533694.500	-6485611.000	-3265.361
4628129.000	-6019548.000	-3282.106
5090893.000	-5642819.500	-3298.850
4627027.500	-6354133.000	-3315.595
4694003.500	-5639568.500	-3332.340
4865139.500	-5911039.000	-3349.084
4328831.000	-6074443.000	-3365.829
4729977.500	-5703832.000	-3382.573
4624714.000	-5851248.000	-3399.318
4825635.500	-5921342.500	-3416.062
4375553.500	-5460285.500	-3432.807
4746105.500	-5841706.000	-3449.552
4416405.500	-5739593.500	-3466.296
4771205.000	-5626678.500	-3483.041
5074261.500	-5861275.000	-3499.785
4961022.500	-5919560.500	-3516.530
4749369.500	-5337609.000	-3533.274
4770029.000	-5535076.500	-3550.019
4682533.000	-5348517.000	-3566.764
4622052.500	-5346034.500	-3583.508
4577485.000	-5587399.000	-3600.253
4389315.500	-5546363.000	-3616.997
4668198.000	-5263457.000	-3633.742
4301942.000	-5399245.000	-3650.486
4518929.000	-5120453.500	-3667.231
4978454.500	-5539967.500	-3683.976
4558828.000	-4804398.500	-3700.720
4589206.000	-5333911.000	-3717.465
4880669.500	-4995781.000	-3734.209
4758990.000	-5254537.000	-3750.954
5005854.500	-5120822.000	-3767.699
4813275.000	-4862783.500	-3784.443
4763928.000	-5091994.000	-3801.188
4268125.500	-5342451.000	-3817.932
4655559.000	-4995994.000	-3834.677
4636872.000	-4950969.000	-3851.421
4541684.500	-4949442.000	-3868.166
4504225.500	-5059133.000	-3884.911
4414616.000	-4630342.000	-3901.655
4707856.500	-4768207.000	-3918.400
4617443.500	-4673245.000	-3935.144
4615641.000	-4670789.500	-3951.889
4736659.500	-4622692.500	-3968.633
4733735.000	-4462833.500	-3985.378
4596925.500	-4972669.000	-4002.123
4654716.500	-4183152.500	-4018.867
4904965.000	-4468821.000	-4035.612
4690136.500	-4407427.500	-4052.356
4821190.000	-4737617.000	-4069.101
4697212.000	-4452822.000	-4085.845
4746240.500	-4274040.000	-4102.590
4736658.500	-3887028.500	-4119.335
4809183.500	-4309776.500	-4136.079
4972479.000	-4171200.000	-4152.824
4575029.500	-4479495.500	-4169.568
4947122.000	-4136645.000	-4186.313
4669856.000	-4658064.500	-4203.057
4507650.000	-4504483.500	-4219.802
4651912.500	-4351855.000	-4236.547
4624415.500	-4086532.000	-4253.291
4499548.500	-4729566.000	-4270.036
4758248.000	-4264831.000	-4286.780
4764167.500	-3938782.000	-4303.525
4691518.500	-4154826.500	-4320.269
4784238.000	-4138634.000	-4337.014
4500931.000	-3929594.500	-4353.759
4840673.500	-3701575.000	-4370.503
4684449.500	-3741026.000	-4387.248
4641292.500	-3760822.000	-4403.992
4839070.500	-3924401.000	-4420.737
4730015.500	-4067749.500	-4437.482
4654066.500	-4062858.500	-4454.226
4722555.500	-4054340.000	-4470.971
4959373.500	-3490642.500	-4487.715
4642305.000	-3762707.500	-4504.460
4535127.000	-3640053.000	-4521.204
4911819.500	-3882244.500	-4537.949
5042758.500	-3708828.000	-4554.694
4543833.500	-3753435.500	-4571.438
4826783.500	-3574685.500	-4588.183
4820172.000	-3570255.500	-4604.927
4632927.500	-3674992.000	-4621.672
4707386.500	-3446231.500	-4638.416
5028052.000	-3658205.500	-4655.161
5043386.000	-3633999.000	-4671.906
4763092.000	-3763714.000	-4688.650
4800420.000	-3431669.000	-4705.395
4484321.000	-3605387.000	-4722.139
4837379.500	-3583732.000	-4738.884
4717501.500	-3488772.000	-4755.628
4854427.000	-3469469.500	-4772.373
4775829.000	-3819033.500	-4789.118
4806033.500	-3342542.500	-4805.862
4833887.000	-3243835.000	-4822.607
4884352.500	-3412407.000	-4839.351
4622359.000	-3197114.500	-4856.096
5037316.500	-3047517.000	-4872.840
4980263.000	-3398026.000	-4889.585
4884041.500	-3189193.000	-4906.330
4872096.500	-3262785.000	-4923.074
5055112.500	-3515629.500	-4939.819
4764301.500	-3372014.000	-4956.563
4821573.000	-3186996.000	-4973.308
4755565.000	-3235102.000	-4990.053
4804908.000	-3179866.500	-5006.797
4713252.500	-2970165.500	-5023.542
4947059.500	-3147399.000	-5040.286
4453538.000	-3367309.000	-5057.031
4563559.500	-2861129.500	-5073.775
4857538.000	-2995786.750	-5090.520
4778513.500	-3292567.500	-5107.265
4694395.000	-2794882.250	-5124.009
4912505.500	-2870089.250	-5140.754
4735032.000	-3231942.750	-5157.498
5051391.500	-2995130.000	-5174.243
4669523.000	-3075043.000	-5190.987
4771418.000	-3036944.750	-5207.732
4438100.500	-2733685.000	-5224.477
5091215.000	-2803582.000	-5241.221
4882758.000	-2904421.000	-5257.966
4540671.500	-3026520.000	-5274.710
4595849.000	-2856228.500	-5291.455
5084035.500	-2811772.000	-5308.199
4941689.000	-2892066.000	-5324.944
4777272.500	-2866844.000	-5341.689
4793835.500	-2724915.500	-5358.433
4948819.500	-2469584.500	-5375.178
4996140.500	-2868145.500	-5391.922
5038585.500	-2773800.000	-5408.667
4758499.000	-2877062.000	-5425.411
4911299.000	-2572933.000	-5442.156
4970965.000	-2501649.500	-5458.901
4818220.500	-2591056.500	-5475.645
4923295.000	-2645556.000	-5492.390
4793964.000	-2640216.000	-5509.134
5284362.500	-2730493.000	-5525.879
4830137.500	-2523089.500	-5542.623
4445413.500	-2660195.000	-5559.368
5009421.500	-2615905.000	-5576.113
4579064.000	-2548263.000	-5592.857
4557805.500	-2637407.000	-5609.602
4915623.500	-2297913.500	-5626.346
4829230.000	-2879497.500	-5643.091
4764263.000	-2095842.000	-5659.836
4754620.500	-2604831.500	-5676.580
4728691.000	-2438440.500	-5693.325
4907738.500	-2450457.500	-5710.069
4723321.500	-2673616.000	-5726.814
4762660.000	-2358165.000	-5743.558
4673876.000	-2352997.500	-5760.303
4747260.500	-2325159.500	-5777.048
4799953.000	-2339258.000	-5793.792
4809752.000	-2299595.000	-5810.537
4660950.000	-2279853.000	-5827.281
4707651.000	-2393910.000	-5844.026
4623792.000	-1979797.500	-5860.770
4565385.000	-2328473.500	-5877.515
4901033.500	-2209395.500	-5894.260
4609212.500	-2168271.500	-5911.004
4657723.500	-1869762.000	-5927.749
4844984.000	-2115620.500	-5944.493
4883201.000	-2307709.000	-5961.238
4751288.000	-2203534.000	-5977.982
4812652.000	-1939075.000	-5994.727
4955441.500	-2249063.000	-6011.472
4776509.000	-1909752.000	-6028.216
4949935.000	-2168231.000	-6044.961
4741962.000	-1928675.000	-6061.705
5022750.500	-2167425.500	-6078.450
4688308.500	-1827200.500	-6095.194
4782133.500	-2208176.000	-6111.939
4853618.500	-1910040.000	-6128.684
4740940.000	-1802807.500	-6145.428
4875237.000	-1926359.500	-6162.173
4990785.000	-1940682.500	-6178.917
4901355.000	-2145450.000	-6195.662
4808572.000	-1639482.500	-6212.407
4696723.500	-1798787.000	-6229.151
4292035.500	-1645346.500	-6245.896
5052754.500	-2011834.500	-6262.640
4623629.000	-1403933.500	-6279.385
5121224.000	-1703973.000	-6296.129
4860596.000	-1603038.500	-6312.874
4424353.000	-1902195.500	-6329.619
4865724.500	-1628382.500	-6346.363
4654190.500	-1896682.500	-6363.108
4755868.000	-1624703.000	-6379.852
4832619.000	-1724238.500	-6396.597
4891084.500	-1569718.500	-6413.341
4927539.000	-1435911.000	-6430.086
4848595.500	-1684878.500	-6446.831
4888980.500	-1727499.500	-6463.575
4801618.500	-1820677.500	-6480.320
4706339.000	-1294826.000	-6497.064
4827023.000	-1701968.000	-6513.809
4759401.000	-1795189.000	-6530.553
5055397.500	-1875147.500	-6547.298
4601164.500	-1577785.000	-6564.043
4839713.500	-1578071.500	-6580.787
4688418.000	-1387319.000	-6597.532
4887133.500	-1503567.000	-6614.276
4922162.500	-1473907.000	-6631.021
4693199.500	-1353690.000	-6647.765
4669878.000	-1480484.000	-6664.510
5024091.500	-1304512.000	-6681.255
4855970.500	-1304546.000	-6697.999
4773228.000	-1486080.000	-6714.744
4756307.500	-1444091.000	-6731.488
4612441.000	-1265246.000	-6748.233
4682121.000	-1227642.000	-6764.977
4492738.500	-1434516.000	-6781.722
4971934.000	-1330411.000	-6798.467
4820052.000	-1301086.000	-6815.211
4841773.500	-1217581.000	-6831.956
5098846.000	-1237109.000	-6848.700
4926678.000	-1238844.000	-6865.445
4883022.500	-1360991.000	-6882.190
4626981.000	-1291109.000	-6898.934
4865275.000	-1118460.000	-6915.679
4635681.000	-1194015.000	-6932.423
4842087.500	-964615.000	-6949.168
4760135.500	-1227886.000	-6965.912
4915132.500	-1130422.000	-6982.657
4830712.500	-1207862.000	-6999.402
4653717.000	-903291.000	-7016.146
5120345.500	-1176737.000	-7032.891
4917140.500	-1171598.000	-7049.635
4775739.000	-986158.000	-7066.380
4755620.000	-1023348.000	-7083.124
4819105.500	-1101446.000	-7099.869
4917295.000	-962148.000	-7116.614
4908123.000	-1141721.000	-7133.358
4830499.500	-1295412.000	-7150.103
4470379.000	-947931.000	-7166.847
4766944.000	-912196.000	-7183.592
4978405.500	-952393.000	-7200.336
4660909.500	-696692.000	-7217.081
4867340.000	-846402.000	-7233.826
4535935.000	-938150.000	-7250.570
4841626.000	-882938.000	-7267.315
4459896.000	-1058998.000	-7284.059
4709076.500	-819124.000	-7300.804
4924511.000	-734166.000	-7317.548
4764344.000	-867744.000	-7334.293
4886434.000	-808148.000	-7351.038
4901201.000	-965562.000	-7367.782
4822229.000	-858718.000	-7384.527
4783799.500	-665744.000	-7401.271
4687054.500	-926544.000	-7418.016
4810550.500	-558646.000	-7434.761
4804273.000	-480486.000	-7451.505
4890878.000	-598964.000	-7468.250
4884307.000	-918642.000	-7484.994
4525165.000	-964652.000	-7501.739
4777041.000	-635578.000	-7518.483
4806784.000	-502820.000	-7535.228
4898957.000	-506122.000	-7551.973
4851624.000	-593500.000	-7568.717
4546356.000	-500980.000	-7585.462
4480582.000	-819506.000	-7602.206
4781439.000	-605412.000	-7618.951
4868601.000	-360514.000	-7635.695
4777096.000	-584682.000	-7652.440
4738400.000	-360150.000	-7669.185
4629404.000	-661970.000	-7685.929
4748354.000	-428246.000	-7702.674
4940164.000	-473214.000	-7719.418
4811948.000	-421366.000	-7736.163
4850570.000	-310828.000	-7752.907
4807386.000	-568040.000	-7769.652
4818686.000	-234698.000	-7786.397
4783716.000	-356468.000	-7803.141
4989364.000	-138144.000	-7819.886
4752360.000	-319528.000	-7836.630
4784120.000	-425418.000	-7853.375
4784300.000	-271498.000	-7870.119
4774108.000	-275492.000	-7886.864
4704872.000	-169064.000	-7903.609
4787044.000	-308084.000	-7920.353
4737184.000	-326588.000	-7937.098
4751772.000	-508838.000	-7953.842
4859920.000	-230172.000	-7970.587
5019516.000	-270126.000	-7987.332
4731228.000	-212923.000	-8004.076
4652908.000	74714.000	-8020.821
4920788.000	-9679.000	-8037.565
4708616.000	-285601.500	-8054.310
4634216.000	-129191.000	-8071.054
4866836.000	43148.125	-8087.799
5041264.000	-517096.875	-8104.544
4534524.000	-6035.000	-8121.288
4878136.000	-249408.500	-8138.033
4875740.000	-102985.500	-8154.777
4813892.000	-215285.000	-8171.522
4677344.000	21366.000	-8188.266
4434352.000	274326.000	-8205.011
4530280.000	9036.000	-8221.756
4821520.000	133488.000	-8238.500
4857364.000	199650.000	-8255.245
4771760.000	173908.000	-8271.989
4983436.000	-6788.000	-8288.734
4615388.000	244562.000	-8305.478
4857588.000	-23876.000	-8322.223
4852336.000	277314.000	-8338.968
5056780.000	319612.000	-8355.712
5160048.000	152820.000	-8372.457
4952132.000	-55820.000	-8389.201
4802914.000	144404.000	-8405.946
4695766.000	132112.000	-8422.690
4687690.000	80092.000	-8439.435
4681730.000	273042.000	-8456.180
4755152.000	293596.000	-8472.924
4576910.000	337998.000	-8489.669
4771802.000	235930.000	-8506.413
4778099.000	342626.000	-8523.158
4845231.000	215742.000	-8539.902
4895258.000	93702.000	-8556.647
