Data Point Listing of File C:\NTNMR\data\Dan\LiMnPO4\[100]\Li7 [100] 90deg.tnt
Starting Point:	1	Ending Point:	1024
Real	Imag	ppm
202164.688	33711.797	8573.054
196328.000	71818.305	8556.309
154567.891	-11322.455	8539.564
185726.578	37041.547	8522.820
150117.672	-15015.497	8506.075
227506.219	55489.949	8489.331
166717.750	-56187.496	8472.586
141574.609	-3791.947	8455.842
169677.734	23039.857	8439.097
141646.391	5632.553	8422.352
190420.750	-9590.285	8405.608
126495.391	61101.895	8388.863
182084.641	29313.154	8372.119
199916.688	7327.394	8355.374
203678.375	4169.438	8338.630
198869.594	-26282.000	8321.885
198078.141	-40723.637	8305.140
166494.875	28762.617	8288.396
170573.656	-35292.078	8271.651
187159.328	-19650.611	8254.907
197100.375	27816.238	8238.162
114994.078	29093.354	8221.417
143855.141	31232.125	8204.673
150717.953	-32714.217	8187.928
193566.828	22989.084	8171.184
165185.469	25060.951	8154.439
154623.781	-16563.465	8137.695
201048.813	9181.559	8120.950
176301.109	35293.504	8104.205
198751.813	22127.068	8087.461
196055.563	55501.844	8070.716
189514.406	8776.507	8053.972
105088.336	26453.012	8037.227
188659.500	-24901.043	8020.483
174887.453	8044.620	8003.738
244914.875	-24475.873	7986.993
199922.344	27488.375	7970.249
174181.844	54773.047	7953.504
151106.469	-4990.964	7936.760
183323.734	38318.902	7920.015
194395.984	36957.617	7903.271
224607.469	30046.080	7886.526
177358.594	52955.586	7869.781
201826.125	-31176.834	7853.037
146490.922	-13225.583	7836.292
160461.875	26640.816	7819.548
155712.719	52971.191	7802.803
149196.938	21316.592	7786.059
218781.406	70703.656	7769.314
196640.188	7178.063	7752.569
188161.703	-21195.604	7735.825
154523.953	16544.084	7719.080
198181.297	13201.626	7702.336
223021.453	58860.227	7685.591
221479.469	12598.581	7668.846
150648.406	22371.646	7652.102
163356.828	-1550.766	7635.357
201834.422	-28890.967	7618.613
189913.766	-23929.254	7601.868
152318.797	2471.143	7585.124
173455.500	590.868	7568.379
165579.641	998.634	7551.634
138608.781	55647.719	7534.890
150502.172	56716.824	7518.145
169074.016	35513.906	7501.401
234740.109	-26044.094	7484.656
143825.203	1064.321	7467.912
172817.641	23902.475	7451.167
164922.141	92451.305	7434.422
152892.922	24723.521	7417.678
150953.016	40986.578	7400.933
203593.844	65382.629	7384.189
203123.797	22469.266	7367.444
185316.000	-6087.499	7350.700
160543.250	48673.277	7333.955
142623.453	-15816.661	7317.210
218220.766	51003.309	7300.466
218853.250	70379.641	7283.721
174473.594	31962.477	7266.977
178079.313	41796.777	7250.232
204589.766	99102.898	7233.488
184686.391	18157.111	7216.743
190913.000	23114.256	7199.998
178449.688	13379.102	7183.254
207191.813	20352.939	7166.509
171891.656	-17477.176	7149.765
156714.797	68588.656	7133.020
188487.203	83041.453	7116.275
152947.656	39301.352	7099.531
258794.359	31741.699	7082.786
153416.547	1988.885	7066.042
148235.547	1520.080	7049.297
160471.734	-10808.466	7032.553
160076.813	76460.617	7015.808
188756.500	36770.668	6999.063
190853.734	74597.844	6982.319
225915.531	45177.617	6965.574
155479.672	-4690.845	6948.830
224590.063	12230.281	6932.085
141198.266	23403.564	6915.341
165943.594	55405.227	6898.596
186754.563	43805.941	6881.851
192112.375	42402.719	6865.107
135552.906	3369.707	6848.362
140490.844	49217.867	6831.618
214281.266	-24665.658	6814.873
103875.234	70758.852	6798.129
135619.016	134131.578	6781.384
173871.531	65748.195	6764.639
214244.641	13471.855	6747.895
90464.250	43198.898	6731.150
181435.188	56871.172	6714.406
157191.406	10038.616	6697.661
176817.656	50284.707	6680.917
121829.469	108033.625	6664.172
193504.563	54573.262	6647.427
183500.391	86985.148	6630.683
150221.828	69142.875	6613.938
183644.547	120492.984	6597.194
170531.453	83284.945	6580.449
232408.906	36626.328	6563.705
234705.922	15260.163	6546.960
154658.109	31637.334	6530.215
161609.766	128040.016	6513.471
173584.516	59699.590	6496.726
196950.156	37589.012	6479.982
142927.609	77233.523	6463.237
219438.500	50602.188	6446.492
167373.641	73866.102	6429.748
200166.906	3147.264	6413.003
196065.531	108433.484	6396.259
216057.844	99645.391	6379.514
151980.359	27326.928	6362.770
113922.820	158959.641	6346.025
126167.250	68923.875	6329.280
230400.625	62873.699	6312.536
181613.125	25282.328	6295.791
193879.953	31059.293	6279.047
161786.969	67597.508	6262.302
220328.797	89188.695	6245.558
140476.563	56329.469	6228.813
202013.797	68143.836	6212.068
224078.125	81237.453	6195.324
196617.938	136140.875	6178.579
196371.922	43195.617	6161.835
147595.859	49912.613	6145.090
176712.594	77690.719	6128.346
140478.125	47226.219	6111.601
215824.109	68219.789	6094.856
176322.469	75946.023	6078.112
191074.672	46326.691	6061.367
175313.484	51912.516	6044.623
207455.453	116242.445	6027.878
158544.531	88757.859	6011.134
173240.203	36977.340	5994.389
165164.516	112309.297	5977.644
152550.531	94653.930	5960.900
191035.594	69014.383	5944.155
104037.406	90687.641	5927.411
173193.516	113715.258	5910.666
226327.063	69556.234	5893.921
184541.797	87068.758	5877.177
207229.906	146173.938	5860.432
220394.406	75457.172	5843.688
211730.531	107207.898	5826.943
135186.781	136201.156	5810.199
203198.719	73597.813	5793.454
158053.313	82589.758	5776.709
205683.906	54542.672	5759.965
208640.813	122085.953	5743.220
131620.156	87472.914	5726.476
176658.781	119118.703	5709.731
152665.781	81191.734	5692.987
123364.430	91855.953	5676.242
181588.094	78835.047	5659.497
234904.344	56407.895	5642.753
219000.156	104283.289	5626.008
205522.625	65603.766	5609.264
179014.891	61585.809	5592.519
134785.031	142823.094	5575.775
267020.188	116986.727	5559.030
221737.219	24643.414	5542.285
246055.313	29879.965	5525.541
171827.578	76048.328	5508.796
225373.906	93567.211	5492.052
151823.172	145001.953	5475.307
151962.266	121276.547	5458.563
179086.703	-3406.986	5441.818
181079.578	56695.020	5425.073
139454.891	120451.750	5408.329
213670.703	136306.719	5391.584
126328.641	133134.656	5374.840
205461.609	133507.531	5358.095
229355.750	56182.070	5341.351
184889.406	65381.816	5324.606
133428.859	138877.703	5307.861
156221.750	51751.141	5291.117
171156.594	86991.188	5274.372
155383.516	124130.078	5257.628
180046.172	184002.469	5240.883
212815.188	61238.668	5224.138
147916.797	191293.156	5207.394
227878.969	64752.445	5190.649
132724.578	87574.219	5173.905
214347.000	132502.375	5157.160
132866.969	115637.711	5140.416
190296.578	172210.438	5123.671
221875.078	131672.625	5106.926
181970.766	113526.352	5090.182
154357.609	11806.491	5073.437
148280.594	106513.641	5056.693
229812.281	138902.703	5039.948
187966.313	116746.320	5023.204
175878.922	59864.020	5006.459
190698.297	169985.281	4989.714
107832.039	143322.156	4972.970
166471.266	184192.063	4956.225
171945.922	71992.367	4939.481
218078.625	143603.328	4922.736
227492.031	81349.422	4905.992
97030.563	128412.242	4889.247
214480.031	144416.297	4872.502
175821.563	107207.867	4855.758
95546.250	108228.164	4839.013
164678.000	137480.422	4822.269
189219.547	153701.188	4805.524
240303.063	84602.203	4788.780
187977.313	115587.445	4772.035
188535.328	116702.016	4755.290
199705.766	139318.109	4738.546
139246.828	107320.727	4721.801
235125.844	196839.594	4705.057
207665.188	104771.086	4688.312
115012.102	81030.844	4671.567
156920.594	83161.836	4654.823
146748.813	224183.625	4638.078
156078.922	113432.039	4621.334
240780.406	149677.516	4604.589
140289.297	150911.875	4587.845
162884.297	195596.500	4571.100
154105.641	175553.250	4554.355
166855.875	89354.539	4537.611
131941.234	185507.656	4520.866
170937.250	202920.813	4504.122
214040.672	145186.844	4487.377
162063.219	154804.969	4470.633
198189.234	199843.734	4453.888
114749.906	142607.750	4437.143
171293.797	168384.063	4420.399
162173.797	90744.734	4403.654
198186.375	202695.172	4386.910
171095.969	171033.578	4370.165
199461.359	181775.406	4353.421
179202.078	169941.297	4336.676
172028.734	180469.875	4319.931
194381.234	179603.656	4303.187
272578.000	187081.859	4286.442
200226.813	184790.219	4269.698
181081.000	133917.594	4252.953
191728.375	101668.547	4236.209
206833.828	169409.469	4219.464
163773.047	230511.000	4202.719
209142.734	182832.938	4185.975
194255.000	204541.047	4169.230
249589.922	230618.469	4152.486
129763.031	235294.281	4135.741
204727.719	163094.688	4118.997
158677.719	186468.984	4102.252
229824.625	133364.125	4085.507
205014.844	175518.422	4068.763
171477.734	188311.453	4052.018
199474.891	174874.766	4035.274
207475.219	154483.344	4018.529
143634.875	181214.047	4001.784
237290.781	129463.906	3985.040
144966.297	199354.578	3968.295
205660.656	197386.734	3951.551
220409.844	144250.078	3934.806
280802.719	227766.078	3918.062
149145.078	175334.516	3901.317
104889.750	214518.859	3884.572
180017.063	162914.547	3867.828
124642.047	230046.000	3851.083
193654.750	177538.328	3834.339
210719.328	160341.688	3817.594
192154.500	136386.078	3800.850
149439.125	189111.828	3784.105
161975.781	202421.047	3767.360
148218.297	186499.516	3750.616
263777.250	167709.078	3733.871
189842.625	126129.125	3717.127
243670.141	184058.719	3700.382
203269.359	170773.578	3683.638
174719.188	256264.422	3666.893
206026.828	190200.125	3650.148
187723.109	210443.750	3633.404
174146.859	253378.125	3616.659
204131.328	261510.141	3599.915
212344.813	285161.188	3583.170
214441.156	182041.438	3566.426
225246.391	190302.344	3549.681
273344.125	224089.063	3532.936
106013.852	190307.406	3516.192
196378.203	253794.938	3499.447
185160.984	256941.594	3482.703
152828.359	272250.938	3465.958
196708.703	206790.141	3449.213
146765.547	231939.266	3432.469
210786.391	238437.328	3415.724
221790.641	206779.000	3398.980
149584.328	215152.844	3382.235
227367.266	262934.250	3365.491
177534.734	283460.156	3348.746
152855.438	169663.109	3332.001
178438.578	166819.453	3315.257
158885.484	237232.250	3298.512
184873.031	207310.641	3281.768
308663.656	288130.750	3265.023
213958.750	173466.000	3248.279
185627.578	230556.484	3231.534
168704.203	269052.906	3214.789
186281.609	238587.250	3198.045
171732.625	222739.297	3181.300
229778.609	243528.234	3164.556
166198.734	252616.328	3147.811
176317.719	245943.203	3131.067
186235.563	293270.625	3114.322
176966.672	252810.234	3097.577
244824.109	158461.031	3080.833
187455.016	282934.875	3064.088
269599.406	244156.156	3047.344
149586.797	252421.469	3030.599
116539.656	234774.984	3013.855
178092.813	235297.953	2997.110
132783.938	258300.219	2980.365
213201.938	225347.031	2963.621
158756.797	324620.469	2946.876
221233.094	246119.547	2930.132
159431.906	278350.313	2913.387
186449.938	331069.719	2896.642
249904.438	262715.906	2879.898
216237.469	304760.781	2863.153
199063.469	226201.563	2846.409
217818.281	231344.250	2829.664
194756.406	263338.938	2812.920
121952.313	263627.688	2796.175
175357.813	285720.750	2779.430
119586.961	283033.688	2762.686
172274.016	334200.531	2745.941
213350.656	347219.031	2729.197
91888.414	378290.469	2712.452
317254.125	302905.500	2695.708
247154.266	239105.313	2678.963
169641.578	284772.281	2662.218
132200.063	308406.906	2645.474
154670.766	396063.438	2628.729
121965.938	303407.250	2611.985
195400.547	333425.438	2595.240
202511.797	307548.156	2578.496
182128.344	336826.375	2561.751
133004.172	339605.094	2545.006
187227.344	333231.406	2528.262
241834.516	356801.500	2511.517
220155.484	347016.156	2494.773
176024.578	296720.500	2478.028
231337.188	364486.469	2461.284
204567.578	345759.469	2444.539
200518.234	295828.281	2427.794
145279.359	316638.000	2411.050
191117.531	346087.281	2394.305
88930.766	362897.594	2377.561
222190.938	384068.219	2360.816
130697.766	335867.875	2344.072
208327.859	334157.531	2327.327
77214.336	404110.813	2310.582
203142.297	411857.656	2293.838
197869.016	350161.500	2277.093
194698.609	402320.813	2260.349
185532.422	303138.656	2243.604
144891.078	388932.688	2226.859
188407.422	455677.563	2210.115
239711.813	466538.031	2193.370
185963.703	347978.188	2176.626
141681.625	381472.656	2159.881
217574.313	436351.406	2143.137
152336.203	448252.344	2126.392
226829.703	436276.906	2109.647
120461.461	340644.313	2092.903
148964.594	513119.000	2076.158
207099.938	446006.313	2059.414
266465.281	461740.250	2042.669
190403.844	465756.688	2025.925
234413.453	460527.344	2009.180
231509.359	428074.719	1992.435
193557.891	442724.719	1975.691
171552.234	499111.781	1958.946
262074.734	453214.313	1942.202
82572.563	505557.750	1925.457
255327.047	426615.625	1908.713
126125.422	476147.969	1891.968
131172.703	506912.219	1875.223
208764.906	487844.813	1858.479
115411.883	433404.969	1841.734
215071.328	411914.719	1824.990
165361.625	496802.781	1808.245
195749.563	550284.063	1791.501
191717.813	531142.813	1774.756
267458.375	577123.313	1758.011
232710.781	529166.438	1741.267
290965.625	512995.375	1724.522
273399.000	537935.313	1707.778
165028.406	528224.125	1691.033
229351.016	616853.063	1674.288
185323.672	510940.094	1657.544
172599.969	560424.063	1640.799
162952.438	602559.500	1624.055
215735.375	600804.000	1607.310
150219.766	544801.188	1590.566
220181.172	620669.500	1573.821
153712.344	584293.625	1557.076
196494.313	594428.688	1540.332
168080.313	653518.438	1523.587
184482.547	608778.625	1506.843
217204.828	670326.563	1490.098
228877.609	648001.688	1473.354
223763.000	704901.063	1456.609
156760.234	672136.813	1439.864
228596.328	763260.563	1423.120
167468.953	704788.063	1406.375
262345.469	689188.625	1389.631
245988.109	724133.750	1372.886
295994.406	653102.625	1356.142
253943.531	718425.125	1339.397
222498.734	726042.063	1322.652
241475.781	755598.438	1305.908
199177.984	789079.313	1289.163
248339.078	712793.875	1272.419
212346.594	746614.313	1255.674
220468.828	811331.625	1238.930
139146.906	787052.563	1222.185
239581.906	803021.438	1205.440
254582.875	745958.688	1188.696
222094.063	903141.625	1171.951
294282.750	899654.125	1155.207
263057.500	851196.250	1138.462
241520.094	870472.688	1121.718
287418.625	915101.375	1104.973
332179.313	912238.750	1088.228
280429.000	869530.938	1071.484
274749.563	1002976.625	1054.739
332550.438	1027210.313	1037.995
417661.313	985334.000	1021.250
295566.125	975123.125	1004.505
355561.250	911495.625	987.761
283767.281	1014081.625	971.016
291644.188	1092251.000	954.272
287761.219	1096952.750	937.527
292175.281	1103496.250	920.783
287010.031	1072424.875	904.038
305459.375	1089360.375	887.293
328650.625	1231093.250	870.549
255300.672	1160913.625	853.804
388330.250	1203968.875	837.060
292367.063	1366559.125	820.315
358197.000	1223369.375	803.571
356221.281	1397988.125	786.826
402203.906	1450322.375	770.081
392124.594	1339606.250	753.337
356346.406	1409381.750	736.592
533852.063	1467413.125	719.848
431681.813	1564815.625	703.103
401002.656	1610255.750	686.359
529267.625	1689704.875	669.614
654967.000	1726873.750	652.869
543736.438	1741084.375	636.125
680496.625	1821152.375	619.380
618821.188	1853789.625	602.636
763779.688	1784884.875	585.891
803660.563	1824325.375	569.147
824573.063	1959907.000	552.402
930632.563	2072066.375	535.657
962385.438	2041001.250	518.913
1081268.750	2169146.750	502.168
1165550.000	2119514.500	485.424
1250706.500	2268455.500	468.679
1337293.000	2255500.000	451.934
1499153.375	2273956.750	435.190
1593128.875	2359606.750	418.445
1762907.625	2362545.250	401.701
1886299.750	2418635.250	384.956
1939462.125	2346022.500	368.212
2145517.250	2341534.000	351.467
2238189.250	2351886.500	334.722
2457209.750	2281822.250	317.978
2550116.750	2300321.500	301.233
2677106.750	2140382.750	284.489
2849643.750	2051016.750	267.744
3027211.000	2014662.375	251.000
3153036.750	1902765.875	234.255
3215757.250	1780277.000	217.510
3390692.250	1704520.500	200.766
3535770.250	1563044.625	184.021
3556523.500	1416070.125	167.277
3746821.000	1257124.000	150.532
3739225.250	1007498.438	133.788
3769790.250	944430.813	117.043
3908439.500	748766.125	100.298
3817923.750	625972.313	83.554
3901874.750	487236.281	66.809
3884546.750	395750.375	50.065
3932674.000	170092.016	33.320
3890939.750	77072.039	16.576
3999198.500	-90516.258	-0.169
3953723.750	-236009.734	-16.914
3989440.250	-480958.719	-33.658
3903104.750	-631346.563	-50.403
3788104.500	-858352.438	-67.147
3698371.250	-838669.375	-83.892
3635534.000	-1019673.500	-100.636
3629692.000	-1127843.875	-117.381
3529651.750	-1222695.250	-134.126
3505033.500	-1353232.125	-150.870
3431219.000	-1550435.250	-167.615
3343589.000	-1615609.375	-184.359
3293108.750	-1719369.625	-201.104
3205218.500	-1852968.250	-217.849
3164783.250	-2055895.000	-234.593
3008708.000	-2176363.250	-251.338
2870464.500	-2235161.500	-268.082
2702126.000	-2330463.500	-284.827
2552943.250	-2455169.000	-301.571
2366510.000	-2437658.000	-318.316
2315226.250	-2534514.750	-335.061
2122437.500	-2622699.750	-351.805
1900663.125	-2644170.750	-368.550
1683227.250	-2620447.750	-385.294
1526336.000	-2590778.750	-402.039
1321988.750	-2467936.500	-418.783
1218867.250	-2394395.500	-435.528
1178492.625	-2253538.750	-452.273
1063171.000	-2273596.750	-469.017
974824.375	-2134613.500	-485.762
937330.188	-2156196.000	-502.506
875914.188	-1951753.250	-519.251
748510.313	-1939895.375	-535.995
769484.625	-1941749.375	-552.740
719375.750	-1952799.125	-569.485
735115.250	-1786483.875	-586.229
675304.313	-1858660.375	-602.974
616481.938	-1737715.375	-619.718
627515.438	-1688162.375	-636.463
620533.125	-1673993.625	-653.207
600122.313	-1686756.875	-669.952
530979.438	-1675367.750	-686.697
530281.938	-1609552.750	-703.441
440080.313	-1610047.250	-720.186
445588.688	-1557006.500	-736.930
352333.094	-1565323.125	-753.675
446840.719	-1465540.750	-770.420
380257.344	-1484236.125	-787.164
271496.563	-1441685.625	-803.909
356786.000	-1461721.000	-820.653
293706.000	-1266931.125	-837.398
270966.500	-1312065.000	-854.142
322456.094	-1278895.500	-870.887
265980.094	-1267360.750	-887.632
217696.484	-1229558.250	-904.376
244025.078	-1197222.750	-921.121
217691.031	-1189072.625	-937.865
191790.000	-1087037.125	-954.610
306593.531	-1121826.125	-971.354
267965.531	-1164047.375	-988.099
209405.563	-1135222.750	-1004.844
284275.625	-1004512.063	-1021.588
268411.188	-1054943.500	-1038.333
176052.031	-1082037.000	-1055.077
207996.953	-991574.750	-1071.822
246790.688	-1039327.563	-1088.566
226063.375	-997760.438	-1105.311
125416.820	-951487.875	-1122.056
215251.141	-940364.875	-1138.800
250426.641	-921529.813	-1155.545
233672.984	-881743.500	-1172.289
139477.891	-902478.375	-1189.034
120398.406	-891768.188	-1205.778
189993.516	-843751.063	-1222.523
280833.375	-896537.250	-1239.268
105678.750	-840256.438	-1256.012
78935.125	-794975.313	-1272.757
121927.844	-757683.313	-1289.501
195132.109	-848055.500	-1306.246
133023.516	-793358.938	-1322.990
144055.797	-792878.750	-1339.735
184121.484	-825678.750	-1356.480
168911.625	-737189.500	-1373.224
108716.656	-769127.438	-1389.969
124016.297	-676570.813	-1406.713
198610.047	-771394.688	-1423.458
176769.094	-627131.375	-1440.203
203496.375	-756143.625	-1456.947
216142.688	-737187.375	-1473.692
158393.219	-707110.375	-1490.436
124510.547	-725064.938	-1507.181
145048.547	-657687.625	-1523.925
99606.750	-635437.813	-1540.670
177914.906	-714739.063	-1557.415
174175.703	-673847.563	-1574.159
124826.438	-571574.563	-1590.904
137885.188	-632084.188	-1607.648
158513.047	-613346.250	-1624.393
130321.984	-576983.188	-1641.137
91458.797	-639810.125	-1657.882
109064.977	-562551.188	-1674.627
174780.391	-540287.188	-1691.371
161806.250	-521850.875	-1708.116
143507.203	-637758.813	-1724.860
149587.484	-610882.875	-1741.605
93088.172	-518996.813	-1758.349
189919.156	-556826.500	-1775.094
126402.156	-561759.750	-1791.839
211185.156	-540370.125	-1808.583
256916.797	-590055.563	-1825.328
159294.391	-531803.688	-1842.072
185410.281	-595589.875	-1858.817
108488.820	-578690.250	-1875.561
138511.250	-471946.594	-1892.306
143342.797	-581759.063	-1909.051
109330.938	-496586.219	-1925.795
201454.719	-466846.031	-1942.540
97428.672	-538141.125	-1959.284
123334.680	-460172.188	-1976.029
71677.234	-470691.500	-1992.774
145960.688	-428789.719	-2009.518
218271.438	-437556.406	-2026.263
154514.813	-502408.500	-2043.007
138217.063	-490513.406	-2059.752
130256.430	-508318.281	-2076.496
147725.297	-444584.406	-2093.241
193078.734	-448465.063	-2109.986
132818.594	-505113.063	-2126.730
218985.031	-474252.813	-2143.475
176832.891	-487138.719	-2160.219
158532.313	-467244.563	-2176.964
101987.883	-404721.406	-2193.708
190889.234	-411311.688	-2210.453
229949.563	-384019.813	-2227.198
92972.125	-454552.969	-2243.942
126848.156	-423738.594	-2260.687
104203.477	-424916.188	-2277.431
33648.375	-443619.875	-2294.176
187981.125	-384853.594	-2310.920
129635.914	-403106.688	-2327.665
71898.258	-439255.594	-2344.410
186541.953	-407416.875	-2361.154
110997.430	-437209.906	-2377.899
174382.656	-440728.406	-2394.643
143809.719	-345975.250	-2411.388
138676.719	-406550.250	-2428.132
70444.047	-344885.813	-2444.877
131934.781	-310801.594	-2461.622
140738.781	-388221.844	-2478.366
176111.016	-302871.813	-2495.111
239797.719	-337637.750	-2511.855
140989.203	-436032.969	-2528.600
208454.688	-451755.906	-2545.345
191742.609	-394280.188	-2562.089
72091.039	-365128.719	-2578.834
176886.344	-341073.281	-2595.578
120212.727	-349394.906	-2612.323
224318.063	-372564.844	-2629.067
135660.469	-436567.125	-2645.812
128273.695	-344190.063	-2662.557
96329.781	-369601.469	-2679.301
37768.148	-362061.313	-2696.046
175462.891	-356765.219	-2712.790
113134.398	-312745.781	-2729.535
88884.273	-356506.875	-2746.279
198139.203	-320565.250	-2763.024
68306.102	-382611.781	-2779.769
186240.391	-320121.969	-2796.513
103207.602	-308076.656	-2813.258
161378.234	-229585.578	-2830.002
135846.219	-262457.969	-2846.747
147716.266	-293287.688	-2863.491
175693.609	-291243.281	-2880.236
207232.594	-240602.203	-2896.981
193727.359	-342966.031	-2913.725
169098.734	-299424.781	-2930.470
130228.070	-361578.156	-2947.214
79875.188	-275053.563	-2963.959
134824.766	-279837.563	-2980.703
182801.016	-284568.781	-2997.448
96435.969	-344130.313	-3014.193
152880.219	-293162.969	-3030.937
120826.219	-270996.688	-3047.682
141659.953	-285228.125	-3064.426
106256.273	-255534.750	-3081.171
155952.406	-244328.406	-3097.915
140592.375	-276562.656	-3114.660
121830.422	-247928.688	-3131.405
152955.250	-315904.750	-3148.149
167686.813	-250221.750	-3164.894
132471.344	-230021.391	-3181.638
206564.281	-244084.453	-3198.383
163991.938	-255285.094	-3215.128
191713.031	-326567.250	-3231.872
123483.078	-235930.328	-3248.617
147637.109	-265262.156	-3265.361
189118.984	-283314.000	-3282.106
169116.781	-278133.750	-3298.850
72015.031	-266786.375	-3315.595
162619.578	-255435.813	-3332.340
185043.672	-219027.453	-3349.084
148452.656	-283522.688	-3365.829
163432.234	-246444.797	-3382.573
115026.852	-305358.313	-3399.318
155650.984	-232931.516	-3416.062
147375.469	-180874.234	-3432.807
182540.375	-262334.750	-3449.552
109032.719	-230546.922	-3466.296
154044.766	-263705.531	-3483.041
167036.438	-342450.406	-3499.785
119123.422	-222649.297	-3516.530
229462.172	-216188.594	-3533.274
205539.703	-197504.625	-3550.019
126558.086	-264479.844	-3566.764
125810.070	-216908.469	-3583.508
117446.625	-239397.391	-3600.253
231481.766	-221293.422	-3616.997
175630.219	-212273.063	-3633.742
148215.750	-207743.938	-3650.486
128624.508	-221284.828	-3667.231
130454.516	-201444.453	-3683.976
151305.219	-198722.109	-3700.720
172590.359	-228768.813	-3717.465
154580.063	-209107.031	-3734.209
143649.969	-103133.750	-3750.954
180517.266	-245229.328	-3767.699
186549.984	-244723.422	-3784.443
127914.922	-188557.984	-3801.188
197347.875	-202448.984	-3817.932
192796.531	-159398.188	-3834.677
96817.984	-240073.672	-3851.421
127061.984	-210349.984	-3868.166
152313.047	-162662.297	-3884.911
180776.359	-142378.469	-3901.655
195002.453	-186754.219	-3918.400
119645.141	-264285.156	-3935.144
177924.047	-186163.844	-3951.889
178601.094	-237853.469	-3968.633
169890.688	-203948.063	-3985.378
152592.406	-168704.266	-4002.123
131036.344	-148962.844	-4018.867
145954.703	-198182.500	-4035.612
196348.547	-196102.125	-4052.356
192351.125	-301963.875	-4069.101
151045.344	-200711.359	-4085.845
196314.969	-204552.859	-4102.590
160695.266	-165719.703	-4119.335
217692.688	-170983.219	-4136.079
143539.750	-176404.734	-4152.824
125024.820	-149017.781	-4169.568
100004.367	-195329.281	-4186.313
228298.984	-182006.141	-4203.057
184834.000	-251254.922	-4219.802
245951.781	-179294.672	-4236.547
170496.719	-158656.094	-4253.291
97314.414	-228355.625	-4270.036
183360.781	-137795.063	-4286.780
184181.844	-154614.078	-4303.525
138033.625	-178075.391	-4320.269
205117.984	-211820.484	-4337.014
175701.844	-206103.859	-4353.759
212071.031	-164049.797	-4370.503
205227.594	-204088.922	-4387.248
162033.641	-131090.578	-4403.992
195925.266	-196444.078	-4420.737
141445.500	-143815.109	-4437.482
143875.188	-129679.516	-4454.226
158322.781	-161822.125	-4470.971
157819.891	-192509.000	-4487.715
177665.219	-158316.609	-4504.460
121650.539	-173944.094	-4521.204
149988.219	-205508.953	-4537.949
66468.219	-94468.109	-4554.694
193751.109	-120024.781	-4571.438
187710.063	-245256.125	-4588.183
179516.531	-104140.570	-4604.927
150605.719	-145215.828	-4621.672
213722.125	-144864.641	-4638.416
165031.297	-204073.094	-4655.161
166224.328	-116098.539	-4671.906
142870.359	-122809.258	-4688.650
181802.203	-194004.406	-4705.395
225606.500	-172918.484	-4722.139
219076.625	-228586.828	-4738.884
208835.000	-197293.203	-4755.628
127459.156	-129034.313	-4772.373
163113.125	-187269.391	-4789.118
145386.453	-186299.813	-4805.862
199638.875	-162505.922	-4822.607
230718.469	-147567.734	-4839.351
102621.773	-139205.844	-4856.096
169314.672	-129740.250	-4872.840
159110.500	-148744.328	-4889.585
180393.797	-89556.086	-4906.330
166374.672	-154505.578	-4923.074
219120.203	-146622.266	-4939.819
155477.813	-162833.594	-4956.563
154020.563	-103027.086	-4973.308
142456.563	-131499.531	-4990.053
169488.906	-140548.188	-5006.797
156044.266	-128180.938	-5023.542
194396.156	-207006.453	-5040.286
173544.047	-61883.008	-5057.031
153330.313	-171585.422	-5073.775
157919.453	-170938.031	-5090.520
128107.398	-109012.633	-5107.265
158009.953	-130202.352	-5124.009
202363.406	-154899.141	-5140.754
152573.125	-97607.258	-5157.498
123243.078	-154929.797	-5174.243
175574.094	-139169.094	-5190.987
222050.250	-118922.898	-5207.732
222440.203	-188683.063	-5224.477
137769.016	-202400.313	-5241.221
246683.563	-124737.445	-5257.966
208502.094	-137507.828	-5274.710
184395.109	-143943.063	-5291.455
221306.844	-159808.484	-5308.199
127088.984	-204689.344	-5324.944
163081.984	-132779.672	-5341.689
159057.672	-87082.086	-5358.433
177855.391	-108433.789	-5375.178
139381.078	-117446.570	-5391.922
149045.500	-86467.484	-5408.667
168941.375	-114595.211	-5425.411
133457.906	-175289.266	-5442.156
177450.594	-86687.766	-5458.901
138918.609	-135308.906	-5475.645
243056.016	-156584.469	-5492.390
119974.461	-161295.109	-5509.134
152631.922	-167595.859	-5525.879
157971.047	-105756.320	-5542.623
172106.156	-151026.625	-5559.368
174721.672	-138221.703	-5576.113
140497.609	-162671.453	-5592.857
235679.844	-112327.633	-5609.602
156496.219	-101687.727	-5626.346
172171.094	-88571.266	-5643.091
129783.492	-155364.125	-5659.836
192605.391	-103973.531	-5676.580
138735.406	-106849.523	-5693.325
73346.305	-176610.797	-5710.069
148343.063	-98221.133	-5726.814
130529.672	-69305.305	-5743.558
157385.500	-67842.469	-5760.303
155393.531	-77970.133	-5777.048
97009.891	-119243.367	-5793.792
178201.000	-103234.547	-5810.537
180500.813	-87821.703	-5827.281
156754.875	-102369.438	-5844.026
147117.719	-108528.797	-5860.770
220897.266	-96153.859	-5877.515
191395.875	-101199.828	-5894.260
90420.500	-127218.977	-5911.004
88833.188	-70331.453	-5927.749
179579.469	-81536.000	-5944.493
154714.219	-134572.078	-5961.238
157912.047	-80487.344	-5977.982
181257.078	-80268.148	-5994.727
144028.203	-103061.977	-6011.472
186658.250	-98807.148	-6028.216
168007.469	-99484.172	-6044.961
205674.406	-93986.336	-6061.705
166019.125	-125989.055	-6078.450
168747.484	-36303.902	-6095.194
168730.313	-106569.906	-6111.939
220089.297	-75062.766	-6128.684
151646.703	-38992.012	-6145.428
211069.984	-78044.805	-6162.173
161511.078	-131040.250	-6178.917
167682.359	-122802.805	-6195.662
172530.875	-109579.734	-6212.407
114469.086	-48865.461	-6229.151
213178.063	-54703.316	-6245.896
159984.344	-53381.785	-6262.640
131117.531	-78317.297	-6279.385
188999.594	-92065.547	-6296.129
180660.094	-126681.891	-6312.874
202951.953	-47154.012	-6329.619
185720.000	-90369.422	-6346.363
252808.172	-94936.227	-6363.108
161645.828	-63995.824	-6379.852
211788.203	-87375.977	-6396.597
171842.609	-60720.867	-6413.341
160687.375	-62410.391	-6430.086
165570.594	-137044.906	-6446.831
182222.250	-94332.211	-6463.575
153253.844	-92876.008	-6480.320
130715.109	-175243.391	-6497.064
167078.531	-120923.352	-6513.809
169875.516	-100218.180	-6530.553
161101.406	-87184.250	-6547.298
149405.906	-68490.891	-6564.043
133143.516	-103217.156	-6580.787
155404.063	-27860.271	-6597.532
127507.031	-99740.180	-6614.276
167387.656	-41622.742	-6631.021
195420.938	-35986.008	-6647.765
181322.047	-85281.781	-6664.510
210165.563	-118114.594	-6681.255
133733.969	-74173.289	-6697.999
157034.344	-79165.430	-6714.744
144902.766	-108324.344	-6731.488
176596.500	-51701.434	-6748.233
189714.188	-99014.328	-6764.977
126426.789	-107577.102	-6781.722
150271.969	-69956.188	-6798.467
184529.359	-60520.641	-6815.211
157313.484	-80977.352	-6831.956
152994.281	-67846.406	-6848.700
161618.375	-10280.358	-6865.445
166633.828	-68871.078	-6882.190
169926.500	-60107.684	-6898.934
141423.750	-34021.137	-6915.679
172641.344	-92382.313	-6932.423
161933.625	-91540.828	-6949.168
115221.820	-25065.764	-6965.912
204892.172	-95467.836	-6982.657
137981.266	-77868.508	-6999.402
180508.141	-54142.680	-7016.146
164556.250	-28158.730	-7032.891
189390.984	-131104.016	-7049.635
124889.656	-57781.426	-7066.380
185629.203	-44628.496	-7083.124
154189.813	-64387.074	-7099.869
125279.719	-66661.438	-7116.614
143714.063	-53812.320	-7133.358
174454.453	-54289.117	-7150.103
116451.039	-82157.289	-7166.847
190126.016	-24915.264	-7183.592
142752.844	-70462.320	-7200.336
183028.016	-75170.984	-7217.081
142323.906	-31024.799	-7233.826
154475.547	-56904.289	-7250.570
196251.391	1995.988	-7267.315
112725.648	-83302.883	-7284.059
147461.734	8736.643	-7300.804
120298.703	-46779.496	-7317.548
140741.938	-7569.305	-7334.293
156585.375	-31319.885	-7351.038
181946.375	-9482.323	-7367.782
267729.156	-50602.031	-7384.527
113417.656	-24567.986	-7401.271
222465.766	6611.257	-7418.016
199292.000	-69932.305	-7434.761
135649.469	-73841.867	-7451.505
135173.531	-9313.565	-7468.250
202230.469	-59015.047	-7484.994
141549.141	-28469.338	-7501.739
172301.969	2600.355	-7518.483
208116.969	-42575.781	-7535.228
135622.953	-82020.422	-7551.973
145798.031	-73148.117	-7568.717
145041.828	24623.861	-7585.462
202273.516	-47820.156	-7602.206
160803.313	-48861.883	-7618.951
152528.734	-10131.737	-7635.695
203479.047	-3222.104	-7652.440
166384.750	-61320.711	-7669.185
121159.547	-20685.625	-7685.929
154034.859	-30479.301	-7702.674
208333.797	1402.577	-7719.418
134509.781	-24441.141	-7736.163
166927.500	-34210.297	-7752.907
177218.469	-23459.059	-7769.652
213700.719	-87803.531	-7786.397
178669.469	-54796.883	-7803.141
154180.469	-35716.371	-7819.886
209459.938	25829.389	-7836.630
167661.828	23531.061	-7853.375
202035.781	-49920.844	-7870.119
157286.938	-4763.315	-7886.864
204932.172	-3151.983	-7903.609
188102.828	-7436.411	-7920.353
202606.500	-65667.594	-7937.098
200210.797	-9142.670	-7953.842
165357.609	-34476.238	-7970.587
170193.641	-34950.598	-7987.332
159305.391	-22255.314	-8004.076
193110.063	-50349.371	-8020.821
190600.047	-103446.766	-8037.565
91551.336	-21516.799	-8054.310
216040.266	-76565.992	-8071.054
138187.766	-8349.938	-8087.799
161484.297	-8549.263	-8104.544
194773.000	-9971.261	-8121.288
203085.578	-23164.070	-8138.033
127968.633	-36640.094	-8154.777
193553.547	13973.104	-8171.522
158265.078	-34667.797	-8188.266
156751.906	-44576.715	-8205.011
222347.641	4943.754	-8221.756
178814.141	-51506.234	-8238.500
154128.375	16450.291	-8255.245
192305.969	211.859	-8271.989
156941.109	-5383.320	-8288.734
206813.906	-37066.934	-8305.478
150460.047	-62563.016	-8322.223
139675.891	-6725.156	-8338.968
158149.688	-37916.184	-8355.712
136001.922	-47096.988	-8372.457
130846.344	-9922.178	-8389.201
211031.406	-26444.334	-8405.946
154246.266	11702.313	-8422.690
181193.750	-16510.436	-8439.435
154037.063	1957.053	-8456.180
132698.422	23501.736	-8472.924
150636.438	-11602.424	-8489.669
176976.594	-92638.289	-8506.413
153305.766	-3870.254	-8523.158
155199.969	-14486.512	-8539.902
116355.422	-27500.725	-8556.647
