Data Point Listing of File C:\NTNMR\data\Dan\LiMnPO4\[100]\Li7 [100] 0deg.tnt
Starting Point:	1	Ending Point:	1024
Real	Imag	ppm
239527.000	-3155.250	8573.054
255730.000	-37423.500	8556.309
246128.250	59379.500	8539.564
261779.500	25217.875	8522.820
230333.500	-5136.500	8506.075
244971.250	-26863.750	8489.331
245169.750	8242.625	8472.586
224793.375	12106.625	8455.842
269443.625	-25529.250	8439.097
296453.500	26019.500	8422.352
151421.625	79839.000	8405.608
220099.625	33998.750	8388.863
299223.375	41674.500	8372.119
276936.313	19290.750	8355.374
255644.438	15321.750	8338.630
265681.438	75393.000	8321.885
218412.750	-26526.750	8305.140
277596.813	83435.000	8288.396
342271.563	51007.000	8271.651
266558.563	-49707.625	8254.907
214395.938	21193.625	8238.162
240849.688	42931.500	8221.417
217661.813	11304.375	8204.673
232987.344	36174.000	8187.928
230976.500	40387.750	8171.184
230245.031	80173.125	8154.439
219072.625	-589.000	8137.695
278469.719	54512.750	8120.950
233877.906	-29527.500	8104.205
214675.906	-18398.375	8087.461
250847.906	37255.750	8070.716
295874.000	73974.250	8053.972
248706.813	68489.750	8037.227
276930.875	80302.875	8020.483
272774.094	33503.875	8003.738
241464.234	35592.625	7986.993
266326.219	43015.313	7970.249
253220.906	102047.750	7953.504
319136.375	91753.625	7936.760
259371.156	109587.563	7920.015
196556.500	37648.188	7903.271
283613.688	-11929.625	7886.526
264513.938	50529.000	7869.781
295186.188	48296.500	7853.037
266231.469	1152.313	7836.292
263546.469	22487.313	7819.548
214513.359	-1527.813	7802.803
240180.219	4008.875	7786.059
237619.969	100956.938	7769.314
304751.250	40033.250	7752.569
258080.875	2996.688	7735.825
220219.328	51293.938	7719.080
260625.547	51830.188	7702.336
248644.047	-9995.188	7685.591
241143.000	26594.125	7668.846
246804.531	19774.188	7652.102
266405.438	71131.875	7635.357
176128.063	115657.375	7618.613
231455.438	119426.750	7601.868
238160.094	49545.938	7585.124
213696.094	73034.813	7568.379
273879.063	69522.688	7551.634
269763.656	121000.875	7534.890
279917.313	77629.000	7518.145
244578.906	109328.625	7501.401
256498.578	173309.938	7484.656
250482.438	65709.625	7467.912
252844.938	55821.063	7451.167
229588.078	87833.375	7434.422
290926.625	1076.750	7417.678
243850.469	74699.313	7400.933
381960.156	60444.250	7384.189
292924.375	31096.500	7367.444
224934.406	57224.688	7350.700
238526.563	90573.531	7333.955
160449.516	114055.313	7317.210
292450.844	40267.938	7300.466
229763.375	70192.281	7283.721
249593.453	27461.719	7266.977
238986.641	77240.719	7250.232
233946.828	64828.656	7233.488
219464.813	96087.750	7216.743
262421.188	66501.219	7199.998
338830.000	166869.219	7183.254
220648.984	86262.094	7166.509
256433.234	151001.313	7149.765
220179.250	10324.281	7133.020
230627.469	138927.000	7116.275
211468.516	26661.688	7099.531
331442.656	66335.313	7082.786
218067.172	55709.219	7066.042
266165.594	78784.625	7049.297
267777.406	21617.531	7032.553
300820.875	61548.875	7015.808
341094.094	58859.125	6999.063
310360.156	55192.563	6982.319
189147.766	41757.250	6965.574
268867.000	129742.656	6948.830
288612.906	79159.813	6932.085
259302.672	128754.281	6915.341
260870.922	136525.219	6898.596
297455.281	25712.000	6881.851
209315.359	128952.188	6865.107
289537.656	167588.281	6848.362
247621.938	26346.375	6831.618
291599.781	105551.063	6814.873
198483.781	97697.563	6798.129
286089.813	109853.969	6781.384
278894.688	82695.063	6764.639
205542.125	110215.969	6747.895
213588.906	109931.844	6731.150
227174.766	97332.125	6714.406
195674.203	86948.500	6697.661
289113.438	108256.500	6680.917
246390.563	157046.000	6664.172
225781.750	49711.813	6647.427
272103.344	158830.656	6630.683
216718.828	166927.469	6613.938
258503.859	65041.094	6597.194
210398.719	136386.016	6580.449
257458.094	77452.313	6563.705
206914.422	159018.125	6546.960
277503.531	115327.188	6530.215
237361.172	68480.703	6513.471
269457.969	68317.500	6496.726
264052.188	43545.375	6479.982
285084.063	84022.969	6463.237
232403.469	109528.344	6446.492
222885.953	84738.031	6429.748
248403.859	101513.531	6413.003
184485.344	91247.438	6396.259
243032.797	109821.344	6379.514
222641.297	105625.453	6362.770
234052.609	169149.250	6346.025
270069.031	156688.594	6329.280
176676.094	152823.094	6312.536
176700.359	111022.469	6295.791
278609.156	117282.188	6279.047
343505.031	200439.250	6262.302
225049.016	179550.797	6245.558
261983.969	90403.578	6228.813
215718.500	124528.547	6212.068
303320.313	136947.219	6195.324
231492.234	179145.250	6178.579
169738.203	142410.844	6161.835
218113.188	142753.844	6145.090
359371.563	166672.859	6128.346
269882.438	111155.594	6111.601
284229.906	137614.500	6094.856
210466.594	164203.219	6078.112
310326.813	108393.828	6061.367
240200.375	127560.250	6044.623
149272.188	145854.031	6027.878
245148.391	183340.172	6011.134
267898.531	239019.219	5994.389
302398.781	97244.078	5977.644
258429.188	141153.109	5960.900
258021.031	168182.438	5944.155
258460.547	172470.125	5927.411
292490.719	119796.891	5910.666
176253.469	144200.500	5893.921
279626.219	132489.828	5877.177
209335.141	80366.797	5860.432
335147.906	191911.531	5843.688
272476.938	199499.703	5826.943
203846.125	154042.172	5810.199
320492.250	206747.250	5793.454
278194.219	100169.484	5776.709
245500.313	164668.313	5759.965
287916.813	221342.094	5743.220
224443.031	151100.281	5726.476
274659.594	241190.031	5709.731
296427.656	77099.344	5692.987
179727.500	156845.531	5676.242
236909.469	183223.703	5659.497
152555.125	161825.875	5642.753
207639.094	170390.844	5626.008
221897.188	217842.281	5609.264
277315.344	193081.094	5592.519
213537.016	194381.031	5575.775
220957.453	162608.406	5559.030
234936.719	121024.844	5542.285
258628.672	182847.906	5525.541
227196.781	169877.875	5508.796
287588.969	151592.281	5492.052
270609.469	146026.703	5475.307
291462.219	170180.219	5458.563
152312.219	198703.375	5441.818
269374.688	180949.219	5425.073
247828.141	160914.656	5408.329
142388.000	100910.766	5391.584
213707.703	224592.781	5374.840
332489.969	120560.516	5358.095
283764.531	178217.969	5341.351
210926.094	134063.188	5324.606
199438.266	258330.625	5307.861
254511.469	233068.813	5291.117
315108.719	208212.563	5274.372
196452.266	175241.922	5257.628
247812.938	221826.750	5240.883
286084.094	194283.031	5224.138
209348.406	189506.000	5207.394
273854.875	212182.500	5190.649
190137.141	274059.219	5173.905
332956.188	186794.375	5157.160
229015.313	236222.563	5140.416
283525.813	277287.313	5123.671
220641.094	238282.906	5106.926
283597.781	199210.234	5090.182
268214.156	254281.000	5073.437
231329.656	276509.688	5056.693
233703.766	269147.344	5039.948
152280.391	313828.094	5023.204
248888.000	188491.000	5006.459
259893.094	258439.375	4989.714
245572.438	170506.344	4972.970
411112.688	181380.047	4956.225
231906.844	231858.141	4939.481
219355.391	275917.156	4922.736
230027.016	158471.891	4905.992
152060.813	244192.250	4889.247
225688.531	269292.250	4872.502
288405.094	194038.391	4855.758
318661.406	284648.375	4839.013
281134.531	233341.031	4822.269
211717.297	298233.844	4805.524
254621.141	246246.000	4788.780
271411.500	218917.469	4772.035
263796.438	293165.281	4755.290
289451.156	199872.234	4738.546
237174.734	221616.250	4721.801
241918.500	233614.375	4705.057
271603.094	151942.203	4688.312
274664.781	287837.625	4671.567
195546.344	260000.625	4654.823
265595.438	316023.594	4638.078
236335.281	228818.391	4621.334
196714.984	297463.844	4604.589
282075.594	368247.219	4587.845
378413.750	268970.813	4571.100
295040.500	202022.094	4554.355
212233.188	233453.047	4537.611
237519.281	215436.625	4520.866
266995.781	196547.406	4504.122
278986.313	244522.359	4487.377
250572.250	404301.563	4470.633
228373.125	296314.719	4453.888
257667.375	203555.141	4437.143
348394.875	298560.938	4420.399
245342.891	361539.500	4403.654
239037.313	120356.234	4386.910
199855.781	237131.172	4370.165
308748.969	292857.313	4353.421
283024.125	307998.625	4336.676
240205.047	244343.984	4319.931
251305.969	315966.500	4303.187
312320.000	310078.875	4286.442
294501.906	353050.875	4269.698
251673.984	199062.625	4252.953
389232.875	323539.563	4236.209
283695.906	235469.875	4219.464
330419.969	177542.219	4202.719
263145.219	235343.234	4185.975
254939.500	322760.938	4169.230
213694.313	265705.906	4152.486
252829.141	230984.188	4135.741
268959.375	321244.531	4118.997
265529.094	312756.625	4102.252
210825.547	185752.219	4085.507
258786.969	308502.250	4068.763
182773.844	366365.969	4052.018
269963.906	355341.844	4035.274
209497.953	245769.641	4018.529
282393.344	426283.563	4001.784
375722.219	374052.063	3985.040
175438.047	326198.625	3968.295
243361.172	240290.563	3951.551
189645.063	388418.406	3934.806
282757.063	217666.078	3918.062
214719.781	415012.906	3901.317
245952.313	289726.375	3884.572
210220.625	333903.438	3867.828
220508.375	339023.875	3851.083
231878.984	193040.672	3834.339
213220.531	310948.438	3817.594
338675.875	376330.250	3800.850
183051.453	316359.156	3784.105
232216.188	298754.000	3767.360
305225.563	404944.063	3750.616
327445.625	305748.031	3733.871
280249.281	281652.531	3717.127
231174.797	282551.031	3700.382
173383.344	342466.250	3683.638
162569.875	411530.656	3666.893
244011.813	351746.469	3650.148
185498.594	413075.594	3633.404
192153.328	383639.313	3616.659
239651.516	318413.125	3599.915
262619.281	352119.469	3583.170
253925.078	450921.438	3566.426
299887.375	395816.906	3549.681
254573.359	334448.563	3532.936
233456.344	366715.938	3516.192
301638.313	345223.531	3499.447
266700.844	362056.000	3482.703
299168.875	351929.688	3465.958
211656.203	387372.375	3449.213
244415.797	367601.219	3432.469
192968.500	461779.594	3415.724
286653.500	462074.375	3398.980
224827.797	380474.000	3382.235
255394.234	470514.125	3365.491
362666.750	481867.125	3348.746
313397.844	398756.656	3332.001
273204.625	385153.375	3315.257
258462.656	396478.063	3298.512
220379.328	401990.125	3281.768
310775.344	424714.063	3265.023
264724.375	480838.188	3248.279
281780.469	464611.813	3231.534
336001.188	517910.469	3214.789
276724.938	541674.438	3198.045
339791.844	353450.813	3181.300
270356.313	310010.906	3164.556
193285.094	383191.313	3147.811
302657.438	330060.000	3131.067
184110.688	477092.094	3114.322
174388.781	378479.625	3097.577
207340.609	574212.188	3080.833
285635.125	521210.625	3064.088
279029.094	506249.375	3047.344
260564.375	520667.875	3030.599
253933.953	451403.031	3013.855
358139.813	447195.219	2997.110
329960.906	371877.500	2980.365
207207.109	458427.594	2963.621
220764.109	463885.219	2946.876
284355.000	399947.563	2930.132
258858.922	524870.375	2913.387
398338.813	357569.375	2896.642
245782.047	439460.844	2879.898
254977.953	369397.813	2863.153
294456.313	460821.063	2846.409
241417.094	553792.875	2829.664
341748.063	431295.188	2812.920
212231.641	580552.750	2796.175
189371.375	422037.063	2779.430
312021.531	491512.844	2762.686
357915.000	438440.594	2745.941
209539.625	472009.938	2729.197
275613.344	514985.688	2712.452
271527.906	492094.625	2695.708
206513.359	521020.031	2678.963
276528.781	440489.719	2662.218
209195.516	482107.500	2645.474
181689.531	535367.250	2628.729
239781.234	549971.188	2611.985
288064.719	542182.438	2595.240
284687.375	598373.000	2578.496
272547.531	513023.688	2561.751
183931.000	547701.375	2545.006
275324.375	460830.219	2528.262
229937.688	543200.875	2511.517
199638.281	522178.375	2494.773
261965.500	539186.125	2478.028
205133.047	526393.938	2461.284
300079.000	500170.031	2444.539
198758.844	548048.625	2427.794
272753.375	655774.250	2411.050
253904.547	558890.750	2394.305
194753.500	654462.563	2377.561
189677.453	592930.750	2360.816
286693.094	570301.188	2344.072
239281.250	650431.000	2327.327
191895.000	668635.375	2310.582
171472.813	667991.563	2293.838
146615.953	665690.125	2277.093
216376.859	590048.250	2260.349
201308.453	640377.875	2243.604
248424.906	624531.875	2226.859
127349.938	632730.250	2210.115
199138.891	758766.375	2193.370
315773.469	689333.750	2176.626
139187.938	664257.625	2159.881
147799.438	717879.375	2143.137
297316.813	722828.938	2126.392
96466.375	706523.938	2109.647
200493.266	807541.313	2092.903
241712.750	644491.250	2076.158
141931.125	728674.125	2059.414
207804.125	684035.750	2042.669
184486.750	746979.125	2025.925
266843.813	758292.438	2009.180
260403.578	778933.063	1992.435
308593.875	808535.375	1975.691
201352.625	777775.438	1958.946
152224.875	753742.125	1942.202
87091.008	833690.125	1925.457
151575.906	932166.750	1908.713
188860.828	849137.875	1891.968
212135.438	866191.938	1875.223
322857.344	876691.500	1858.479
220086.313	903796.250	1841.734
251754.984	856552.125	1824.990
173009.422	1005048.000	1808.245
264338.125	960328.625	1791.501
330438.438	983445.500	1774.756
225368.328	953285.125	1758.011
297926.469	880069.125	1741.267
209959.000	904460.875	1724.522
218998.141	991514.375	1707.778
225759.219	1025116.000	1691.033
350750.500	913758.313	1674.288
207713.875	893182.938	1657.544
293887.938	957299.375	1640.799
207914.094	1005211.813	1624.055
252661.781	1095306.750	1607.310
267801.250	1083135.875	1590.566
231783.609	1096851.750	1573.821
234404.234	1052171.750	1557.076
186838.219	1004854.500	1540.332
158822.219	1228237.125	1523.587
175281.672	1013519.750	1506.843
217793.813	1105324.000	1490.098
311886.156	1082463.125	1473.354
269267.188	1223527.750	1456.609
307402.344	1245551.750	1439.864
171663.188	1217449.500	1423.120
225212.938	1217587.750	1406.375
242100.078	1228213.750	1389.631
331212.563	1280923.875	1372.886
234138.969	1333230.750	1356.142
279338.250	1303527.875	1339.397
283168.469	1332545.000	1322.652
144567.125	1364668.500	1305.908
292043.094	1456189.750	1289.163
266427.656	1396749.250	1272.419
252617.469	1514497.250	1255.674
220285.094	1412075.125	1238.930
221903.813	1520873.125	1222.185
353838.344	1530628.250	1205.440
239601.938	1632469.750	1188.696
380056.438	1518380.375	1171.951
244386.703	1618507.750	1155.207
339793.219	1785415.000	1138.462
241187.141	1663281.750	1121.718
206816.797	1752467.750	1104.973
214133.359	1795885.000	1088.228
349454.063	1811955.000	1071.484
327591.406	1915375.500	1054.739
300061.438	1854783.875	1037.995
390029.438	1987145.500	1021.250
348077.938	1961557.750	1004.505
488725.531	2002685.875	987.761
347487.906	2098152.000	971.016
481308.938	2166998.500	954.272
613671.063	2289839.500	937.527
449283.906	2236651.500	920.783
591808.125	2406669.000	904.038
480350.563	2446285.000	887.293
577930.563	2412939.500	870.549
533002.875	2649310.750	853.804
658957.000	2732922.250	837.060
626214.688	2718995.500	820.315
688944.563	2863304.250	803.571
830982.000	2892176.500	786.826
899468.250	3062214.500	770.081
1038298.875	3108724.500	753.337
1161602.750	3194856.000	736.592
1120558.625	3177655.500	719.848
1344837.500	3423804.500	703.103
1388701.750	3324545.250	686.359
1499815.750	3508642.500	669.614
1732745.250	3641433.500	652.869
1846421.500	3560181.000	636.125
2053130.625	3562737.000	619.380
2148307.750	3658418.500	602.636
2284642.500	3696639.000	585.891
2434256.000	3618552.500	569.147
2532648.000	3731852.500	552.402
2742588.500	3870910.500	535.657
2947101.000	3873904.500	518.913
3275641.500	3956798.000	502.168
3524551.500	3924154.250	485.424
3588090.500	4103816.750	468.679
3950028.000	4006388.500	451.934
4369952.000	3800033.000	435.190
4789018.500	3698142.500	418.445
4869866.000	3534813.000	401.701
5084713.000	3198609.000	384.956
5172620.000	3034737.500	368.212
5379688.000	2871736.500	351.467
5502217.500	2845403.500	334.722
5755983.000	2565053.250	317.978
5971197.000	2422717.500	301.233
6178826.000	2067488.000	284.489
6257948.500	1919281.375	267.744
6597133.500	1614559.250	251.000
6543773.000	1161538.125	234.255
6547727.000	840862.938	217.510
6622663.500	708800.125	200.766
6478731.000	380976.250	184.021
6581971.500	288824.469	167.277
6653071.000	-148070.250	150.532
6753087.000	-235395.688	133.788
6978725.500	-476809.188	117.043
7006640.000	-812993.500	100.298
7104478.000	-1274695.250	83.554
7055005.500	-1906391.250	66.809
6978856.000	-2381402.000	50.065
6750855.000	-2752042.250	33.320
6280000.000	-3266339.000	16.576
6026623.000	-3586130.250	-0.169
5498339.500	-3788045.000	-16.914
5238662.000	-3921096.250	-33.658
4861838.000	-4088637.500	-50.403
4459895.000	-4014032.500	-67.147
4273605.000	-4120970.750	-83.892
3814625.750	-4076804.000	-100.636
3691921.500	-4094823.500	-117.381
3311165.500	-4224157.000	-134.126
3056857.000	-4206466.500	-150.870
2771776.500	-4150755.500	-167.615
2548872.000	-4069801.250	-184.359
2317959.000	-4041783.500	-201.104
2144904.000	-3903643.250	-217.849
2005647.500	-3801983.750	-234.593
1864811.500	-3688388.000	-251.338
1710163.500	-3579888.250	-268.082
1535022.000	-3473133.000	-284.827
1432954.250	-3429529.000	-301.571
1375917.500	-3182183.000	-318.316
1315494.000	-3288134.000	-335.061
1215958.750	-3142497.000	-351.805
1069316.750	-3045240.500	-368.550
1133742.500	-3046394.000	-385.294
1009509.875	-2863009.500	-402.039
1011226.000	-2843102.500	-418.783
863418.875	-2856402.000	-435.528
847008.000	-2708955.250	-452.273
791227.375	-2580012.250	-469.017
735427.250	-2629687.000	-485.762
684744.250	-2582445.750	-502.506
629424.000	-2471733.250	-519.251
602632.188	-2482183.750	-535.995
538426.813	-2338488.500	-552.740
489380.094	-2329715.500	-569.485
522173.375	-2359543.500	-586.229
474549.031	-2129019.750	-602.974
520519.406	-2201770.250	-619.718
386945.000	-2145624.000	-636.463
403252.781	-2011842.000	-653.207
326249.281	-2006138.750	-669.952
300926.813	-1939132.625	-686.697
278143.188	-1880956.625	-703.441
242472.125	-1875103.750	-720.186
323439.719	-1806147.000	-736.930
302364.094	-1730335.250	-753.675
169657.516	-1742075.500	-770.420
278772.000	-1644706.625	-787.164
163497.531	-1708900.250	-803.909
243794.328	-1542597.750	-820.653
270943.688	-1549887.750	-837.398
265162.625	-1474939.250	-854.142
239423.391	-1526349.750	-870.887
224995.828	-1502606.000	-887.632
388169.500	-1385236.375	-904.376
261346.813	-1384617.250	-921.121
223221.063	-1322199.750	-937.865
273517.344	-1375136.625	-954.610
148910.813	-1307832.500	-971.354
261079.656	-1238949.750	-988.099
234689.125	-1271260.750	-1004.844
167638.531	-1260219.500	-1021.588
247714.188	-1295768.375	-1038.333
187159.906	-1196121.250	-1055.077
301356.156	-1219394.750	-1071.822
259327.203	-1229109.750	-1088.566
260222.688	-1118169.125	-1105.311
160452.938	-1081845.500	-1122.056
170644.578	-1117442.125	-1138.800
231039.719	-1121453.625	-1155.545
143012.813	-1082061.250	-1172.289
355643.219	-1042006.625	-1189.034
286704.625	-1098671.875	-1205.778
187670.250	-1116239.750	-1222.523
241570.969	-929440.000	-1239.268
211842.797	-940986.188	-1256.012
216040.031	-935244.125	-1272.757
270350.688	-953751.250	-1289.501
213431.047	-953866.375	-1306.246
196324.984	-905168.375	-1322.990
221326.703	-889543.250	-1339.735
236435.094	-990581.625	-1356.480
262057.297	-900180.375	-1373.224
186376.797	-917096.000	-1389.969
234809.297	-871759.625	-1406.713
298744.750	-928613.688	-1423.458
289624.313	-784216.250	-1440.203
329113.844	-885186.125	-1456.947
245237.172	-908665.813	-1473.692
277199.594	-974549.813	-1490.436
240917.953	-799976.250	-1507.181
263042.656	-917088.500	-1523.925
192593.125	-826690.375	-1540.670
191768.516	-739597.500	-1557.415
326014.719	-685178.000	-1574.159
290573.844	-907177.438	-1590.904
172076.016	-760028.063	-1607.648
302729.438	-736138.375	-1624.393
227928.813	-763960.313	-1641.137
228727.703	-782180.250	-1657.882
186821.828	-784038.125	-1674.627
236948.219	-702319.563	-1691.371
227708.922	-727483.875	-1708.116
228319.328	-789767.375	-1724.860
316934.250	-750672.188	-1741.605
239528.703	-789327.500	-1758.349
250659.594	-636603.688	-1775.094
188004.688	-663430.625	-1791.839
267590.438	-749055.375	-1808.583
196134.844	-711961.125	-1825.328
293688.938	-673838.125	-1842.072
297922.531	-688564.000	-1858.817
226805.984	-717483.750	-1875.561
236630.938	-632351.625	-1892.306
200432.313	-732822.188	-1909.051
238558.656	-703819.000	-1925.795
223836.938	-711848.000	-1942.540
262553.500	-650535.000	-1959.284
180820.297	-641740.750	-1976.029
208128.625	-530818.750	-1992.774
224888.063	-630450.875	-2009.518
213230.109	-648341.625	-2026.263
248088.297	-636070.125	-2043.007
181213.391	-571411.000	-2059.752
253999.109	-544992.625	-2076.496
264141.375	-596319.875	-2093.241
120830.469	-603552.875	-2109.986
166449.250	-539016.000	-2126.730
95751.547	-596237.000	-2143.475
228265.422	-521174.469	-2160.219
163623.625	-595685.375	-2176.964
243391.266	-590963.125	-2193.708
182303.203	-514067.063	-2210.453
127069.703	-464737.125	-2227.198
126241.336	-589008.125	-2243.942
302813.438	-529904.750	-2260.687
279094.594	-429577.469	-2277.431
244016.453	-587909.500	-2294.176
212906.156	-463217.125	-2310.920
256133.703	-503227.313	-2327.665
303799.031	-446054.750	-2344.410
245934.813	-427591.000	-2361.154
212515.172	-526671.375	-2377.899
272237.469	-519361.813	-2394.643
257213.953	-496162.469	-2411.388
227260.750	-426160.531	-2428.132
234284.063	-424444.063	-2444.877
221145.594	-543112.875	-2461.622
243257.969	-387513.688	-2478.366
313294.219	-453390.469	-2495.111
273242.125	-385596.250	-2511.855
328779.625	-459900.250	-2528.600
327904.219	-407250.094	-2545.345
271711.094	-379809.875	-2562.089
232781.984	-444818.781	-2578.834
210835.938	-453167.188	-2595.578
207984.125	-422028.563	-2612.323
332652.969	-400311.500	-2629.067
246609.266	-473069.813	-2645.812
269550.219	-390054.313	-2662.557
277503.469	-532851.563	-2679.301
213927.203	-443931.063	-2696.046
302818.594	-441705.188	-2712.790
334875.844	-499844.656	-2729.535
295125.250	-448548.313	-2746.279
255219.281	-493312.438	-2763.024
230446.609	-505682.188	-2779.769
223618.406	-369718.563	-2796.513
236814.313	-413722.000	-2813.258
196787.953	-367333.031	-2830.002
216619.906	-386683.844	-2846.747
217443.234	-426926.531	-2863.491
209181.250	-417158.813	-2880.236
327064.719	-370033.969	-2896.981
256941.656	-327949.375	-2913.725
318272.813	-393779.500	-2930.470
224768.438	-417936.156	-2947.214
268163.750	-329948.594	-2963.959
315957.406	-480120.406	-2980.703
241818.797	-400211.469	-2997.448
281399.875	-372951.969	-3014.193
322776.469	-439453.781	-3030.937
236697.703	-422800.031	-3047.682
302707.844	-385490.563	-3064.426
233632.250	-432731.469	-3081.171
278534.969	-369726.375	-3097.915
279560.531	-323842.844	-3114.660
300183.125	-330983.000	-3131.405
228838.172	-393116.406	-3148.149
197847.984	-395838.094	-3164.894
250315.813	-391379.938	-3181.638
228635.734	-449298.156	-3198.383
178127.906	-353152.750	-3215.128
215149.141	-374202.469	-3231.872
263546.969	-238882.563	-3248.617
252160.359	-398813.125	-3265.361
247235.250	-338181.188	-3282.106
261925.344	-357814.563	-3298.850
273695.750	-292669.375	-3315.595
264059.063	-343563.625	-3332.340
181662.250	-299072.656	-3349.084
297831.250	-385689.063	-3365.829
172857.375	-295502.875	-3382.573
282344.875	-362500.344	-3399.318
282838.688	-397366.750	-3416.062
244810.688	-291664.688	-3432.807
198662.438	-419009.813	-3449.552
178525.063	-409965.656	-3466.296
256583.969	-271252.125	-3483.041
201454.500	-269164.250	-3499.785
231358.219	-279769.438	-3516.530
225085.453	-296485.219	-3533.274
263039.031	-282790.469	-3550.019
326974.875	-293307.625	-3566.764
193071.656	-305927.125	-3583.508
261877.813	-243370.469	-3600.253
230327.938	-284488.188	-3616.997
256478.156	-287625.500	-3633.742
303568.406	-362287.406	-3650.486
360323.063	-239202.266	-3667.231
169644.688	-260795.750	-3683.976
271553.719	-325189.000	-3700.720
192657.016	-266186.125	-3717.465
217071.969	-306185.500	-3734.209
248624.844	-278141.781	-3750.954
153729.453	-307593.094	-3767.699
188592.609	-292717.750	-3784.443
293585.000	-239104.094	-3801.188
302408.938	-260996.406	-3817.932
312697.719	-230237.109	-3834.677
258550.391	-341522.750	-3851.421
175999.000	-370216.625	-3868.166
281889.156	-216093.703	-3884.911
293203.969	-276364.875	-3901.655
194161.156	-273789.875	-3918.400
290590.313	-221369.969	-3935.144
273449.219	-208942.141	-3951.889
243752.766	-293235.719	-3968.633
381963.406	-292984.094	-3985.378
194822.484	-233307.078	-4002.123
256365.734	-301601.031	-4018.867
319137.563	-190723.859	-4035.612
278260.969	-234804.813	-4052.356
204861.219	-287560.188	-4069.101
240523.188	-267272.125	-4085.845
292639.250	-204779.875	-4102.590
198989.625	-291391.844	-4119.335
315526.375	-282938.188	-4136.079
303760.875	-221959.359	-4152.824
306285.875	-215770.359	-4169.568
246359.938	-227141.453	-4186.313
146839.719	-232814.734	-4203.057
299574.281	-254450.438	-4219.802
245966.125	-206977.750	-4236.547
269524.719	-268902.875	-4253.291
183243.781	-241568.125	-4270.036
204522.000	-287789.375	-4286.780
319484.594	-254897.125	-4303.525
177353.766	-213058.875	-4320.269
261520.625	-368556.563	-4337.014
264448.094	-169518.250	-4353.759
226020.906	-173614.719	-4370.503
160628.406	-199037.109	-4387.248
288173.125	-188788.203	-4403.992
367422.813	-271807.906	-4420.737
242874.734	-177241.063	-4437.482
269191.875	-207627.031	-4454.226
289827.031	-257952.750	-4470.971
205881.453	-217049.594	-4487.715
214132.219	-192648.125	-4504.460
235128.281	-238805.844	-4521.204
249751.906	-306393.969	-4537.949
195369.297	-266897.000	-4554.694
232383.219	-237699.938	-4571.438
319735.469	-218203.688	-4588.183
205119.953	-182244.891	-4604.927
238443.891	-215104.188	-4621.672
295637.063	-188095.531	-4638.416
164978.828	-145479.453	-4655.161
289306.063	-154639.906	-4671.906
219318.188	-196507.641	-4688.650
294309.594	-159774.188	-4705.395
264609.000	-174638.016	-4722.139
211919.078	-164072.297	-4738.884
250896.844	-176895.672	-4755.628
355403.938	-232858.250	-4772.373
310784.375	-218771.156	-4789.118
275088.906	-193735.891	-4805.862
286131.938	-132703.688	-4822.607
234601.688	-200947.656	-4839.351
317839.156	-113796.156	-4856.096
345916.094	-266732.656	-4872.840
201218.781	-152318.859	-4889.585
220688.563	-155001.656	-4906.330
292605.938	-275736.781	-4923.074
326331.094	-193830.719	-4939.819
245011.266	-196832.000	-4956.563
225762.734	-283660.875	-4973.308
220487.781	-138145.594	-4990.053
248946.703	-185458.750	-5006.797
163292.031	-182736.344	-5023.542
175227.953	-127297.266	-5040.286
235102.156	-149679.266	-5057.031
316266.688	-213704.094	-5073.775
285936.531	-155022.234	-5090.520
193836.281	-193547.938	-5107.265
271470.938	-193973.625	-5124.009
267391.938	-129814.969	-5140.754
258498.188	-151221.969	-5157.498
132740.063	-130173.563	-5174.243
256479.422	-191753.125	-5190.987
269185.406	-151715.828	-5207.732
228385.016	-198026.750	-5224.477
227114.406	-146865.344	-5241.221
255786.391	-122402.016	-5257.966
169187.156	-180012.688	-5274.710
343290.156	-147345.734	-5291.455
275409.406	-188962.047	-5308.199
299750.375	-135666.625	-5324.944
276167.156	-130760.609	-5341.689
256658.984	-202276.969	-5358.433
309881.063	-274226.188	-5375.178
316271.281	-133100.641	-5391.922
221689.938	-106907.156	-5408.667
225673.750	-148656.828	-5425.411
224420.797	-128577.031	-5442.156
286231.344	-72195.344	-5458.901
341155.719	-201702.953	-5475.645
320847.750	-142611.078	-5492.390
258227.625	-216196.813	-5509.134
264653.156	-122745.813	-5525.879
223841.813	-119075.000	-5542.623
220325.297	-209170.469	-5559.368
266289.250	-102126.344	-5576.113
251652.953	-144034.516	-5592.857
218096.516	-109168.594	-5609.602
195967.547	-164609.656	-5626.346
303928.813	-141569.438	-5643.091
291579.563	-216785.844	-5659.836
242583.609	-72644.422	-5676.580
227766.547	-139022.844	-5693.325
195647.391	-143873.484	-5710.069
361496.625	-151084.438	-5726.814
232186.906	-127587.844	-5743.558
242740.797	-136850.313	-5760.303
172701.234	-76784.344	-5777.048
291858.750	-112708.625	-5793.792
287876.469	-127761.344	-5810.537
183599.641	-107554.719	-5827.281
275594.500	-107298.266	-5844.026
226250.734	-218014.938	-5860.770
268513.344	-113322.125	-5877.515
255775.859	-84007.469	-5894.260
279214.156	-64383.563	-5911.004
246661.141	-157944.453	-5927.749
221191.094	-131869.219	-5944.493
209021.266	-118178.500	-5961.238
260547.766	-130862.375	-5977.982
257036.609	-61665.063	-5994.727
307889.719	-170263.922	-6011.472
290528.313	-161049.844	-6028.216
288655.625	-130887.281	-6044.961
260237.938	-186857.172	-6061.705
179713.969	-120457.063	-6078.450
209912.625	-209913.063	-6095.194
220166.234	-114547.313	-6111.939
229508.875	-53383.219	-6128.684
162700.844	-98063.906	-6145.428
285515.938	-91038.594	-6162.173
275597.594	-82728.188	-6178.917
244513.375	-75399.125	-6195.662
328746.875	-114835.906	-6212.407
212452.125	-100706.063	-6229.151
237663.188	-152506.688	-6245.896
262717.844	-28794.781	-6262.640
285305.344	-230234.641	-6279.385
246830.391	-59349.563	-6296.129
230719.109	-25807.281	-6312.874
284193.750	-17896.781	-6329.619
254899.781	-50448.125	-6346.363
247469.250	-139342.938	-6363.108
259427.797	-165799.969	-6379.852
270477.781	-72801.281	-6396.597
275192.344	-28162.281	-6413.341
207128.563	-49504.094	-6430.086
209840.656	-85653.750	-6446.831
270465.656	-51977.625	-6463.575
253960.422	-92786.313	-6480.320
269257.750	-133367.766	-6497.064
248702.563	-86282.250	-6513.809
279174.250	-33647.125	-6530.553
275437.344	-62558.031	-6547.298
291220.500	-199766.688	-6564.043
275577.469	-122386.500	-6580.787
303780.563	-86193.875	-6597.532
185585.156	-145601.438	-6614.276
216391.875	-105720.156	-6631.021
255397.063	-101834.031	-6647.765
249242.188	-67575.000	-6664.510
231206.953	-78193.563	-6681.255
258692.594	-11058.813	-6697.999
232827.281	-14195.563	-6714.744
310182.313	-131941.500	-6731.488
272279.344	-70552.000	-6748.233
239791.578	-118341.969	-6764.977
241014.938	-27594.094	-6781.722
214544.484	-93514.469	-6798.467
262405.406	-49300.531	-6815.211
245638.031	-65294.656	-6831.956
271643.938	-96015.594	-6848.700
180762.953	-92235.344	-6865.445
261555.813	-55928.250	-6882.190
246265.563	-43313.563	-6898.934
213853.094	-45534.750	-6915.679
243670.750	-73767.094	-6932.423
263852.844	-85191.063	-6949.168
260071.281	-84732.406	-6965.912
282232.750	-108156.125	-6982.657
265131.063	-107301.125	-6999.402
198966.266	-30574.563	-7016.146
273317.406	-12980.125	-7032.891
235204.625	-35237.000	-7049.635
273903.063	-37323.406	-7066.380
256302.688	-19260.438	-7083.124
283821.594	-79174.594	-7099.869
256000.375	-31435.313	-7116.614
294876.781	-23617.438	-7133.358
274021.875	-56420.313	-7150.103
255116.531	-65407.813	-7166.847
240729.578	-63080.313	-7183.592
257348.188	-69867.375	-7200.336
229398.031	-132350.500	-7217.081
242504.828	-64371.875	-7233.826
284720.469	-25350.500	-7250.570
258141.188	-30121.563	-7267.315
244166.422	-90715.250	-7284.059
267889.156	-67064.688	-7300.804
217146.688	-21619.938	-7317.548
267130.781	-136907.875	-7334.293
183651.875	-56106.125	-7351.038
244821.922	21018.500	-7367.782
215804.531	-44976.188	-7384.527
288535.813	-23002.375	-7401.271
246279.891	-124479.125	-7418.016
272212.156	-74602.500	-7434.761
246451.859	10175.688	-7451.505
289041.563	1732.750	-7468.250
278941.125	-48580.625	-7484.994
191442.313	-42256.813	-7501.739
245166.406	21560.063	-7518.483
254831.750	-54098.625	-7535.228
263152.563	-30074.813	-7551.973
254411.875	-13156.938	-7568.717
246965.531	-55027.875	-7585.462
287757.406	-19901.250	-7602.206
205113.922	-3974.875	-7618.951
282189.688	-38463.375	-7635.695
213155.594	-13798.875	-7652.440
219492.391	9024.500	-7669.185
242881.953	19188.000	-7685.929
311553.938	-92370.500	-7702.674
269600.219	-11363.750	-7719.418
294832.375	-47807.750	-7736.163
303390.688	-45865.375	-7752.907
165976.688	-110603.750	-7769.652
226278.875	-6477.500	-7786.397
238471.625	-30940.750	-7803.141
234636.094	-6362.625	-7819.886
254544.000	-22.000	-7836.630
267053.719	-31750.875	-7853.375
246800.063	-24763.625	-7870.119
222214.188	6433.250	-7886.864
255890.313	-25458.125	-7903.609
245956.250	29459.375	-7920.353
180254.000	-31473.250	-7937.098
203395.125	-10518.625	-7953.842
261403.500	-26006.375	-7970.587
315051.375	7899.625	-7987.332
299473.125	9849.250	-8004.076
272369.625	-89949.875	-8020.821
290859.500	58146.875	-8037.565
167632.375	31563.250	-8054.310
209723.750	-25468.250	-8071.054
265587.875	1043.250	-8087.799
337482.875	-75511.250	-8104.544
301237.500	-45720.500	-8121.288
209230.875	37463.000	-8138.033
310009.000	27140.375	-8154.777
236090.750	-40783.375	-8171.522
247354.750	2653.125	-8188.266
250236.750	-10645.375	-8205.011
284949.750	47816.625	-8221.756
216702.000	-20422.625	-8238.500
285851.750	879.750	-8255.245
253160.750	-15679.000	-8271.989
260256.750	-70794.063	-8288.734
224848.500	11351.125	-8305.478
371063.500	53620.313	-8322.223
267124.000	-33494.125	-8338.968
211422.000	6880.813	-8355.712
248009.500	57818.500	-8372.457
245552.750	-28130.203	-8389.201
202694.500	-46412.539	-8405.946
220005.750	21146.320	-8422.690
304326.000	56554.281	-8439.435
201981.500	11826.609	-8456.180
322798.250	8484.125	-8472.924
224005.250	-15298.563	-8489.669
257096.500	33674.938	-8506.413
244992.250	-3390.375	-8523.158
286566.750	33633.250	-8539.902
246567.750	-23218.000	-8556.647
