Data Point Listing of File C:\NTNMR\data\Dan\LiMnPO4\[100]\Li7 [100] 45deg.tnt
Starting Point:	1	Ending Point:	1024
Real	Imag	ppm
136292.797	22840.537	8573.054
179939.969	26112.959	8556.309
156622.641	16791.006	8539.564
192586.781	51219.637	8522.820
166006.453	-18893.037	8506.075
144957.313	-27061.959	8489.331
127544.391	-52391.863	8472.586
215074.891	4711.948	8455.842
237111.188	-83333.891	8439.097
125452.289	26664.531	8422.352
192145.563	-15349.656	8405.608
156445.734	-5606.871	8388.863
135488.078	17020.664	8372.119
178309.172	-54305.859	8355.374
185708.453	939.402	8338.630
176720.500	-51223.160	8321.885
177500.281	-42885.223	8305.140
169968.172	10724.951	8288.396
176101.938	-35588.793	8271.651
115610.719	43032.410	8254.907
137840.484	34182.070	8238.162
151467.281	-37747.141	8221.417
194964.750	-25300.230	8204.673
118393.656	13548.162	8187.928
170168.688	-6209.860	8171.184
136777.000	-4452.993	8154.439
162970.141	-38954.754	8137.695
208859.313	-23631.525	8120.950
159594.938	4592.874	8104.205
149425.359	24307.551	8087.461
238516.328	-58505.191	8070.716
131216.297	-27703.928	8053.972
231549.750	45074.648	8037.227
167078.609	31116.365	8020.483
129322.328	48031.047	8003.738
215046.203	25580.018	7986.993
98419.117	23001.242	7970.249
189906.391	17090.504	7953.504
185674.828	-35917.746	7936.760
158907.484	-8165.045	7920.015
232014.047	-17127.348	7903.271
189683.703	62541.895	7886.526
165971.422	-3161.518	7869.781
178857.297	-31900.449	7853.037
150827.109	-36431.348	7836.292
107554.648	-37320.738	7819.548
181799.109	-10775.222	7802.803
117941.180	41138.699	7786.059
112335.477	-43320.434	7769.314
123679.281	7433.351	7752.569
186791.516	-2288.884	7735.825
137420.141	34540.031	7719.080
145937.547	4087.771	7702.336
164101.750	34871.711	7685.591
217569.422	-63694.352	7668.846
140529.750	20619.566	7652.102
129419.617	3523.964	7635.357
121401.750	-5923.134	7618.613
176144.578	-52793.461	7601.868
148409.766	28138.188	7585.124
194777.578	-20.435	7568.379
151004.031	-422.470	7551.634
157147.594	-1744.158	7534.890
129102.219	17348.896	7518.145
145282.109	34917.648	7501.401
191795.250	-12422.238	7484.656
120420.836	54291.695	7467.912
113326.781	-40375.496	7451.167
175659.656	77286.570	7434.422
149342.375	9652.656	7417.678
225805.953	9101.006	7400.933
196836.391	34893.844	7384.189
163082.391	-12258.589	7367.444
178271.234	49178.324	7350.700
199700.703	-6230.663	7333.955
134570.016	20342.209	7317.210
159581.656	5424.667	7300.466
125108.445	60382.801	7283.721
189515.234	110917.414	7266.977
135718.891	33150.398	7250.232
189528.875	100656.195	7233.488
72809.789	-53216.391	7216.743
138687.453	56130.148	7199.998
135494.031	62577.102	7183.254
134607.250	52156.383	7166.509
178612.828	69782.523	7149.765
76521.383	90037.336	7133.020
154493.531	-2252.179	7116.275
160567.672	137093.906	7099.531
125746.391	-27872.674	7082.786
147449.750	-10446.814	7066.042
172838.453	95525.211	7049.297
146627.547	-9631.038	7032.553
145759.172	75858.289	7015.808
196843.453	23253.598	6999.063
122193.617	6101.982	6982.319
173733.938	37823.563	6965.574
177601.125	53614.734	6948.830
126459.977	41893.949	6932.085
213551.266	72400.305	6915.341
152883.313	4243.937	6898.596
165458.281	33181.750	6881.851
213293.891	94050.188	6865.107
172399.500	33413.855	6848.362
174953.844	-6482.889	6831.618
209549.969	21605.764	6814.873
203699.000	61260.027	6798.129
124619.195	28934.352	6781.384
244977.500	56511.164	6764.639
230662.641	20460.145	6747.895
205257.516	-47643.902	6731.150
203635.234	-20134.119	6714.406
163027.516	64541.645	6697.661
172033.344	29143.188	6680.917
143485.297	51199.680	6664.172
122047.211	76994.250	6647.427
154497.047	8561.018	6630.683
163236.953	106881.758	6613.938
187648.688	31576.232	6597.194
140018.719	65740.070	6580.449
201474.922	34858.070	6563.705
174430.250	29107.285	6546.960
143461.563	34386.410	6530.215
78049.258	-6521.953	6513.471
185003.859	32682.865	6496.726
134181.891	66030.609	6479.982
218388.953	74839.086	6463.237
147839.016	54573.879	6446.492
91011.484	48766.594	6429.748
151373.016	30233.473	6413.003
90253.438	51835.547	6396.259
191756.594	45892.109	6379.514
139774.594	76142.695	6362.770
108845.969	105768.031	6346.025
125321.617	82617.281	6329.280
159305.750	70150.008	6312.536
112193.578	26778.084	6295.791
96364.109	104987.500	6279.047
197227.297	57753.199	6262.302
210911.328	85760.102	6245.558
180350.219	49875.203	6228.813
190694.063	32562.055	6212.068
154103.641	92797.727	6195.324
140422.688	125176.648	6178.579
143341.875	14630.830	6161.835
155633.203	92102.977	6145.090
239715.563	10293.488	6128.346
111809.773	61113.621	6111.601
176625.125	65381.176	6094.856
213558.063	19562.076	6078.112
183077.219	85046.594	6061.367
74251.070	27111.605	6044.623
254746.563	42844.914	6027.878
124385.898	-12994.820	6011.134
230421.000	22852.775	5994.389
169040.375	60101.648	5977.644
128470.977	21226.529	5960.900
168299.875	113739.359	5944.155
219548.172	25753.756	5927.411
107097.992	62690.023	5910.666
174793.797	42493.289	5893.921
152370.344	80405.805	5877.177
102386.281	93552.758	5860.432
180200.172	123547.180	5843.688
127422.336	33171.242	5826.943
161334.828	160951.484	5810.199
72131.516	89186.492	5793.454
174113.406	94302.047	5776.709
122028.008	113096.359	5759.965
110533.383	36237.773	5743.220
114048.438	-20369.826	5726.476
146415.813	73758.305	5709.731
155834.719	-48637.215	5692.987
204162.500	165755.313	5676.242
92994.656	143049.406	5659.497
169499.969	138261.984	5642.753
165281.688	84022.500	5626.008
179800.656	93538.813	5609.264
224657.844	153188.563	5592.519
165491.688	38730.371	5575.775
207818.594	74747.813	5559.030
211721.906	125121.664	5542.285
121174.648	137580.219	5525.541
197485.703	138515.547	5508.796
107463.766	110325.961	5492.052
140423.359	81755.523	5475.307
109814.461	137496.906	5458.563
177465.641	105217.805	5441.818
62499.977	24215.195	5425.073
144274.938	118009.117	5408.329
112318.156	54716.059	5391.584
93008.680	-4495.038	5374.840
161328.734	112489.344	5358.095
129888.102	181486.031	5341.351
135173.844	102822.695	5324.606
179686.844	67821.656	5307.861
165845.391	62583.199	5291.117
249216.547	58680.648	5274.372
196104.234	53566.215	5257.628
176761.656	136720.344	5240.883
133588.406	125500.453	5224.138
105170.875	62654.090	5207.394
184216.125	93703.352	5190.649
145678.688	165601.781	5173.905
220948.578	161320.938	5157.160
217722.813	56329.184	5140.416
82147.055	138041.484	5123.671
201137.313	134884.359	5106.926
119985.883	40985.313	5090.182
180614.359	140864.625	5073.437
196057.172	63047.484	5056.693
197370.938	92904.070	5039.948
168409.609	118304.703	5023.204
157861.516	151156.406	5006.459
134611.391	164774.906	4989.714
305024.813	164060.328	4972.970
120445.453	86581.594	4956.225
150999.938	130253.711	4939.481
199764.594	48184.758	4922.736
132805.531	138409.578	4905.992
154613.156	192489.141	4889.247
189003.391	92462.805	4872.502
263301.625	53569.156	4855.758
86015.070	130964.680	4839.013
225423.047	71862.438	4822.269
225491.969	129440.992	4805.524
83787.000	42773.508	4788.780
130738.453	175778.938	4772.035
131154.281	88879.242	4755.290
101609.734	20574.035	4738.546
110007.141	128001.016	4721.801
168725.625	149282.750	4705.057
199943.234	195694.078	4688.312
158356.938	38312.813	4671.567
146330.172	101805.570	4654.823
136807.438	125453.391	4638.078
175671.922	45721.426	4621.334
263595.438	159215.453	4604.589
157903.438	61463.480	4587.845
165959.594	155641.922	4571.100
120415.430	144445.422	4554.355
134246.719	167792.281	4537.611
185674.344	129673.008	4520.866
128489.125	147014.250	4504.122
127137.016	99494.273	4487.377
134540.391	45129.148	4470.633
165636.000	144543.141	4453.888
106393.563	129626.484	4437.143
110352.266	119930.695	4420.399
194776.578	149040.328	4403.654
99869.828	84429.164	4386.910
118564.398	75029.656	4370.165
199251.688	138224.875	4353.421
132834.672	191993.609	4336.676
176392.891	111932.352	4319.931
75907.438	92068.633	4303.187
164706.906	114713.930	4286.442
128301.180	131607.656	4269.698
127085.391	172945.266	4252.953
117966.813	237202.438	4236.209
226004.281	232331.391	4219.464
122210.742	156843.438	4202.719
191373.484	118902.023	4185.975
186467.469	136792.156	4169.230
139839.328	200934.906	4152.486
63780.305	127098.195	4135.741
147247.219	182033.984	4118.997
154767.000	164196.078	4102.252
301970.500	113160.031	4085.507
117571.133	145264.078	4068.763
109596.508	198996.469	4052.018
158186.719	146513.906	4035.274
143349.984	204549.359	4018.529
163269.516	104912.469	4001.784
115965.539	225742.500	3985.040
241051.500	193084.531	3968.295
208086.063	113152.211	3951.551
130082.969	165583.625	3934.806
98776.297	152662.219	3918.062
61370.324	212757.797	3901.317
197081.188	173426.750	3884.572
197046.516	240353.406	3867.828
153469.984	195313.328	3851.083
232921.406	208944.672	3834.339
124911.039	189602.813	3817.594
236713.094	140829.516	3800.850
189246.500	190631.453	3784.105
57036.742	181525.109	3767.360
146187.453	211429.078	3750.616
178784.750	139350.641	3733.871
142397.219	99308.367	3717.127
127832.984	175293.594	3700.382
124515.031	163685.172	3683.638
128623.188	221396.531	3666.893
179496.063	144068.047	3650.148
172597.266	269567.219	3633.404
140916.094	266479.625	3616.659
174569.938	222317.938	3599.915
128054.125	185312.391	3583.170
168130.813	193768.578	3566.426
165958.469	217136.375	3549.681
157804.672	138262.625	3532.936
205505.969	147217.156	3516.192
135889.594	226400.109	3499.447
156670.172	183796.391	3482.703
252096.672	191845.063	3465.958
146325.281	71651.406	3449.213
142265.109	235692.734	3432.469
148030.813	106158.273	3415.724
187128.688	239250.750	3398.980
214578.266	260719.391	3382.235
339535.313	176953.281	3365.491
144330.844	260691.531	3348.746
216260.109	229087.438	3332.001
334196.094	257979.984	3315.257
155498.625	288484.156	3298.512
197882.656	135547.891	3281.768
145713.063	256871.094	3265.023
71015.648	267572.250	3248.279
146144.000	111517.813	3231.534
167252.359	206957.609	3214.789
93609.930	170757.438	3198.045
184357.375	188161.141	3181.300
166934.141	188908.734	3164.556
180138.250	162324.859	3147.811
215410.297	205853.828	3131.067
168769.656	180127.656	3114.322
237694.094	154263.734	3097.577
214843.313	164163.125	3080.833
128824.969	204367.156	3064.088
230583.984	248812.313	3047.344
168807.000	253329.219	3030.599
159098.844	220115.750	3013.855
40875.680	215396.625	2997.110
94120.922	208440.797	2980.365
118331.648	265187.125	2963.621
115695.570	177419.984	2946.876
209995.953	251709.016	2930.132
187542.125	176200.391	2913.387
140148.563	210882.781	2896.642
191508.922	279196.563	2879.898
206943.078	237336.875	2863.153
68442.875	129896.117	2846.409
143224.688	157753.859	2829.664
246036.922	325320.313	2812.920
71758.672	299836.469	2796.175
165768.453	241456.859	2779.430
146005.813	280769.563	2762.686
125635.016	228717.953	2745.941
141306.500	137929.047	2729.197
175467.016	198551.859	2712.452
80538.359	284760.000	2695.708
249023.359	222723.828	2678.963
179974.703	259602.094	2662.218
134272.641	241886.156	2645.474
190165.359	252199.656	2628.729
176831.328	261389.563	2611.985
211774.109	187827.859	2595.240
210289.750	316739.750	2578.496
122583.672	289313.375	2561.751
124896.531	234127.531	2545.006
118136.563	333731.219	2528.262
164703.000	283697.156	2511.517
187332.391	236245.094	2494.773
183944.109	274680.250	2478.028
238532.531	295186.188	2461.284
88311.539	314377.500	2444.539
73097.484	195857.563	2427.794
105839.656	353369.094	2411.050
211097.953	282188.063	2394.305
202816.172	283340.031	2377.561
101315.836	304267.531	2360.816
135240.344	317987.125	2344.072
114677.727	327573.656	2327.327
243097.000	228878.906	2310.582
133102.438	267257.688	2293.838
140413.125	319462.500	2277.093
164865.641	310881.594	2260.349
252897.906	292642.719	2243.604
93852.008	268713.281	2226.859
43272.367	202235.859	2210.115
192543.688	404862.250	2193.370
207022.453	306777.813	2176.626
175729.875	377504.969	2159.881
136695.813	380949.969	2143.137
170819.703	386145.938	2126.392
246837.594	259624.141	2109.647
89871.992	334328.531	2092.903
167366.141	345455.375	2076.158
233283.047	213482.547	2059.414
181301.500	248722.422	2042.669
232008.281	324556.938	2025.925
129162.242	313116.344	2009.180
129580.547	359002.688	1992.435
43393.313	260325.328	1975.691
206097.531	374616.500	1958.946
173653.609	280625.344	1942.202
165472.953	330601.938	1925.457
143868.500	371707.500	1908.713
161718.672	304959.875	1891.968
186263.750	391356.344	1875.223
200259.578	371735.406	1858.479
139607.609	297883.813	1841.734
127863.164	344925.344	1824.990
100922.516	400409.625	1808.245
150082.094	406680.063	1791.501
140523.016	359064.844	1774.756
216393.719	429941.031	1758.011
182365.250	257551.375	1741.267
114063.539	472621.906	1724.522
133471.859	333285.250	1707.778
194469.906	424209.063	1691.033
247083.531	413352.906	1674.288
118078.086	459221.625	1657.544
68709.820	385543.313	1640.799
238987.813	374268.688	1624.055
115635.328	396897.938	1607.310
150092.891	438431.250	1590.566
136969.969	330162.063	1573.821
194952.156	349259.188	1557.076
148295.719	426688.313	1540.332
196270.203	387389.500	1523.587
112007.836	312421.969	1506.843
53176.941	469772.406	1490.098
141054.203	391493.781	1473.354
197085.531	496183.938	1456.609
235506.063	440907.500	1439.864
136713.813	443220.781	1423.120
170112.563	518015.469	1406.375
48180.293	493001.156	1389.631
132811.672	520873.313	1372.886
160642.219	468391.406	1356.142
231313.516	446652.188	1339.397
178852.469	481171.844	1322.652
126001.805	464144.156	1305.908
93956.711	525593.625	1289.163
141065.906	456847.625	1272.419
160941.484	502852.344	1255.674
137497.688	436189.156	1238.930
265883.375	570663.813	1222.185
181306.469	487337.875	1205.440
65840.922	524582.625	1188.696
69763.977	564183.625	1171.951
192025.359	523600.125	1155.207
195968.500	469020.250	1138.462
147765.328	469858.063	1121.718
149739.297	547828.688	1104.973
230502.063	620392.250	1088.228
172922.766	536328.875	1071.484
233097.750	501708.063	1054.739
115394.656	445099.188	1037.995
198055.078	568924.063	1021.250
161792.172	580155.250	1004.505
161213.641	547911.938	987.761
209751.500	659759.625	971.016
150037.594	624241.250	954.272
145680.984	657593.125	937.527
109697.555	679603.063	920.783
131322.328	688952.688	904.038
229749.422	678370.688	887.293
125158.508	542482.000	870.549
194200.219	723250.500	853.804
151978.719	628595.875	837.060
225180.750	642427.625	820.315
85732.914	671669.688	803.571
167511.516	726836.000	786.826
143855.438	646995.438	770.081
205554.031	658138.750	753.337
181796.047	681012.750	736.592
194185.281	742411.250	719.848
214218.750	762379.250	703.103
210128.594	709308.438	686.359
183346.109	721285.813	669.614
70985.656	719436.438	652.869
205026.375	848107.750	636.125
195906.984	809867.000	619.380
181263.984	742343.875	602.636
189697.172	855361.625	585.891
159978.031	884778.813	569.147
201740.828	891589.000	552.402
170701.047	869588.188	535.657
210906.625	803371.125	518.913
251375.656	877836.563	502.168
265721.063	925577.563	485.424
178804.984	906887.000	468.679
125116.586	863068.625	451.934
198349.516	885675.375	435.190
163094.703	914349.313	418.445
171399.953	1008582.938	401.701
150193.719	935572.250	384.956
189882.016	1025239.188	368.212
199929.969	1014937.875	351.467
212216.328	1011394.063	334.722
313893.813	1140841.625	317.978
291323.813	1148848.875	301.233
280947.875	1229404.375	284.489
257547.313	1118455.500	267.744
283254.531	1163824.500	251.000
227277.047	1228903.625	234.255
292463.500	1267485.125	217.510
329485.969	1298889.625	200.766
359686.063	1266820.750	184.021
315730.594	1268900.875	167.277
358054.500	1372526.000	150.532
427289.563	1321359.500	133.788
365548.500	1350815.875	117.043
348834.438	1413692.000	100.298
426452.031	1496544.375	83.554
356716.656	1594030.250	66.809
518947.969	1606500.375	50.065
427834.188	1573717.125	33.320
364534.875	1702643.625	16.576
497354.938	1774977.000	-0.169
571407.875	1847000.500	-16.914
608575.750	1791768.750	-33.658
566283.000	1895336.875	-50.403
761096.500	1971247.000	-67.147
775176.313	1994696.250	-83.892
812292.000	2081919.500	-100.636
915332.375	2053561.625	-117.381
1002839.438	2087719.250	-134.126
1139918.500	2149618.750	-150.870
1136557.375	2082833.375	-167.615
1154262.625	2078069.875	-184.359
1296958.875	2247427.250	-201.104
1435999.375	2195770.750	-217.849
1501813.750	2224232.750	-234.593
1614588.375	2353773.750	-251.338
1715458.125	2228274.250	-268.082
1820065.875	2167782.500	-284.827
1966549.375	2280538.250	-301.571
2034939.750	2273498.750	-318.316
2134660.250	2329447.250	-335.061
2256815.000	2223422.750	-351.805
2363356.000	2239344.250	-368.550
2522037.000	2286975.250	-385.294
2610045.500	2089010.375	-402.039
2748231.000	2251261.500	-418.783
3019812.750	2157863.000	-435.528
3176486.250	2167916.250	-452.273
3133436.250	1992564.875	-469.017
3314883.000	1942649.625	-485.762
3471294.250	1813259.500	-502.506
3689644.250	1710883.750	-519.251
3853510.000	1570447.500	-535.995
4033549.000	1616952.750	-552.740
4208986.000	1339756.500	-569.485
4357336.500	1133419.375	-586.229
4487500.000	922359.250	-602.974
4548212.500	726921.750	-619.718
4745462.000	352911.625	-636.463
4820181.000	123903.313	-653.207
4762154.000	-263894.750	-669.952
4789576.000	-536256.000	-686.697
4623060.500	-812198.375	-703.441
4602932.500	-1076619.500	-720.186
4588838.500	-1298577.250	-736.930
4426919.000	-1595422.125	-753.675
4311468.500	-1758889.625	-770.420
4083603.750	-2012762.750	-787.164
3916731.000	-2260548.750	-803.909
3774455.750	-2418448.000	-820.653
3505812.500	-2604183.750	-837.398
3107363.750	-2883894.750	-854.142
2951595.250	-2871530.000	-870.887
2636568.000	-2950130.750	-887.632
2347996.250	-2924692.250	-904.376
2096865.000	-2884157.250	-921.121
1826445.875	-2829391.500	-937.865
1722118.875	-2762388.250	-954.610
1501045.500	-2751690.500	-971.354
1434522.000	-2615125.750	-988.099
1408755.875	-2496334.500	-1004.844
1232854.625	-2420965.500	-1021.588
1212356.000	-2239459.250	-1038.333
1040670.625	-2250328.750	-1055.077
929533.375	-2304218.750	-1071.822
861328.625	-2145977.000	-1088.566
753168.688	-2106174.250	-1105.311
815143.625	-2009008.125	-1122.056
690274.250	-1943533.875	-1138.800
660411.750	-1962619.500	-1155.545
619622.875	-1841823.250	-1172.289
556214.688	-1712444.375	-1189.034
603204.688	-1842079.750	-1205.778
422777.406	-1681623.375	-1222.523
561126.625	-1681575.875	-1239.268
440531.625	-1642549.875	-1256.012
430315.875	-1620881.875	-1272.757
415078.063	-1520981.000	-1289.501
366595.594	-1418268.500	-1306.246
321308.406	-1471339.750	-1322.990
411908.000	-1426816.375	-1339.735
321707.313	-1410366.125	-1356.480
253788.484	-1309236.125	-1373.224
349595.375	-1269695.625	-1389.969
311707.688	-1244146.125	-1406.713
329647.156	-1195452.875	-1423.458
325725.969	-1287987.375	-1440.203
260542.438	-1119508.125	-1456.947
320575.656	-1171555.375	-1473.692
297808.781	-1100275.625	-1490.436
268851.719	-1038546.625	-1507.181
239175.313	-1083366.750	-1523.925
275762.781	-1026430.063	-1540.670
208927.641	-1080240.000	-1557.415
256677.406	-927680.563	-1574.159
292122.031	-956733.125	-1590.904
185605.531	-934812.813	-1607.648
254016.281	-951950.688	-1624.393
266728.375	-905844.625	-1641.137
253208.219	-1005242.750	-1657.882
213636.250	-869830.813	-1674.627
287329.563	-868344.688	-1691.371
249990.625	-860875.375	-1708.116
239048.563	-800035.313	-1724.860
171621.922	-892218.688	-1741.605
163538.375	-859576.438	-1758.349
140447.547	-806565.438	-1775.094
297090.594	-814645.688	-1791.839
183486.016	-690152.938	-1808.583
158479.000	-798227.438	-1825.328
268662.406	-816200.375	-1842.072
202073.906	-788830.313	-1858.817
191504.922	-626279.688	-1875.561
129735.672	-712895.000	-1892.306
243979.344	-676717.750	-1909.051
197652.109	-649453.500	-1925.795
207518.359	-645677.500	-1942.540
183402.594	-722787.438	-1959.284
196697.938	-712632.438	-1976.029
229288.844	-709570.875	-1992.774
212640.156	-646059.500	-2009.518
108387.531	-667600.875	-2026.263
178313.656	-777684.375	-2043.007
200360.828	-593868.000	-2059.752
144820.000	-680175.375	-2076.496
196055.688	-630053.188	-2093.241
64510.754	-685161.000	-2109.986
123399.977	-609965.625	-2126.730
257116.641	-563084.625	-2143.475
180600.547	-584624.563	-2160.219
120512.492	-563031.750	-2176.964
136780.906	-573070.750	-2193.708
213209.000	-522710.938	-2210.453
248659.203	-482887.594	-2227.198
187899.938	-485667.844	-2243.942
234543.547	-430201.844	-2260.687
195432.672	-605560.438	-2277.431
198595.766	-494111.500	-2294.176
237938.172	-496807.625	-2310.920
233856.953	-482840.844	-2327.665
164287.234	-413197.781	-2344.410
169970.391	-576386.375	-2361.154
220606.375	-468061.656	-2377.899
223683.641	-493023.406	-2394.643
173585.594	-418330.844	-2411.388
127964.867	-367492.625	-2428.132
191897.984	-390767.406	-2444.877
215454.219	-484364.219	-2461.622
176117.844	-417859.188	-2478.366
94368.047	-472247.000	-2495.111
258314.453	-487797.188	-2511.855
194093.141	-419531.219	-2528.600
198492.781	-452221.938	-2545.345
153117.094	-430558.469	-2562.089
191436.750	-419033.625	-2578.834
171630.953	-478690.375	-2595.578
124319.063	-494618.656	-2612.323
213694.063	-462067.438	-2629.067
180689.891	-402738.813	-2645.812
197812.984	-404193.781	-2662.557
224232.516	-373973.250	-2679.301
195826.500	-431857.813	-2696.046
260553.031	-388205.500	-2712.790
123243.352	-350706.781	-2729.535
163008.047	-436857.938	-2746.279
231158.984	-445583.938	-2763.024
163576.906	-347492.844	-2779.769
191275.188	-328405.344	-2796.513
213832.906	-389055.938	-2813.258
319472.813	-420060.813	-2830.002
232730.516	-401955.688	-2846.747
182073.891	-288602.500	-2863.491
247924.438	-357173.719	-2880.236
191140.531	-417951.469	-2896.981
158697.297	-418879.094	-2913.725
256745.141	-413316.063	-2930.470
127489.195	-314172.625	-2947.214
154157.781	-357487.656	-2963.959
162256.891	-333817.156	-2980.703
166555.906	-349730.906	-2997.448
201330.156	-341438.219	-3014.193
235659.000	-311665.750	-3030.937
203673.344	-351401.719	-3047.682
201054.641	-458926.000	-3064.426
172701.203	-396885.875	-3081.171
182136.906	-344844.406	-3097.915
182934.141	-300687.688	-3114.660
175553.484	-341163.094	-3131.405
213951.484	-325977.844	-3148.149
253201.672	-371101.000	-3164.894
198866.203	-300337.219	-3181.638
160070.344	-307725.219	-3198.383
125697.523	-287598.594	-3215.128
233376.859	-315042.313	-3231.872
82907.969	-326191.094	-3248.617
186989.719	-387213.938	-3265.361
173135.047	-349731.938	-3282.106
180991.922	-274194.813	-3298.850
165973.828	-374565.094	-3315.595
186035.234	-228717.234	-3332.340
241601.172	-273803.656	-3349.084
223484.688	-308307.563	-3365.829
188241.969	-249114.844	-3382.573
134353.984	-349791.406	-3399.318
182338.328	-199449.266	-3416.062
196319.000	-286561.813	-3432.807
199057.250	-257423.984	-3449.552
170067.047	-280099.219	-3466.296
275757.125	-223185.297	-3483.041
218998.281	-289953.719	-3499.785
140764.688	-326058.063	-3516.530
87318.352	-259634.922	-3533.274
117113.219	-331960.656	-3550.019
168158.375	-266429.438	-3566.764
131361.953	-263597.563	-3583.508
177909.688	-314384.906	-3600.253
201558.656	-264771.063	-3616.997
269431.875	-296661.969	-3633.742
129575.422	-272738.906	-3650.486
199477.500	-233749.281	-3667.231
174706.641	-273709.844	-3683.976
192081.359	-218709.719	-3700.720
291703.406	-289777.625	-3717.465
134046.109	-303640.594	-3734.209
120098.891	-245133.219	-3750.954
232880.063	-307965.188	-3767.699
246542.547	-214692.953	-3784.443
219769.797	-227703.516	-3801.188
211113.453	-275885.469	-3817.932
262257.063	-209907.781	-3834.677
87026.586	-297251.375	-3851.421
166013.672	-286220.969	-3868.166
239908.250	-299756.375	-3884.911
277730.719	-215207.000	-3901.655
155237.000	-299022.531	-3918.400
151408.250	-248902.953	-3935.144
165240.563	-203574.891	-3951.889
219801.547	-207937.813	-3968.633
191793.188	-235667.344	-3985.378
160591.844	-234708.766	-4002.123
141690.078	-313842.000	-4018.867
172227.891	-200567.172	-4035.612
168422.594	-241350.703	-4052.356
106003.125	-246539.344	-4069.101
200970.109	-305864.906	-4085.845
149990.109	-276868.625	-4102.590
166461.750	-227826.141	-4119.335
113045.164	-179787.547	-4136.079
158256.906	-217068.516	-4152.824
140729.938	-222840.000	-4169.568
179465.609	-115956.047	-4186.313
100509.766	-214314.000	-4203.057
185725.156	-248970.063	-4219.802
203250.078	-227636.563	-4236.547
178599.344	-197649.250	-4253.291
121836.867	-183627.172	-4270.036
133867.984	-287977.375	-4286.780
179246.766	-200289.453	-4303.525
181106.141	-162795.313	-4320.269
169037.297	-261911.563	-4337.014
200029.172	-99966.164	-4353.759
156137.766	-225261.594	-4370.503
229305.422	-228967.547	-4387.248
211857.453	-224921.719	-4403.992
190671.359	-223497.984	-4420.737
196270.766	-204184.609	-4437.482
127432.531	-211782.672	-4454.226
209668.094	-179943.438	-4470.971
192971.188	-157432.391	-4487.715
128882.000	-206791.328	-4504.460
139033.906	-254949.078	-4521.204
202644.688	-141625.719	-4537.949
151929.250	-274059.500	-4554.694
126683.000	-161837.828	-4571.438
126477.109	-135535.172	-4588.183
167617.156	-144106.156	-4604.927
169880.359	-164493.531	-4621.672
150955.391	-117787.352	-4638.416
209360.391	-232504.609	-4655.161
146981.125	-183620.531	-4671.906
148979.469	-141520.594	-4688.650
128867.305	-222939.984	-4705.395
167289.078	-196681.750	-4722.139
182184.672	-228260.906	-4738.884
153961.688	-142931.625	-4755.628
158079.734	-129767.766	-4772.373
150833.938	-116454.969	-4789.118
153854.781	-183525.594	-4805.862
227700.141	-189681.672	-4822.607
240815.484	-218765.516	-4839.351
144954.953	-183621.859	-4856.096
176197.406	-147859.750	-4872.840
211786.781	-185951.953	-4889.585
199301.891	-156411.016	-4906.330
230083.656	-82711.500	-4923.074
99983.219	-169506.047	-4939.819
121160.414	-104208.688	-4956.563
99594.531	-154937.328	-4973.308
122469.633	-132318.281	-4990.053
169736.266	-163934.172	-5006.797
218025.313	-180372.750	-5023.542
74433.828	-120427.961	-5040.286
180484.953	-171569.781	-5057.031
204432.469	-168867.969	-5073.775
166344.547	-221766.547	-5090.520
218926.203	-125173.539	-5107.265
168315.063	-156122.141	-5124.009
164603.688	-151872.156	-5140.754
195332.688	-135881.219	-5157.498
236847.266	-169838.938	-5174.243
213907.797	-128702.828	-5190.987
198087.172	-134741.953	-5207.732
149808.047	-141232.484	-5224.477
136046.656	-108960.914	-5241.221
134812.250	-181189.719	-5257.966
136481.047	-65070.340	-5274.710
229136.906	-89188.227	-5291.455
125207.703	-174795.547	-5308.199
153457.859	-96591.359	-5324.944
219294.328	-128693.180	-5341.689
170722.156	-182300.328	-5358.433
206252.563	-82787.367	-5375.178
215563.500	-160315.359	-5391.922
145643.594	-139027.203	-5408.667
220859.313	-173716.344	-5425.411
168995.781	-97402.086	-5442.156
125796.180	-149139.953	-5458.901
134417.859	-106063.203	-5475.645
170255.219	-182881.469	-5492.390
215062.109	-129204.359	-5509.134
183370.313	-125515.438	-5525.879
154822.672	-161567.016	-5542.623
232637.859	-114012.242	-5559.368
121191.297	-168759.219	-5576.113
89563.703	-178740.328	-5592.857
173541.219	-149238.313	-5609.602
218799.656	-112851.250	-5626.346
131491.094	-93428.266	-5643.091
176394.297	-123165.016	-5659.836
132168.984	-122776.000	-5676.580
149950.797	-131888.953	-5693.325
160925.266	-108760.313	-5710.069
174363.000	-95500.133	-5726.814
156752.000	-142828.250	-5743.558
224298.406	-80493.336	-5760.303
192355.641	-44912.457	-5777.048
216991.359	-121848.961	-5793.792
213781.578	-158456.875	-5810.537
196530.219	-117019.969	-5827.281
175311.063	-119985.672	-5844.026
161288.250	-78287.281	-5860.770
197731.266	-122864.016	-5877.515
132964.250	-124007.672	-5894.260
154311.828	-174048.875	-5911.004
184904.234	-159317.859	-5927.749
243058.156	-127774.984	-5944.493
150328.813	-122135.570	-5961.238
133941.125	-158433.313	-5977.982
164053.281	-99367.078	-5994.727
171716.406	-74595.828	-6011.472
153041.922	-103543.453	-6028.216
139388.938	-83897.328	-6044.961
142567.203	-53369.172	-6061.705
147558.406	-76108.547	-6078.450
156163.156	-120008.828	-6095.194
208950.359	-79274.070	-6111.939
194088.156	-109604.859	-6128.684
186831.828	-137178.094	-6145.428
206856.844	-133960.484	-6162.173
157971.656	-104821.766	-6178.917
87910.758	-143190.891	-6195.662
142291.125	-28899.561	-6212.407
169567.141	-180046.516	-6229.151
138326.484	-105943.094	-6245.896
148233.609	-40179.664	-6262.640
136439.844	-121825.039	-6279.385
198467.328	-72394.258	-6296.129
119352.313	-112507.195	-6312.874
229967.063	-123879.648	-6329.619
159217.563	-97643.305	-6346.363
177966.672	-144620.453	-6363.108
148477.344	-89565.211	-6379.852
137018.109	-29623.047	-6396.597
150528.234	-76936.891	-6413.341
146223.594	-78311.188	-6430.086
256319.266	-134194.172	-6446.831
176240.313	-30167.098	-6463.575
130591.641	-122783.328	-6480.320
185720.422	-100274.586	-6497.064
154022.563	-98471.102	-6513.809
165745.844	-38097.938	-6530.553
132251.250	-14608.382	-6547.298
225302.375	-125723.734	-6564.043
146328.094	-141806.078	-6580.787
181315.969	-106425.391	-6597.532
224944.500	-71377.742	-6614.276
147670.422	-93788.508	-6631.021
181203.328	-57913.285	-6647.765
213483.703	-20577.949	-6664.510
127184.961	-78863.570	-6681.255
125635.891	-15507.017	-6697.999
174291.125	-119672.586	-6714.744
148449.344	-75594.828	-6731.488
153055.859	-105032.219	-6748.233
150948.375	-94423.594	-6764.977
171530.969	-21352.430	-6781.722
106078.148	-60192.164	-6798.467
188634.406	-35446.988	-6815.211
235953.656	-71126.953	-6831.956
200767.797	-174177.109	-6848.700
96632.578	-38403.793	-6865.445
125602.703	-76053.883	-6882.190
111683.125	-41566.043	-6898.934
256480.297	-111837.797	-6915.679
225492.188	-138914.844	-6932.423
209876.359	-73982.258	-6949.168
132946.422	-147478.344	-6965.912
138115.500	-47051.957	-6982.657
195407.922	-56445.574	-6999.402
98764.484	-88748.695	-7016.146
148951.797	-47822.934	-7032.891
207494.078	-24523.523	-7049.635
211920.063	-64278.609	-7066.380
104124.383	-40376.082	-7083.124
186333.906	-41161.383	-7099.869
179063.672	-29983.393	-7116.614
237998.594	-103781.258	-7133.358
213058.516	-19638.652	-7150.103
57040.500	-82588.383	-7166.847
165051.438	-123876.758	-7183.592
186483.641	-98533.070	-7200.336
143375.219	-70013.000	-7217.081
137708.188	-85479.906	-7233.826
151104.219	-34425.914	-7250.570
189942.047	-66438.281	-7267.315
154665.078	-21094.750	-7284.059
163382.094	-107423.539	-7300.804
132652.125	-72093.703	-7317.548
137577.016	-113558.734	-7334.293
152108.641	-57871.469	-7351.038
159671.797	-27184.092	-7367.782
179394.859	-44255.930	-7384.527
225509.656	-5825.768	-7401.271
138993.313	-24138.852	-7418.016
221383.875	-77019.508	-7434.761
146430.969	-8214.970	-7451.505
133873.141	-5933.576	-7468.250
200493.500	-45594.367	-7484.994
151011.391	-53248.559	-7501.739
155811.406	-43287.043	-7518.483
137700.813	-113419.023	-7535.228
138013.000	16287.637	-7551.973
156071.328	-59221.461	-7568.717
174341.453	-116827.992	-7585.462
158782.328	-53463.230	-7602.206
171968.453	-83060.086	-7618.951
161500.906	-39680.242	-7635.695
103066.992	-53610.281	-7652.440
123535.719	-48336.828	-7669.185
144835.969	-46908.141	-7685.929
149488.031	-48924.777	-7702.674
150877.984	-56668.141	-7719.418
182656.094	-29014.527	-7736.163
182697.641	-25668.070	-7752.907
150330.750	-39406.344	-7769.652
185609.844	-62841.742	-7786.397
165585.609	-23073.365	-7803.141
177078.156	-74787.578	-7819.886
127289.859	-57606.316	-7836.630
148966.250	10975.086	-7853.375
163292.422	8932.765	-7870.119
148108.750	-42920.637	-7886.864
206830.563	-41573.313	-7903.609
178199.000	60399.902	-7920.353
176149.641	-29388.467	-7937.098
179432.266	-36758.492	-7953.842
215825.078	-37041.430	-7970.587
153062.672	-90354.727	-7987.332
148542.969	54740.309	-8004.076
122187.750	-9137.866	-8020.821
185178.734	-47908.973	-8037.565
121368.219	-24689.254	-8054.310
188344.344	-42453.250	-8071.054
155860.172	-55501.719	-8087.799
128836.961	-3277.669	-8104.544
139973.188	-35482.098	-8121.288
131412.813	-4919.885	-8138.033
190936.750	2128.704	-8154.777
189526.594	-467.669	-8171.522
145662.109	-28671.918	-8188.266
204747.391	-8309.370	-8205.011
168924.797	-5992.188	-8221.756
142174.000	-14583.063	-8238.500
128914.516	-89402.047	-8255.245
169836.641	-33853.941	-8271.989
189745.188	6006.866	-8288.734
251519.609	1186.206	-8305.478
185393.516	-9352.397	-8322.223
143685.344	-68120.461	-8338.968
227345.688	-10034.438	-8355.712
170937.016	1460.974	-8372.457
169713.875	-29598.211	-8389.201
123923.852	8427.109	-8405.946
191858.641	-40861.465	-8422.690
120792.578	-51954.035	-8439.435
179126.031	-53439.289	-8456.180
121204.641	-4295.634	-8472.924
152186.859	-35981.063	-8489.669
135663.281	-8929.807	-8506.413
166298.766	-24190.439	-8523.158
238095.859	-35313.594	-8539.902
208154.672	-36837.211	-8556.647
