Data Point Listing of File C:\NTNMR\data\Dan\LiMnPO4\[100]\Li7 [100] 30deg.tnt
Starting Point:	1	Ending Point:	1024
Real	Imag	ppm
396038.719	90652.508	8573.054
476451.063	-132687.969	8556.309
420781.188	-37356.152	8539.564
457084.531	2405.194	8522.820
571412.125	-33863.258	8506.075
480804.625	-98111.961	8489.331
510307.344	21631.029	8472.586
496744.000	-21340.867	8455.842
531672.875	-113335.180	8439.097
468772.125	53425.230	8422.352
388451.969	16148.771	8405.608
554615.188	7872.608	8388.863
436232.688	-100064.344	8372.119
502739.188	-17386.805	8355.374
493673.844	-16942.711	8338.630
467009.469	-2789.307	8321.885
549217.750	-22844.701	8305.140
467963.844	-140103.906	8288.396
462067.625	-27758.533	8271.651
446480.906	-70458.992	8254.907
553381.625	1295.566	8238.162
512547.438	108339.969	8221.417
539610.438	10024.545	8204.673
454117.563	60736.070	8187.928
580958.625	-103471.359	8171.184
456507.281	48951.004	8154.439
433432.563	31309.277	8137.695
514356.531	-71555.664	8120.950
522214.469	22066.459	8104.205
411598.563	-25979.934	8087.461
507375.188	44546.926	8070.716
455736.469	41583.539	8053.972
539525.688	-11595.862	8037.227
490989.125	64800.359	8020.483
599065.250	-53308.379	8003.738
533905.688	-25064.680	7986.993
552789.688	151496.906	7970.249
518443.719	50910.199	7953.504
498698.844	-85624.109	7936.760
592634.750	77836.586	7920.015
621602.938	-33073.652	7903.271
611866.500	-58902.188	7886.526
358420.594	50286.957	7869.781
526249.313	40418.707	7853.037
375189.500	44072.758	7836.292
399214.594	7992.005	7819.548
435876.875	37642.414	7802.803
486630.344	122813.969	7786.059
485330.375	-36286.250	7769.314
455127.969	73281.875	7752.569
589058.750	55604.945	7735.825
511160.438	-39461.598	7719.080
485712.906	11087.862	7702.336
523701.156	-24609.082	7685.591
420747.813	88577.148	7668.846
531334.938	117997.906	7652.102
450495.938	-24245.955	7635.357
465551.219	108335.711	7618.613
468611.406	13284.227	7601.868
540706.688	163716.688	7585.124
444833.313	21555.301	7568.379
673150.938	72361.578	7551.634
558294.500	95011.875	7534.890
560939.625	-11958.896	7518.145
525233.250	168321.359	7501.401
498989.781	-30530.604	7484.656
483618.469	46626.051	7467.912
589688.875	-66143.172	7451.167
426783.094	45673.398	7434.422
543471.750	71580.320	7417.678
625718.313	-44664.516	7400.933
502536.969	132042.438	7384.189
521845.719	-3424.680	7367.444
507952.625	66900.063	7350.700
418818.688	20406.605	7333.955
515379.563	79302.563	7317.210
411082.875	113010.023	7300.466
473099.625	64000.137	7283.721
612751.875	118694.516	7266.977
588527.938	80135.781	7250.232
532800.375	144031.438	7233.488
469251.906	80415.250	7216.743
538801.125	127558.891	7199.998
493386.656	70023.688	7183.254
455616.938	41098.398	7166.509
543923.375	54647.371	7149.765
613847.063	110745.469	7133.020
476841.969	-69583.523	7116.275
477604.031	40284.477	7099.531
435854.219	41170.742	7082.786
471711.500	54980.961	7066.042
492218.625	20040.691	7049.297
452429.156	63400.434	7032.553
348685.750	57240.785	7015.808
500102.906	208993.500	6999.063
355409.438	132760.797	6982.319
564097.125	149388.266	6965.574
553787.063	64511.332	6948.830
451088.563	118377.172	6932.085
501486.844	2654.057	6915.341
508028.219	149314.516	6898.596
497366.594	53253.125	6881.851
482197.906	87561.016	6865.107
478862.438	52880.086	6848.362
519143.000	175388.703	6831.618
558503.875	191761.406	6814.873
570344.313	28793.850	6798.129
544921.125	-27584.338	6781.384
436371.250	90195.859	6764.639
493196.469	63803.570	6747.895
539208.625	85124.555	6731.150
510965.500	131254.031	6714.406
449273.344	234636.484	6697.661
538634.938	110319.305	6680.917
512846.750	57855.195	6664.172
399293.406	137319.500	6647.427
440634.375	229631.313	6630.683
506596.000	73810.055	6613.938
455778.063	74371.555	6597.194
454536.281	199038.531	6580.449
452104.469	152198.656	6563.705
482889.938	175971.750	6546.960
466655.219	76492.195	6530.215
434508.344	304769.438	6513.471
477757.938	230591.688	6496.726
448926.594	95926.305	6479.982
407836.406	272495.469	6463.237
461623.938	138749.781	6446.492
439767.063	102594.563	6429.748
458540.500	131575.000	6413.003
453950.750	17093.209	6396.259
420105.094	179761.234	6379.514
391711.500	160356.672	6362.770
425781.781	121811.359	6346.025
517695.531	89128.047	6329.280
534488.125	269668.438	6312.536
456523.125	275927.844	6295.791
466601.438	216577.703	6279.047
587000.188	167496.125	6262.302
445086.438	171005.063	6245.558
562958.750	155194.078	6228.813
589296.125	148565.625	6212.068
540962.813	127586.078	6195.324
364670.969	163072.016	6178.579
581155.563	154834.047	6161.835
455233.406	160954.875	6145.090
389159.000	227025.531	6128.346
469336.188	179658.563	6111.601
454851.250	278809.281	6094.856
469406.219	296084.000	6078.112
545437.250	340585.594	6061.367
436347.781	248916.234	6044.623
564868.313	280117.250	6027.878
522351.656	240384.938	6011.134
588351.875	307545.938	5994.389
464504.688	375664.625	5977.644
430245.656	188067.781	5960.900
575949.375	200320.516	5944.155
540549.250	155156.328	5927.411
400805.813	137353.578	5910.666
435823.875	231737.266	5893.921
482498.875	216555.547	5877.177
485994.438	370974.438	5860.432
570267.625	232487.031	5843.688
533198.500	220184.859	5826.943
538382.250	205991.406	5810.199
463387.094	205271.531	5793.454
516710.563	265450.656	5776.709
437114.969	242025.688	5759.965
393503.813	149821.922	5743.220
551900.438	287159.656	5726.476
516401.000	141865.844	5709.731
558579.875	304334.188	5692.987
367697.219	223997.641	5676.242
574277.813	301986.094	5659.497
635731.500	314727.781	5642.753
644407.688	217496.594	5626.008
504087.625	226341.844	5609.264
412545.094	164255.344	5592.519
393320.469	311683.781	5575.775
496118.063	190973.625	5559.030
517797.219	157350.766	5542.285
527498.563	320193.688	5525.541
671185.813	361460.531	5508.796
501756.344	240248.859	5492.052
519057.094	238462.734	5475.307
544014.625	400834.344	5458.563
500849.469	95551.133	5441.818
485175.500	183388.609	5425.073
507010.156	229131.391	5408.329
484496.063	188002.516	5391.584
480477.844	251125.203	5374.840
652236.625	309695.094	5358.095
476865.813	350685.406	5341.351
571691.438	275274.000	5324.606
600038.750	418421.344	5307.861
493198.594	278669.625	5291.117
364617.438	246810.625	5274.372
363509.344	254968.031	5257.628
430375.344	321325.688	5240.883
477640.906	244704.828	5224.138
671238.813	191560.984	5207.394
534420.313	265830.875	5190.649
334442.875	423210.375	5173.905
487139.563	157157.484	5157.160
424656.938	324321.844	5140.416
432132.625	286102.750	5123.671
450374.219	274721.156	5106.926
564038.250	322403.063	5090.182
506843.594	401190.188	5073.437
452303.469	326678.125	5056.693
581809.750	273195.344	5039.948
577131.063	207010.047	5023.204
518678.344	302027.094	5006.459
446427.156	368277.406	4989.714
515768.531	366499.906	4972.970
557455.438	292979.781	4956.225
649091.125	286065.531	4939.481
488539.500	402068.656	4922.736
494581.406	290374.188	4905.992
362663.031	258679.422	4889.247
411634.438	315974.156	4872.502
418008.781	248301.922	4855.758
558134.813	409783.563	4839.013
448229.313	372298.719	4822.269
381861.375	259843.500	4805.524
411319.656	307659.469	4788.780
546288.000	337152.094	4772.035
584075.063	335210.094	4755.290
511955.656	220229.047	4738.546
513566.344	289389.031	4721.801
545839.125	525134.063	4705.057
488624.563	420379.000	4688.312
562155.625	444921.906	4671.567
508832.000	359657.438	4654.823
562375.875	274070.969	4638.078
418339.938	418866.844	4621.334
487728.719	409241.656	4604.589
527636.188	354267.719	4587.845
532671.750	379797.531	4571.100
437555.063	365099.750	4554.355
515203.594	223915.547	4537.611
474293.594	276475.219	4520.866
496112.406	330397.875	4504.122
488019.625	282848.594	4487.377
502130.188	340830.438	4470.633
354859.969	491511.875	4453.888
526286.500	443282.031	4437.143
343636.938	288462.938	4420.399
373063.375	534505.813	4403.654
602569.688	347647.313	4386.910
475014.406	497630.313	4370.165
490973.469	471492.469	4353.421
403973.438	296752.719	4336.676
348497.281	479410.281	4319.931
575967.250	354034.000	4303.187
520870.000	516644.875	4286.442
463230.406	329852.375	4269.698
306514.750	512009.875	4252.953
526216.750	417867.375	4236.209
516663.594	420144.844	4219.464
571844.125	403723.094	4202.719
423627.406	396346.406	4185.975
721134.688	516381.125	4169.230
499578.563	418314.344	4152.486
454092.375	430595.375	4135.741
451773.000	353348.906	4118.997
372430.750	419386.063	4102.252
534245.188	439166.875	4085.507
416984.250	438224.594	4068.763
555849.063	435216.656	4052.018
444336.406	493107.688	4035.274
622090.938	429310.469	4018.529
480890.781	408273.156	4001.784
486659.063	394397.719	3985.040
500857.938	538790.313	3968.295
505596.188	466951.000	3951.551
355995.281	536749.813	3934.806
488347.938	478304.031	3918.062
442350.688	435530.281	3901.317
451314.625	382373.125	3884.572
517401.000	561250.750	3867.828
386034.188	670334.375	3851.083
539007.625	644738.875	3834.339
332108.906	475837.531	3817.594
453299.563	481703.031	3800.850
585634.438	508112.844	3784.105
576651.188	428427.156	3767.360
491807.656	426922.625	3750.616
442707.906	538854.063	3733.871
572132.188	491217.844	3717.127
431115.063	528149.938	3700.382
429310.813	538332.625	3683.638
483660.625	514588.531	3666.893
494394.750	445101.406	3650.148
579806.938	535917.688	3633.404
466001.500	603762.938	3616.659
549175.750	545030.813	3599.915
406876.875	385058.625	3583.170
431076.656	633655.625	3566.426
407852.875	429344.750	3549.681
493383.969	509858.094	3532.936
522151.531	598754.813	3516.192
397445.250	427501.594	3499.447
482852.125	584157.125	3482.703
526936.750	586569.563	3465.958
413249.563	614992.688	3449.213
502707.156	604213.500	3432.469
446435.938	600406.813	3415.724
466429.688	680969.938	3398.980
533387.063	571974.813	3382.235
449901.500	685547.563	3365.491
423216.469	659797.688	3348.746
484707.219	443271.844	3332.001
438132.625	598679.188	3315.257
577448.938	748931.125	3298.512
521322.406	494446.875	3281.768
442763.156	712851.375	3265.023
496820.063	615030.500	3248.279
484335.625	646519.188	3231.534
447785.031	685460.438	3214.789
538617.438	643588.563	3198.045
565859.938	441995.844	3181.300
515308.844	421042.813	3164.556
376629.938	812511.875	3147.811
510031.813	723030.375	3131.067
666157.813	592105.500	3114.322
519046.844	407062.656	3097.577
514143.813	613921.375	3080.833
517490.188	685793.313	3064.088
570632.813	714177.563	3047.344
491228.344	582039.188	3030.599
304610.719	500356.125	3013.855
422720.313	711856.188	2997.110
377541.375	671015.250	2980.365
401173.719	636749.313	2963.621
509317.781	592177.875	2946.876
359875.500	763040.875	2930.132
456796.000	837849.875	2913.387
560559.063	741513.875	2896.642
380090.906	715345.500	2879.898
415421.875	863048.563	2863.153
462740.375	664139.063	2846.409
462161.063	811888.250	2829.664
451519.344	765374.063	2812.920
675405.688	730297.313	2796.175
504103.875	737034.375	2779.430
477442.813	703941.625	2762.686
493251.844	631203.375	2745.941
447519.844	607692.438	2729.197
524192.719	822699.438	2712.452
481464.875	687382.875	2695.708
532283.750	734917.000	2678.963
494296.063	677805.500	2662.218
238508.188	811356.875	2645.474
477849.438	1010704.313	2628.729
523728.938	591480.750	2611.985
523991.969	768942.000	2595.240
375508.031	810309.063	2578.496
390815.969	813214.188	2561.751
431904.500	701629.625	2545.006
451410.313	876094.688	2528.262
593744.875	881350.438	2511.517
474879.656	732811.375	2494.773
372438.250	734958.000	2478.028
659616.250	798248.875	2461.284
494524.063	908914.563	2444.539
520651.031	870431.375	2427.794
548374.750	706297.688	2411.050
414225.031	955887.563	2394.305
482899.125	691058.375	2377.561
355228.844	1021613.500	2360.816
482570.406	786846.250	2344.072
507120.094	971058.125	2327.327
447637.656	844495.563	2310.582
481516.469	812225.250	2293.838
544566.500	903086.875	2277.093
404779.531	908314.813	2260.349
551094.188	994443.438	2243.604
538817.938	927021.250	2226.859
423232.281	843578.063	2210.115
292200.813	955088.188	2193.370
411549.844	863463.063	2176.626
487736.313	1037579.188	2159.881
511303.781	998297.125	2143.137
264050.250	1019479.313	2126.392
404635.875	1062695.250	2109.647
423915.031	922412.375	2092.903
450403.375	974440.750	2076.158
414259.281	946956.938	2059.414
552065.813	1077969.625	2042.669
364071.500	1075824.875	2025.925
502973.531	1044942.500	2009.180
465290.156	1099450.250	1992.435
556146.625	977585.250	1975.691
412980.500	1089078.125	1958.946
298358.844	1112150.000	1942.202
710543.813	1111144.250	1925.457
451989.250	1062205.125	1908.713
524775.063	985487.938	1891.968
454104.500	1074388.500	1875.223
529423.313	1071909.375	1858.479
577144.000	1198416.125	1841.734
566280.250	1167123.000	1824.990
504041.188	1055346.000	1808.245
497962.000	1070441.625	1791.501
445539.844	1078739.375	1774.756
374454.719	1188021.875	1758.011
598318.375	1118905.375	1741.267
496666.031	1207058.250	1724.522
531103.125	1143958.125	1707.778
573278.938	1153519.500	1691.033
415687.344	1143479.875	1674.288
540219.625	1268054.375	1657.544
572586.375	1042193.313	1640.799
530701.938	1263741.625	1624.055
422381.219	1180591.875	1607.310
536732.938	1172127.000	1590.566
587948.563	1337495.875	1573.821
381713.938	1220353.500	1557.076
481731.781	1368389.875	1540.332
491149.313	1268078.625	1523.587
564075.313	1351541.000	1506.843
488531.938	1164192.625	1490.098
444465.719	1324646.250	1473.354
512637.656	1450578.000	1456.609
507603.438	1335228.500	1439.864
366627.688	1485232.000	1423.120
475738.500	1322898.625	1406.375
492597.750	1337879.250	1389.631
456242.000	1396076.375	1372.886
479443.813	1411381.500	1356.142
469930.688	1330427.125	1339.397
427804.219	1442927.375	1322.652
508022.563	1358699.875	1305.908
569253.750	1467696.250	1289.163
444378.563	1451259.625	1272.419
506598.375	1448045.250	1255.674
535859.063	1462511.375	1238.930
377534.094	1392465.375	1222.185
477025.469	1602621.750	1205.440
473263.375	1496098.125	1188.696
464961.344	1681716.750	1171.951
571610.250	1524699.875	1155.207
488450.906	1622510.625	1138.462
568237.750	1719536.250	1121.718
627286.375	1754983.625	1104.973
478970.375	1599453.625	1088.228
424410.063	1609844.000	1071.484
343487.875	1651846.500	1054.739
510488.656	1652112.625	1037.995
417251.344	1662771.250	1021.250
569440.125	1618084.500	1004.505
415312.969	1814135.750	987.761
525430.000	1930434.625	971.016
534388.875	1793475.375	954.272
515225.156	1864997.000	937.527
448639.844	1814580.000	920.783
431033.281	1931012.375	904.038
559728.375	1904444.625	887.293
607785.063	1991277.875	870.549
492751.188	1946251.000	853.804
546195.188	1961449.750	837.060
539512.250	2196579.250	820.315
413881.750	2103671.000	803.571
627042.938	2077442.250	786.826
624508.438	2183446.500	770.081
602606.063	2167681.500	753.337
652273.875	2068799.375	736.592
592102.875	2220449.750	719.848
575916.250	2249361.750	703.103
548516.313	2278199.500	686.359
757096.875	2247693.000	669.614
550601.125	2319372.500	652.869
806740.875	2357908.500	636.125
555935.563	2332930.250	619.380
807188.875	2419706.250	602.636
694774.375	2423365.250	585.891
696555.250	2454314.250	569.147
437919.094	2425234.000	552.402
649882.375	2547495.000	535.657
780738.563	2540477.250	518.913
666213.375	2525210.000	502.168
654652.250	2564293.000	485.424
612856.938	2729862.000	468.679
663826.875	2490429.250	451.934
643693.500	2679929.000	435.190
628930.563	2824136.500	418.445
625490.188	2780050.250	401.701
685823.313	2936855.250	384.956
638309.688	2928731.500	368.212
787141.563	3032068.000	351.467
618243.625	3008412.000	334.722
782626.125	3277904.750	317.978
731057.875	3067918.750	301.233
850057.313	3343386.000	284.489
879602.625	3404222.500	267.744
969140.063	3310129.750	251.000
839714.375	3549102.000	234.255
898334.938	3568875.750	217.510
1056355.375	3486973.500	200.766
966840.938	3635799.500	184.021
1038891.875	3712851.000	167.277
1073551.875	3894213.750	150.532
1027906.750	3934094.250	133.788
1153420.375	3880996.750	117.043
1064767.750	3954221.250	100.298
1060600.125	4339517.000	83.554
1221867.000	4223868.500	66.809
1303739.750	4322686.000	50.065
1198670.750	4415836.500	33.320
1342746.125	4580366.500	16.576
1337054.375	4928909.500	-0.169
1334044.625	5100392.500	-16.914
1490050.875	5019517.000	-33.658
1620567.500	5269372.000	-50.403
1658953.000	5402436.000	-67.147
1813693.000	5511692.500	-83.892
2212661.500	5658962.500	-100.636
2135714.250	5758147.000	-117.381
2446695.750	5965416.000	-134.126
2551356.000	6202456.500	-150.870
2819585.250	6390668.500	-167.615
3122566.000	6568797.000	-184.359
3301508.750	6486623.000	-201.104
3574765.500	6626491.000	-217.849
3713704.250	6719460.000	-234.593
4100840.000	6749125.000	-251.338
4456046.000	6735595.000	-268.082
4757574.500	6922534.500	-284.827
5018506.000	6793262.000	-301.571
5090294.000	7054094.500	-318.316
5571683.000	6941837.000	-335.061
5947070.500	6990106.000	-351.805
6113929.000	7060686.000	-368.550
6541288.500	6933063.500	-385.294
6972295.000	7078163.000	-402.039
7158927.500	6943430.000	-418.783
7704215.000	6944152.000	-435.528
7896649.000	6879170.000	-452.273
8468271.000	6865679.500	-469.017
8881064.000	6834792.000	-485.762
9294840.000	6787920.000	-502.506
9973990.000	6624765.500	-519.251
10512706.000	6425212.500	-535.995
11132533.000	6381512.000	-552.740
11729115.000	6092657.500	-569.485
12391936.000	5741480.500	-586.229
13182829.000	5197085.000	-602.974
13900542.000	4567247.500	-619.718
14375086.000	3946168.500	-636.463
14948848.000	3140600.500	-653.207
15593654.000	2002754.500	-669.952
15937838.000	1216602.125	-686.697
16035452.000	-34517.359	-703.441
16391439.000	-1248650.625	-720.186
16180713.000	-2454222.500	-736.930
16069451.000	-3583285.500	-753.675
15564279.000	-4806379.000	-770.420
14987189.000	-5944096.500	-787.164
14356977.000	-6889838.500	-803.909
13619916.000	-8054608.500	-820.653
12576222.000	-8662327.000	-837.398
11477943.000	-9203865.000	-854.142
10517278.000	-9617270.000	-870.887
9339939.000	-10052180.000	-887.632
8345100.500	-10152307.000	-904.376
7305347.000	-10042333.000	-921.121
6447843.000	-9645371.000	-937.865
5634198.000	-9404729.000	-954.610
5095484.000	-9040268.000	-971.354
4460648.000	-8708935.000	-988.099
3999304.500	-8388647.000	-1004.844
3738748.250	-7986436.500	-1021.588
3480793.250	-7899390.500	-1038.333
3231721.000	-7535770.500	-1055.077
2998902.750	-7313083.000	-1071.822
2905817.250	-6960893.500	-1088.566
2799103.000	-6996103.500	-1105.311
2361012.500	-6629188.500	-1122.056
2112361.250	-6347877.000	-1138.800
1997023.375	-6187675.000	-1155.545
1906957.750	-5903027.000	-1172.289
1743611.875	-5898851.500	-1189.034
1904311.125	-5714863.000	-1205.778
1480365.250	-5479168.000	-1222.523
1529095.375	-5269228.000	-1239.268
1482251.750	-5123286.500	-1256.012
1197739.125	-4862009.500	-1272.757
1232456.375	-4811118.000	-1289.501
1036073.813	-4763693.000	-1306.246
1055024.750	-4462752.500	-1322.990
1178077.875	-4417878.000	-1339.735
987665.688	-4348897.000	-1356.480
984312.875	-4197958.500	-1373.224
887695.625	-4165599.500	-1389.969
993735.688	-4090436.000	-1406.713
797954.250	-3867759.750	-1423.458
875198.375	-3644658.500	-1440.203
669841.938	-3736501.750	-1456.947
899376.250	-3731359.000	-1473.692
778168.438	-3427838.500	-1490.436
718627.563	-3352623.250	-1507.181
604081.188	-3254685.750	-1523.925
749304.688	-3102136.250	-1540.670
768316.313	-3241560.500	-1557.415
669378.938	-3198937.250	-1574.159
739678.125	-3131538.250	-1590.904
705484.563	-2917840.500	-1607.648
747430.625	-2835034.750	-1624.393
706416.375	-2916902.000	-1641.137
632414.813	-2864591.500	-1657.882
689373.000	-2774117.250	-1674.627
667733.000	-2746663.000	-1691.371
737531.688	-2696608.750	-1708.116
748809.688	-2671015.250	-1724.860
668893.000	-2732717.750	-1741.605
654448.438	-2570666.250	-1758.349
481774.438	-2511733.000	-1775.094
547933.375	-2536741.000	-1791.839
608564.938	-2512040.250	-1808.583
661105.563	-2389180.000	-1825.328
761610.688	-2336639.000	-1842.072
548334.750	-2277608.000	-1858.817
575396.688	-2328613.000	-1875.561
604280.750	-2322272.000	-1892.306
682545.688	-2125747.250	-1909.051
733513.313	-2107473.000	-1925.795
447747.188	-2171174.500	-1942.540
585944.500	-2019765.625	-1959.284
720310.250	-2155153.750	-1976.029
560155.250	-2021637.750	-1992.774
600841.813	-2016326.375	-2009.518
692701.500	-1908637.750	-2026.263
648697.750	-2018367.000	-2043.007
573488.000	-1980158.375	-2059.752
438534.531	-1960664.250	-2076.496
514552.781	-1866444.000	-2093.241
654254.438	-1870068.875	-2109.986
646093.375	-1746486.250	-2126.730
458944.469	-1659240.000	-2143.475
553457.250	-1813729.000	-2160.219
746627.313	-1508842.250	-2176.964
436607.906	-1784514.250	-2193.708
703644.500	-1775731.000	-2210.453
341617.781	-1819039.000	-2227.198
511170.188	-1668448.250	-2243.942
613326.438	-1726308.250	-2260.687
539137.438	-1595725.500	-2277.431
635373.625	-1577512.000	-2294.176
647921.938	-1591609.625	-2310.920
568264.875	-1599386.875	-2327.665
505667.469	-1576638.250	-2344.410
608871.063	-1439569.750	-2361.154
632254.563	-1570207.000	-2377.899
390821.375	-1616490.875	-2394.643
647773.875	-1530390.875	-2411.388
584606.375	-1449503.750	-2428.132
626438.313	-1562756.875	-2444.877
563224.875	-1362259.000	-2461.622
502572.906	-1532591.875	-2478.366
577182.188	-1452411.125	-2495.111
486716.906	-1448217.000	-2511.855
489405.531	-1457211.875	-2528.600
617293.375	-1336681.625	-2545.345
508529.063	-1375604.875	-2562.089
529899.063	-1348294.750	-2578.834
670900.000	-1226619.875	-2595.578
560381.500	-1318146.500	-2612.323
659423.188	-1389479.125	-2629.067
525549.688	-1346663.500	-2645.812
578764.375	-1207745.750	-2662.557
638466.438	-1319737.125	-2679.301
522216.719	-1212415.375	-2696.046
549596.250	-1363130.875	-2712.790
709708.375	-1281390.125	-2729.535
657806.063	-1179664.375	-2746.279
536127.250	-1222093.125	-2763.024
502174.750	-1182695.125	-2779.769
600319.313	-1179797.625	-2796.513
645515.875	-1298939.000	-2813.258
398247.813	-1177076.500	-2830.002
545466.188	-1078111.125	-2846.747
471571.406	-1158967.375	-2863.491
503127.031	-1024771.625	-2880.236
641771.063	-1091807.125	-2896.981
763258.250	-1073973.000	-2913.725
609623.438	-1188869.750	-2930.470
568241.375	-1215271.625	-2947.214
554221.125	-1062481.000	-2963.959
488706.875	-1104832.875	-2980.703
456057.531	-1040797.375	-2997.448
526309.438	-1110632.250	-3014.193
579671.375	-1118235.750	-3030.937
405080.875	-1010412.063	-3047.682
664671.875	-932455.438	-3064.426
561236.438	-1094864.875	-3081.171
555157.813	-1005169.063	-3097.915
616185.125	-1048326.125	-3114.660
509900.719	-1037090.938	-3131.405
535774.313	-1021244.063	-3148.149
603961.250	-1043644.438	-3164.894
455561.938	-955350.688	-3181.638
560666.125	-1065923.625	-3198.383
614245.500	-1028149.125	-3215.128
558487.938	-943790.625	-3231.872
587663.438	-975910.438	-3248.617
546528.375	-1058360.000	-3265.361
526951.063	-821871.813	-3282.106
629567.125	-1088095.875	-3298.850
537613.000	-974836.250	-3315.595
522975.344	-776635.125	-3332.340
651511.625	-881015.438	-3349.084
589865.938	-842189.188	-3365.829
401328.125	-917895.563	-3382.573
641922.688	-878255.063	-3399.318
665417.563	-941623.000	-3416.062
612492.250	-956796.688	-3432.807
601504.563	-878547.813	-3449.552
520400.688	-937534.750	-3466.296
493652.281	-793984.375	-3483.041
479004.969	-976635.875	-3499.785
643935.000	-861974.188	-3516.530
454612.250	-831637.625	-3533.274
536894.000	-911436.250	-3550.019
550092.500	-924612.688	-3566.764
626554.063	-764970.063	-3583.508
429679.156	-954010.875	-3600.253
718103.188	-790092.125	-3616.997
470028.594	-889658.688	-3633.742
654442.500	-781016.313	-3650.486
623592.188	-832995.125	-3667.231
557320.125	-850182.063	-3683.976
552240.063	-1032837.750	-3700.720
545270.563	-885658.313	-3717.465
516976.250	-657239.375	-3734.209
478575.281	-728891.688	-3750.954
440960.219	-713635.313	-3767.699
601317.875	-730037.063	-3784.443
412143.281	-751060.750	-3801.188
545763.438	-752359.313	-3817.932
461203.875	-747553.125	-3834.677
517629.063	-658472.625	-3851.421
542763.438	-747494.125	-3868.166
562747.250	-844932.188	-3884.911
520616.438	-705606.188	-3901.655
459563.188	-748054.188	-3918.400
549149.688	-784176.500	-3935.144
575760.938	-696070.938	-3951.889
583238.438	-754513.813	-3968.633
485682.875	-631157.313	-3985.378
478059.844	-720361.000	-4002.123
490485.750	-636479.125	-4018.867
401835.656	-680588.188	-4035.612
617032.875	-650367.375	-4052.356
523154.406	-652052.813	-4069.101
506717.656	-759566.313	-4085.845
494691.969	-684760.063	-4102.590
646075.375	-653767.063	-4119.335
685481.063	-734762.313	-4136.079
587842.563	-674843.938	-4152.824
438006.156	-554448.313	-4169.568
667624.563	-807961.500	-4186.313
484778.188	-675882.063	-4203.057
434022.844	-580939.938	-4219.802
721967.750	-573188.125	-4236.547
458489.438	-678286.563	-4253.291
564587.000	-721410.500	-4270.036
527265.813	-662109.375	-4286.780
437069.313	-635833.438	-4303.525
550677.938	-627281.500	-4320.269
559816.000	-573428.563	-4337.014
546729.938	-658108.250	-4353.759
431002.906	-737119.375	-4370.503
560104.500	-663031.563	-4387.248
432636.156	-548351.813	-4403.992
508036.938	-514209.250	-4420.737
510047.531	-723683.563	-4437.482
492000.500	-628474.563	-4454.226
622684.250	-532059.813	-4470.971
366864.063	-518860.313	-4487.715
498000.031	-482748.125	-4504.460
561469.188	-601572.500	-4521.204
720513.313	-496764.969	-4537.949
672140.813	-697265.625	-4554.694
576642.000	-488506.375	-4571.438
558125.500	-467787.500	-4588.183
466264.406	-586654.188	-4604.927
534390.688	-526093.750	-4621.672
479231.500	-561297.688	-4638.416
593328.625	-600587.313	-4655.161
658020.750	-597116.500	-4671.906
468894.594	-544660.625	-4688.650
465932.781	-567379.625	-4705.395
441935.219	-557840.000	-4722.139
527240.313	-498846.063	-4738.884
561304.750	-513654.313	-4755.628
563564.813	-426347.313	-4772.373
512607.875	-465128.906	-4789.118
605662.625	-504466.281	-4805.862
499282.500	-568281.813	-4822.607
405407.094	-537754.500	-4839.351
504248.188	-476559.313	-4856.096
560050.813	-597522.125	-4872.840
500070.438	-450549.313	-4889.585
562655.938	-573420.250	-4906.330
383298.125	-531188.625	-4923.074
448892.625	-411663.281	-4939.819
352362.813	-441601.250	-4956.563
599881.188	-607768.750	-4973.308
569625.688	-428643.188	-4990.053
614857.938	-533374.938	-5006.797
507092.781	-556387.438	-5023.542
478278.656	-609445.563	-5040.286
621410.813	-423743.344	-5057.031
426457.438	-474996.719	-5073.775
537297.625	-472240.063	-5090.520
545651.813	-513361.750	-5107.265
557680.500	-353522.563	-5124.009
588502.438	-477132.781	-5140.754
487353.594	-361181.844	-5157.498
577307.688	-459486.438	-5174.243
640617.938	-542958.563	-5190.987
609248.438	-425823.750	-5207.732
488691.000	-413888.938	-5224.477
506474.906	-471226.000	-5241.221
383882.094	-340367.906	-5257.966
672123.438	-458339.938	-5274.710
546044.250	-481479.906	-5291.455
520389.875	-418590.344	-5308.199
578294.500	-385071.781	-5324.944
430848.844	-420934.969	-5341.689
548010.500	-356087.531	-5358.433
540033.063	-352306.844	-5375.178
549988.688	-444374.781	-5391.922
572768.063	-383758.281	-5408.667
497985.250	-394234.719	-5425.411
596241.563	-399898.406	-5442.156
547859.250	-362526.031	-5458.901
456935.063	-348053.188	-5475.645
449206.188	-479302.125	-5492.390
526433.313	-412969.469	-5509.134
453878.750	-438965.500	-5525.879
515428.406	-406348.000	-5542.623
460307.438	-449579.875	-5559.368
475938.156	-400181.938	-5576.113
560899.000	-453674.750	-5592.857
525815.625	-291562.063	-5609.602
540803.813	-329946.906	-5626.346
488504.406	-358329.406	-5643.091
590637.125	-457332.313	-5659.836
526402.750	-355710.063	-5676.580
485883.031	-414644.406	-5693.325
543173.063	-318374.875	-5710.069
565094.875	-422745.219	-5726.814
489124.563	-415098.188	-5743.558
540355.375	-367198.156	-5760.303
501431.563	-387760.094	-5777.048
659926.438	-399005.281	-5793.792
480671.000	-398085.094	-5810.537
581868.813	-311594.531	-5827.281
496646.031	-340216.250	-5844.026
584347.875	-405701.719	-5860.770
488542.125	-297333.156	-5877.515
589844.063	-364744.219	-5894.260
469246.875	-309639.594	-5911.004
584094.625	-293785.813	-5927.749
494401.938	-406639.969	-5944.493
617882.875	-327106.313	-5961.238
553102.000	-388588.125	-5977.982
442879.438	-253429.578	-5994.727
485201.094	-353852.656	-6011.472
499687.844	-375008.594	-6028.216
590195.375	-293712.531	-6044.961
385424.750	-324855.469	-6061.705
576264.813	-413307.781	-6078.450
542066.563	-337153.750	-6095.194
508217.375	-282877.813	-6111.939
500404.938	-308883.719	-6128.684
483340.000	-295941.813	-6145.428
586453.688	-265097.094	-6162.173
507971.313	-418597.813	-6178.917
504046.313	-356087.625	-6195.662
474221.531	-247234.672	-6212.407
474677.031	-284836.438	-6229.151
490023.938	-290986.250	-6245.896
466324.813	-161748.172	-6262.640
613088.250	-324085.531	-6279.385
602286.563	-324887.906	-6296.129
507538.750	-291247.688	-6312.874
510196.000	-276332.656	-6329.619
554277.750	-246414.891	-6346.363
535538.188	-384034.250	-6363.108
552854.250	-313190.031	-6379.852
523788.813	-282657.563	-6396.597
505861.000	-215519.047	-6413.341
497446.406	-263882.563	-6430.086
485616.563	-269522.594	-6446.831
547279.063	-364221.031	-6463.575
456333.344	-291540.375	-6480.320
510710.094	-250396.203	-6497.064
498094.844	-326409.344	-6513.809
543604.313	-339841.844	-6530.553
516865.469	-235783.813	-6547.298
508067.875	-255259.688	-6564.043
541545.375	-198129.344	-6580.787
595142.500	-258279.750	-6597.532
450144.875	-321375.531	-6614.276
515293.688	-160032.047	-6631.021
533072.063	-350883.625	-6647.765
432053.438	-360176.125	-6664.510
492445.469	-172550.219	-6681.255
599757.750	-363187.531	-6697.999
467040.719	-337288.281	-6714.744
422702.469	-159737.781	-6731.488
625481.313	-225106.188	-6748.233
542253.063	-249223.688	-6764.977
445200.219	-192369.453	-6781.722
487711.688	-279862.219	-6798.467
524117.281	-226221.203	-6815.211
509926.875	-206444.500	-6831.956
517079.531	-292515.438	-6848.700
626664.375	-218622.563	-6865.445
478517.281	-263112.031	-6882.190
480365.438	-217261.297	-6898.934
545087.375	-200828.969	-6915.679
485838.813	-275922.031	-6932.423
532530.063	-155334.734	-6949.168
508706.938	-176624.281	-6965.912
391885.000	-152145.156	-6982.657
655870.688	-203341.313	-6999.402
513916.531	-275081.594	-7016.146
564510.188	-199390.250	-7032.891
508282.844	-276625.031	-7049.635
488607.688	-145530.203	-7066.380
521103.375	-110860.578	-7083.124
400933.688	-220026.344	-7099.869
536797.313	-147889.109	-7116.614
496911.844	-298515.969	-7133.358
514719.531	-216033.313	-7150.103
454972.781	-198402.266	-7166.847
567538.500	-269498.875	-7183.592
379138.781	-249343.891	-7200.336
429657.875	-77164.172	-7217.081
611906.188	-259503.672	-7233.826
529211.188	-188619.969	-7250.570
473006.281	-133611.594	-7267.315
493290.719	-179148.781	-7284.059
563463.500	-156948.156	-7300.804
526486.875	-218241.313	-7317.548
526747.250	-225837.203	-7334.293
478495.938	-191187.984	-7351.038
470049.125	-213637.906	-7367.782
490837.906	-288231.094	-7384.527
480119.281	-204603.359	-7401.271
527040.750	-182148.250	-7418.016
463417.719	-58292.684	-7434.761
514380.375	-129689.867	-7451.505
591621.750	-90257.352	-7468.250
475160.094	-195767.656	-7484.994
459275.313	-190976.750	-7501.739
418896.813	-192645.063	-7518.483
556125.563	-185102.719	-7535.228
548308.125	-132424.281	-7551.973
586666.750	-231735.766	-7568.717
571957.688	-146308.547	-7585.462
494178.375	-145883.578	-7602.206
513351.281	-131647.953	-7618.951
565569.688	-149650.250	-7635.695
488330.906	-160660.516	-7652.440
481869.031	-86244.031	-7669.185
482928.469	-170180.969	-7685.929
529176.938	-28101.250	-7702.674
542007.875	-48389.414	-7719.418
473099.125	-242492.203	-7736.163
421120.094	-213032.125	-7752.907
417272.031	-193145.141	-7769.652
353022.719	-119443.563	-7786.397
455698.375	-174892.547	-7803.141
576805.313	-130902.164	-7819.886
436583.313	-31902.592	-7836.630
512378.813	-141905.234	-7853.375
496353.750	-184038.047	-7870.119
571296.375	31057.193	-7886.864
499815.281	-105189.133	-7903.609
497879.531	-134397.359	-7920.353
487579.063	-187538.266	-7937.098
591331.625	-172296.500	-7953.842
542522.875	37536.820	-7970.587
429288.313	-64093.328	-7987.332
552084.188	-110940.477	-8004.076
413819.500	-125026.766	-8020.821
473675.281	-68655.609	-8037.565
562042.938	-102451.469	-8054.310
449037.875	-146834.391	-8071.054
468060.219	-81087.430	-8087.799
490288.625	-141815.438	-8104.544
429168.813	-76937.617	-8121.288
497252.438	-96715.750	-8138.033
534858.688	-78744.266	-8154.777
478772.188	-90798.273	-8171.522
569613.250	-236613.063	-8188.266
554301.250	-55642.699	-8205.011
373071.313	-111060.313	-8221.756
518664.750	78100.805	-8238.500
558775.125	-74388.984	-8255.245
534191.375	-159505.500	-8271.989
463725.125	-131012.234	-8288.734
592990.188	-16093.992	-8305.478
592108.625	-59993.750	-8322.223
582434.188	-69522.063	-8338.968
568554.063	-101601.500	-8355.712
492100.531	-82591.523	-8372.457
420488.094	-153307.938	-8389.201
477418.813	7374.981	-8405.946
553363.313	-59922.230	-8422.690
483760.250	-72690.875	-8439.435
483602.000	-13142.067	-8456.180
482379.719	-218123.984	-8472.924
508169.313	-56800.270	-8489.669
475321.406	-128889.852	-8506.413
409883.594	-49094.988	-8523.158
471746.656	-48491.844	-8539.902
535518.313	-99223.078	-8556.647
