Data Point Listing of File C:\NTNMR\data\phil\temp_F2_spin_echo.tnt
Starting Point:	1	Ending Point:	512
Real	Imag	Hz
908652.000	-221697.875	999980.282
751524.313	-68788.961	996074.032
709150.438	81437.352	992167.782
573372.750	-25018.783	988261.532
885544.125	425247.875	984355.282
1028586.125	82340.648	980449.032
1106011.000	186381.344	976542.782
918187.625	202252.641	972636.532
887619.688	-244861.609	968730.282
552329.438	209053.375	964824.032
809184.625	206245.906	960917.782
787291.250	-246530.078	957011.532
950965.688	493493.156	953105.282
1111747.000	135481.344	949199.032
705767.000	293435.500	945292.782
751036.813	-38322.031	941386.532
1021204.938	534642.688	937480.282
1132722.250	-23136.242	933574.032
1151772.625	216080.313	929667.782
334519.688	151981.453	925761.532
1056404.125	80512.563	921855.282
1089279.875	7190.568	917949.032
855181.563	-71274.023	914042.782
884464.938	-4278.315	910136.532
1199768.875	308848.781	906230.282
1426035.750	359524.500	902324.032
458501.844	56766.941	898417.782
1006394.000	-126206.383	894511.532
934022.188	548822.063	890605.282
1119940.625	-82698.180	886699.032
666706.438	487410.719	882792.782
697137.375	68475.961	878886.532
1066315.000	-219208.516	874980.282
862717.188	29717.549	871074.032
783045.688	-55551.289	867167.782
987895.188	401812.875	863261.532
1163242.250	-161124.313	859355.282
1066948.625	68309.305	855449.032
267472.375	73184.492	851542.782
747444.813	380703.938	847636.532
771411.188	597349.313	843730.282
636129.250	-32971.203	839824.032
1428512.250	352155.875	835917.782
1077170.375	512953.063	832011.532
678314.875	187422.766	828105.282
715820.875	184962.250	824199.032
898720.063	152358.297	820292.782
744633.250	80525.664	816386.532
548334.813	-10863.324	812480.282
1201942.750	739537.438	808574.032
1086276.500	334952.031	804667.782
526220.500	788478.188	800761.532
1012506.063	193042.406	796855.282
1106588.250	596863.875	792949.032
742653.250	491744.094	789042.782
758288.438	589571.250	785136.532
1068747.250	499731.125	781230.282
340820.563	115516.438	777324.032
1087926.125	582676.938	773417.782
363862.125	-56024.547	769511.532
953756.563	725071.000	765605.282
1224366.625	149815.188	761699.032
1017788.375	938999.500	757792.782
88018.297	496781.906	753886.532
1215421.125	636131.750	749980.282
368918.438	65950.445	746074.032
911795.625	493820.469	742167.782
727005.250	95658.250	738261.532
864176.563	12236.623	734355.282
840549.688	182671.813	730449.032
989603.750	597199.125	726542.782
702107.500	623865.375	722636.532
888059.688	1158651.125	718730.282
1028501.438	-84883.586	714824.032
1147280.125	342026.594	710917.782
1187559.500	826873.688	707011.532
884916.375	352671.313	703105.282
911974.500	82847.672	699199.032
902179.500	531602.063	695292.782
954290.375	432247.875	691386.532
393545.188	278776.469	687480.282
1188355.750	661962.188	683574.032
1275329.125	882016.688	679667.782
737075.563	858718.813	675761.532
1060956.000	1227905.750	671855.282
999250.313	1063444.750	667949.032
634120.188	578459.000	664042.782
932603.875	267418.875	660136.532
826719.563	329479.656	656230.282
596382.188	598955.375	652324.032
1088166.625	-15411.132	648417.782
956346.875	419869.531	644511.532
1029572.938	437812.063	640605.282
972189.438	670793.188	636699.032
1188488.625	1127972.375	632792.782
1306677.250	930886.188	628886.532
1041376.000	1037082.688	624980.282
1030871.875	942745.875	621074.032
383932.656	688879.250	617167.782
682182.750	1137266.250	613261.532
761166.500	376343.750	609355.282
1251438.750	273776.094	605449.032
870375.750	581345.625	601542.782
912323.375	433282.594	597636.532
842247.438	492802.031	593730.282
1102653.875	873410.250	589824.032
934457.750	898437.375	585917.782
1401626.875	1051844.750	582011.532
765996.438	510093.563	578105.282
1008297.375	723817.063	574199.032
627508.500	1244395.125	570292.782
1250719.625	1028927.563	566386.532
1402170.000	1403699.250	562480.282
1202252.875	922481.813	558574.032
390181.813	823308.750	554667.782
1427847.875	559016.125	550761.532
1450421.750	1290651.250	546855.282
802872.875	1321835.125	542949.032
229369.344	877440.063	539042.782
1327865.875	186672.672	535136.532
1240784.750	869296.688	531230.282
1084420.000	1291525.500	527324.032
934203.375	674052.813	523417.782
600159.500	955618.438	519511.532
788527.125	860438.750	515605.282
1811378.625	938464.063	511699.032
1118578.875	1170238.375	507792.782
526170.688	873486.875	503886.532
1374629.750	93752.453	499980.282
1101068.000	981546.688	496074.032
832583.875	1651193.625	492167.782
853070.125	568111.938	488261.532
1512971.000	478653.813	484355.282
721813.375	990042.625	480449.032
1241142.000	949285.688	476542.782
1242301.875	1206485.125	472636.532
636105.875	1161282.750	468730.282
960869.875	1005374.750	464824.032
1189935.625	1035953.000	460917.782
324334.750	677729.250	457011.532
1043455.125	771284.625	453105.282
1049810.000	1364195.250	449199.032
430483.125	1237980.500	445292.782
1398033.875	797291.500	441386.532
1271208.750	1332526.000	437480.282
1077784.875	1502613.000	433574.032
662471.375	1145390.375	429667.782
813436.563	1530997.000	425761.532
669501.750	1876071.875	421855.282
443691.500	1568320.000	417949.032
800219.813	1403624.375	414042.782
594644.188	1522472.875	410136.532
1157842.125	2019791.125	406230.282
634153.688	1126123.625	402324.032
166518.859	1586151.750	398417.782
1253990.250	909097.750	394511.532
1157446.875	1494904.875	390605.282
1424929.500	1374071.625	386699.032
765359.625	1226923.500	382792.782
1350900.625	1140421.750	378886.532
1104926.125	1450930.500	374980.282
705056.688	1551624.875	371074.032
1792550.750	1239530.125	367167.782
1661790.625	1924259.250	363261.532
525150.000	1866342.625	359355.282
916050.250	1890605.250	355449.032
1030118.125	1605192.875	351542.782
1102894.625	2163306.750	347636.532
629897.625	1935594.375	343730.282
943285.500	1456915.875	339824.032
1043190.563	1745452.875	335917.782
808107.250	2193541.750	332011.532
894186.250	1555100.625	328105.282
1141337.125	2169748.750	324199.032
1203818.875	1753619.750	320292.782
1244235.875	2428800.250	316386.532
925963.000	2148375.250	312480.282
889452.125	1885699.625	308574.032
470123.406	2161552.500	304667.782
998033.188	2465944.500	300761.532
1084851.500	2055355.625	296855.282
783683.250	2411088.250	292949.032
1250516.375	2792366.750	289042.782
731171.813	2620157.500	285136.532
809390.000	2318295.750	281230.282
557044.313	2502726.500	277324.032
982761.063	2037123.000	273417.782
823713.563	2434185.500	269511.532
1365071.250	3191667.000	265605.282
1332971.375	2804767.000	261699.032
734823.438	3266673.250	257792.782
1499012.500	3279799.500	253886.532
1619078.875	3104390.250	249980.282
228262.938	3438432.750	246074.032
920986.500	2879437.750	242167.782
457509.094	3175282.750	238261.532
1213457.125	4072689.750	234355.282
1232886.750	3160839.750	230449.032
428306.875	4026737.000	226542.782
1415755.125	4182285.500	222636.532
997364.938	3758739.000	218730.282
913141.813	4544548.500	214824.032
616277.313	4209195.000	210917.782
863061.500	4842431.500	207011.532
646484.125	5017957.000	203105.282
1043519.750	5223077.000	199199.032
617308.375	5076814.000	195292.782
1263188.375	5949710.500	191386.532
605289.625	6524023.000	187480.282
998743.750	6952410.500	183574.032
1246962.250	7014148.500	179667.782
2298938.500	8196780.500	175761.532
3464998.750	8215969.000	171855.282
4563429.500	8041436.500	167949.032
4860468.000	7502816.500	164042.782
5102731.000	6886545.000	160136.532
4309605.500	6965909.000	156230.282
5067390.000	7141768.500	152324.032
4643202.000	7557694.500	148417.782
5295238.500	8156250.500	144511.532
5210174.500	8233040.000	140605.282
5593992.500	8793184.000	136699.032
6570649.500	8327858.500	132792.782
6692112.500	8875601.000	128886.532
7455750.500	9127390.000	124980.282
7641786.500	9637214.000	121074.032
8188299.000	10409163.000	117167.782
8979771.000	10713560.000	113261.532
11062678.000	11485473.000	109355.282
12073156.000	12183526.000	105449.032
14421959.000	12528636.000	101542.782
17683182.000	11471075.000	97636.532
20706306.000	10549402.000	93730.282
23992404.000	7156060.500	89824.032
24944642.000	2609489.750	85917.782
24790602.000	-1015965.250	82011.532
23109042.000	-3934241.750	78105.282
21568974.000	-6540474.500	74199.032
19404238.000	-7995601.500	70292.782
17345264.000	-8679277.000	66386.532
16446009.000	-8895428.000	62480.282
14948414.000	-9734061.000	58574.032
13704195.000	-9962667.000	54667.782
13091089.000	-10952127.000	50761.532
11644312.000	-11162248.000	46855.282
10745650.000	-11435455.000	42949.032
9534625.000	-11712116.000	39042.782
7414409.000	-11191012.000	35136.532
6808043.000	-11061277.000	31230.282
5943894.000	-10254114.000	27324.032
5318424.500	-10537424.000	23417.782
4970668.000	-10052851.000	19511.532
4797669.000	-9711795.000	15605.282
3588323.750	-8909378.000	11699.032
3827428.250	-8774464.000	7792.782
3195572.500	-8680804.000	3886.532
2236770.750	-7305146.500	-19.718
2709670.500	-7975076.000	-3925.968
2469527.000	-7517634.500	-7832.218
1475196.375	-7215254.000	-11738.468
1314164.500	-7157217.500	-15644.718
1166109.625	-6835617.500	-19550.968
1530373.625	-6086601.500	-23457.218
1124736.375	-6415842.000	-27363.468
1640048.500	-5427460.500	-31269.718
1370173.375	-5267084.500	-35175.968
1420824.125	-4835851.500	-39082.218
1586638.125	-5211934.000	-42988.468
1606394.000	-4787117.000	-46894.718
1395074.000	-4471276.500	-50800.968
525539.000	-5114138.500	-54707.218
1106075.000	-4532074.000	-58613.468
1023979.875	-4581750.500	-62519.718
940246.625	-4327515.500	-66425.968
1032982.750	-4313385.500	-70332.218
1582835.000	-4572438.500	-74238.468
779893.750	-4074642.500	-78144.718
356095.281	-3929715.500	-82050.968
1016039.563	-4033036.750	-85957.218
527213.688	-3636627.750	-89863.468
1063710.500	-3777399.750	-93769.718
780619.438	-3799239.750	-97675.968
358151.594	-3072775.000	-101582.218
511857.531	-2710722.000	-105488.468
386116.438	-3160923.500	-109394.718
1149099.250	-3332605.000	-113300.968
784511.625	-2683966.000	-117207.218
1343965.875	-2465608.000	-121113.468
207948.078	-3041220.000	-125019.718
527363.125	-2898242.500	-128925.968
553598.063	-2418329.250	-132832.218
670918.500	-2432587.250	-136738.468
846496.875	-2219757.000	-140644.718
621387.000	-2482099.500	-144550.968
1313032.500	-2605573.500	-148457.218
1290967.500	-2359216.000	-152363.468
850074.000	-2379692.500	-156269.718
589577.750	-2551674.000	-160175.968
1034150.875	-2416652.500	-164082.218
1262854.125	-1931925.375	-167988.468
999760.000	-2376740.750	-171894.718
695143.750	-2405005.500	-175800.968
732924.563	-1662504.875	-179707.218
276396.813	-2325857.000	-183613.468
886761.688	-2228324.250	-187519.718
898242.375	-2751766.750	-191425.968
677670.375	-2080574.875	-195332.218
956120.125	-2431425.750	-199238.468
763021.813	-1732073.625	-203144.718
804639.313	-2203375.750	-207050.968
855302.250	-1985927.250	-210957.218
507940.125	-1726939.750	-214863.468
308750.750	-2524224.000	-218769.718
504137.438	-1706075.625	-222675.968
773306.813	-1390690.875	-226582.218
820730.375	-2226836.500	-230488.468
275160.719	-1500286.500	-234394.718
431150.438	-1733483.000	-238300.968
896509.625	-1917883.875	-242207.218
732166.438	-1880368.125	-246113.468
833657.938	-1922956.625	-250019.718
842527.500	-1532475.875	-253925.968
765389.625	-1411377.000	-257832.218
1374476.125	-1656350.375	-261738.468
789410.813	-1626527.375	-265644.718
851891.500	-1903748.250	-269550.968
629307.438	-1610227.750	-273457.218
833653.875	-1407923.750	-277363.468
1010015.875	-1819207.125	-281269.718
824269.625	-1688843.750	-285175.968
869621.875	-1481004.500	-289082.218
853940.688	-1171586.000	-292988.468
1255803.000	-1331484.125	-296894.718
485829.688	-1305311.875	-300800.968
643352.625	-1187961.750	-304707.218
768325.188	-1169902.125	-308613.468
804053.688	-1022975.500	-312519.718
868974.000	-1399209.250	-316425.968
904261.313	-1549267.625	-320332.218
796131.938	-1615881.500	-324238.468
442875.188	-1171995.375	-328144.718
1012896.375	-989261.375	-332050.968
812230.438	-1351897.625	-335957.218
737983.250	-891995.188	-339863.468
600159.313	-1315547.625	-343769.718
800143.375	-1340820.375	-347675.968
624234.625	-504274.813	-351582.218
521401.250	-1788316.750	-355488.468
411105.719	-819186.375	-359394.718
388505.375	-1171089.750	-363300.968
980816.250	-947521.063	-367207.218
199052.609	-995379.813	-371113.468
763779.750	-1239326.625	-375019.718
354757.188	-915562.375	-378925.968
1078485.875	-987446.375	-382832.218
885012.375	-769344.500	-386738.468
621336.750	-677437.875	-390644.718
889081.750	-1283380.250	-394550.968
981266.750	-502126.063	-398457.218
540499.438	-788905.250	-402363.468
1054660.375	-905205.313	-406269.718
943942.188	-913862.250	-410175.968
590200.500	-1069080.875	-414082.218
958596.625	-713829.625	-417988.468
1109512.875	-874971.375	-421894.718
869441.563	-1036661.063	-425800.968
1048763.000	-675209.250	-429707.218
574486.375	-767688.000	-433613.468
451304.281	-1173737.500	-437519.718
1134443.500	-982510.938	-441425.968
984557.000	-558534.313	-445332.218
1225149.625	-1216959.500	-449238.468
800454.688	-713782.563	-453144.718
530379.563	-1061982.750	-457050.968
1089161.625	-794828.313	-460957.218
1100078.375	-791150.000	-464863.468
682815.875	-772369.188	-468769.718
910869.875	-802242.438	-472675.968
583129.188	-734039.313	-476582.218
919085.688	-631684.125	-480488.468
1081437.375	-708891.688	-484394.718
1006951.188	-961924.938	-488300.968
925395.313	-506573.375	-492207.218
1042814.063	-1025457.063	-496113.468
1099312.125	-1087955.250	-500019.718
963716.875	-555735.750	-503925.968
1142974.875	-861896.063	-507832.218
907973.688	-901049.000	-511738.468
897910.563	-1025619.063	-515644.718
501242.375	-742652.563	-519550.968
859715.000	-700509.313	-523457.218
1160522.000	-679037.250	-527363.468
805393.000	-716609.313	-531269.718
1003697.125	-750776.750	-535175.968
904021.125	-744566.188	-539082.218
899535.875	-1253562.375	-542988.468
735355.875	-860531.625	-546894.718
946527.563	-496278.438	-550800.968
999414.063	-510298.781	-554707.218
992048.625	-440836.250	-558613.468
942533.000	-534066.938	-562519.718
701483.375	-437837.594	-566425.968
796064.125	-150824.000	-570332.218
732460.563	-657329.500	-574238.468
999391.938	-864035.188	-578144.718
890029.250	-947478.438	-582050.968
882680.438	-701022.563	-585957.218
695255.000	-569000.750	-589863.468
880247.375	-567160.250	-593769.718
797614.813	-369537.688	-597675.968
919009.688	-873358.875	-601582.218
952115.438	-621695.813	-605488.468
1032752.375	-866619.375	-609394.718
677737.938	-569603.875	-613300.968
1267217.500	-217158.797	-617207.218
1221377.250	-511569.000	-621113.468
960363.688	-366792.531	-625019.718
677868.125	-538841.688	-628925.968
847523.000	-556394.500	-632832.218
454448.000	-534300.938	-636738.468
904525.500	-530893.625	-640644.718
487620.531	-658854.125	-644550.968
750012.000	-304321.063	-648457.218
964031.250	-438180.656	-652363.468
641966.563	-691756.438	-656269.718
731475.438	-24190.697	-660175.968
1000231.000	-597149.563	-664082.218
588681.250	-613857.125	-667988.468
1003275.563	-233218.484	-671894.718
914323.688	-746223.563	-675800.968
668132.750	-402013.500	-679707.218
819162.875	-539067.813	-683613.468
1118381.000	-561985.750	-687519.718
682477.438	-468924.563	-691425.968
792301.500	-474102.281	-695332.218
1241307.375	-689971.000	-699238.468
672744.750	-791700.750	-703144.718
808884.375	-728128.188	-707050.968
1021746.875	86763.594	-710957.218
717085.188	-262413.313	-714863.468
846356.188	-303470.406	-718769.718
933022.813	-166794.359	-722675.968
774677.500	-369415.125	-726582.218
890417.063	-365918.250	-730488.468
689634.438	-536853.875	-734394.718
953867.375	-498820.469	-738300.968
699739.875	-177823.422	-742207.218
962475.063	-542390.125	-746113.468
1068607.375	-280451.188	-750019.718
654804.438	-256555.078	-753925.968
511289.594	-383498.063	-757832.218
775151.625	-107232.922	-761738.468
618388.125	-121627.805	-765644.718
888462.125	-414945.531	-769550.968
961921.375	-278817.594	-773457.218
902349.250	-438870.906	-777363.468
1065118.250	-359488.906	-781269.718
993456.938	-277454.063	-785175.968
1008751.063	-263201.906	-789082.218
1351605.000	-189220.984	-792988.468
972810.438	-178814.734	-796894.718
706969.750	-516764.094	-800800.968
976016.375	-119233.602	-804707.218
1162430.750	-607935.813	-808613.468
577440.625	-157131.828	-812519.718
956484.063	-227671.547	-816425.968
878078.375	-344987.063	-820332.218
1051508.250	-53412.648	-824238.468
1081284.750	-269005.063	-828144.718
642901.875	-46211.652	-832050.968
1137979.750	-619225.250	-835957.218
1103681.250	-300340.156	-839863.468
1179181.250	-394155.594	-843769.718
1157458.250	-293601.813	-847675.968
626996.438	-18313.887	-851582.218
740119.688	-6168.581	-855488.468
1213204.750	-219707.047	-859394.718
852375.438	-6018.182	-863300.968
923573.250	-110921.211	-867207.218
677522.563	-275170.063	-871113.468
992515.750	-602319.125	-875019.718
1087409.750	142239.625	-878925.968
1143483.500	-107838.977	-882832.218
1106536.125	-271096.094	-886738.468
468063.438	-389314.531	-890644.718
722924.313	-64879.410	-894550.968
529186.250	-581044.188	-898457.218
763819.438	-166836.641	-902363.468
551439.750	-535151.625	-906269.718
775898.438	-329967.250	-910175.968
643546.875	-88290.266	-914082.218
735576.875	-285793.156	-917988.468
622607.688	-399483.875	-921894.718
1126475.375	-374364.969	-925800.968
974988.688	-454227.156	-929707.218
595167.875	-220758.844	-933613.468
949381.938	-99431.633	-937519.718
891904.188	-390040.469	-941425.968
798324.375	-104416.211	-945332.218
722198.563	-55478.332	-949238.468
874445.875	-43953.301	-953144.718
666823.313	-30676.453	-957050.968
591059.375	369088.313	-960957.218
978004.813	-173940.375	-964863.468
564984.125	224605.516	-968769.718
760580.938	210126.344	-972675.968
535263.813	-30773.107	-976582.218
701775.438	-7994.923	-980488.468
588162.688	-34218.918	-984394.718
685671.188	215642.141	-988300.968
833709.438	210683.281	-992207.218
792347.125	-17204.270	-996113.468
