Data Point Listing of File C:\NTNMR\data\phil\temp_F2_spin_echo.tnt
Starting Point:	1	Ending Point:	512
Real	Imag	Hz
3502929.000	-763389.563	999980.282
3953719.000	13393.880	996074.032
3876418.500	-367662.375	992167.782
4127764.750	379388.813	988261.532
3691086.250	486710.875	984355.282
3866812.500	672929.250	980449.032
3351301.500	992867.125	976542.782
4027092.000	152674.109	972636.532
3599143.250	689083.438	968730.282
3274676.250	-197793.172	964824.032
3724753.000	507782.719	960917.782
3714198.500	98691.617	957011.532
3706719.250	218840.547	953105.282
3532273.250	548782.313	949199.032
3678000.000	530897.750	945292.782
3388751.000	229961.813	941386.532
3687168.500	1008867.688	937480.282
3862986.500	1055043.625	933574.032
3800476.000	11073.497	929667.782
3248118.750	280007.250	925761.532
3690601.750	214311.109	921855.282
3764157.000	313362.156	917949.032
3312358.500	768072.000	914042.782
3845365.500	473168.500	910136.532
3825554.750	1320958.000	906230.282
4218861.000	268870.406	902324.032
3977415.500	407805.281	898417.782
3118513.500	432125.656	894511.532
3319464.250	951144.625	890605.282
4177193.250	91454.742	886699.032
4043994.000	509466.313	882792.782
3158524.000	493593.406	878886.532
3291261.750	252408.188	874980.282
3707618.750	476738.938	871074.032
3515504.750	-241238.672	867167.782
3396282.000	588750.313	863261.532
4073187.000	550948.875	859355.282
3810223.750	1984396.875	855449.032
3515703.750	616385.188	851542.782
3773102.750	644390.688	847636.532
3506034.250	791212.625	843730.282
3565534.000	323847.844	839824.032
3624250.500	893551.375	835917.782
3794264.000	961523.375	832011.532
3862692.500	1023202.188	828105.282
3705379.500	244601.234	824199.032
3267129.000	911824.188	820292.782
3065461.750	1347813.000	816386.532
4003944.500	1053137.000	812480.282
3857824.000	733021.500	808574.032
4119558.000	1024943.063	804667.782
3491137.500	1090684.125	800761.532
3450257.000	1820692.750	796855.282
3836041.500	1406887.000	792949.032
3601161.250	1745921.000	789042.782
3470024.000	1969852.750	785136.532
3703475.250	1749493.875	781230.282
3492411.750	1515810.375	777324.032
3602042.500	1396795.625	773417.782
2633998.000	2081987.375	769511.532
2920308.750	1324387.000	765605.282
2982737.500	826614.500	761699.032
3498639.750	1194179.125	757792.782
3320568.250	1810080.125	753886.532
3801506.500	1308167.500	749980.282
3840000.250	2033760.000	746074.032
3739422.250	1203270.250	742167.782
3357485.750	971950.000	738261.532
3025307.500	915141.313	734355.282
3907376.250	1450105.250	730449.032
3677061.750	329881.969	726542.782
3155009.250	929947.375	722636.532
2959814.750	1654140.875	718730.282
3920026.250	1224690.250	714824.032
4626535.500	1827278.625	710917.782
3396858.750	1614600.250	707011.532
3767686.500	2122530.750	703105.282
2940898.750	2331693.250	699199.032
3311146.000	2094907.625	695292.782
3486247.500	2084636.750	691386.532
4250278.000	2592171.750	687480.282
2407962.000	1848878.125	683574.032
3832643.500	1379850.875	679667.782
3641664.750	2305326.750	675761.532
3903083.000	2748846.000	671855.282
4245741.500	2173386.750	667949.032
2710370.250	2380987.000	664042.782
3216993.250	2119177.750	660136.532
3890787.250	1458353.000	656230.282
4468102.000	2274412.250	652324.032
2556184.750	2048149.125	648417.782
4034692.000	1784986.750	644511.532
3512461.500	2928022.000	640605.282
4052543.000	1647768.000	636699.032
3460852.500	2635491.250	632792.782
3624461.500	2181666.000	628886.532
3605165.000	2862530.500	624980.282
2896065.250	2449403.500	621074.032
3132592.000	2007782.625	617167.782
3648050.250	2685330.000	613261.532
2642825.250	2916887.250	609355.282
2613972.250	3051736.000	605449.032
3113847.250	2119020.500	601542.782
3615967.500	2741411.250	597636.532
3459017.250	2992990.000	593730.282
3080885.000	1655012.250	589824.032
3945411.000	2716612.000	585917.782
2527171.750	3344135.000	582011.532
4350756.000	2113181.000	578105.282
3175175.500	2891552.250	574199.032
3521369.250	2905874.750	570292.782
2504393.500	3556885.500	566386.532
3338097.750	3446202.750	562480.282
3244047.500	4432558.500	558574.032
3151685.750	3266850.000	554667.782
4314632.500	3219201.500	550761.532
3592779.750	4079537.000	546855.282
3916251.250	3250101.750	542949.032
3733573.250	3402468.000	539042.782
4154273.750	3645423.750	535136.532
3190309.250	3486479.000	531230.282
2327819.500	3741214.500	527324.032
3757338.000	3787805.750	523417.782
3963560.250	2641160.750	519511.532
4431898.500	4447682.500	515605.282
3530168.750	3697265.000	511699.032
3217280.750	3414736.750	507792.782
4209361.500	3681478.250	503886.532
2632122.250	2935587.500	499980.282
3039830.250	4485151.000	496074.032
3438945.250	4182069.000	492167.782
3725096.500	4553268.500	488261.532
3735797.750	3136533.500	484355.282
3304752.750	4671690.000	480449.032
4014608.250	4660626.000	476542.782
3341557.000	4336897.000	472636.532
2874640.750	3318765.000	468730.282
2719910.000	4617844.500	464824.032
2968973.000	4840671.000	460917.782
3679997.500	3902802.500	457011.532
3815453.500	4734967.500	453105.282
3396385.250	4695690.500	449199.032
3494398.250	5281745.000	445292.782
3863066.000	5086017.000	441386.532
3690545.500	4552209.000	437480.282
3494897.250	4510068.500	433574.032
4533970.500	4518821.500	429667.782
3444167.000	4977529.500	425761.532
3429856.250	4262524.000	421855.282
2760790.000	3836503.250	417949.032
3804128.500	5352531.000	414042.782
4379322.500	5141961.500	410136.532
3240246.500	5398311.500	406230.282
3796368.750	6218962.000	402324.032
3058079.000	5556603.000	398417.782
3405995.250	5770166.000	394511.532
4838463.000	5048514.000	390605.282
2828164.750	5305168.500	386699.032
3665278.000	6185534.000	382792.782
4076788.500	5282056.000	378886.532
3026469.000	5517720.500	374980.282
4210276.000	6024606.500	371074.032
3870805.250	5370023.500	367167.782
3817059.500	6442542.500	363261.532
4272984.000	6019113.500	359355.282
3790578.000	6110765.000	355449.032
3527730.000	5993735.000	351542.782
4163155.250	5980646.500	347636.532
3400001.750	6940137.000	343730.282
3906443.750	6643413.500	339824.032
4189170.500	7020123.500	335917.782
3102967.500	7835293.000	332011.532
3064155.000	7830542.500	328105.282
3820430.750	7389769.000	324199.032
4134696.000	6551784.000	320292.782
2620354.000	7933067.000	316386.532
4070010.250	6351881.000	312480.282
3702007.250	7829753.000	308574.032
3739183.750	7737779.500	304667.782
3540046.750	7494460.500	300761.532
2595396.750	7214694.500	296855.282
3492015.750	7650767.500	292949.032
3318801.250	7942980.500	289042.782
3453616.750	8613818.000	285136.532
2035750.625	9353232.000	281230.282
3723346.250	8509790.000	277324.032
2611361.750	10063095.000	273417.782
3522425.500	8470070.000	269511.532
3545677.000	8708026.000	265605.282
3362942.000	9652891.000	261699.032
3569898.000	9941795.000	257792.782
2808064.000	9385283.000	253886.532
5583638.000	9561230.000	249980.282
3406627.000	9084917.000	246074.032
2528620.250	10880849.000	242167.782
2963204.500	9279377.000	238261.532
2615603.750	10340540.000	234355.282
3746463.250	10388543.000	230449.032
3378631.000	12236518.000	226542.782
2856512.250	10968779.000	222636.532
1939591.000	12559103.000	218730.282
1910296.875	13691536.000	214824.032
3421793.750	13749197.000	210917.782
1179691.375	14037616.000	207011.532
2668688.750	15289807.000	203105.282
2597921.750	18125550.000	199199.032
5258195.000	18697314.000	195292.782
5145275.500	18555460.000	191386.532
6717424.000	19369894.000	187480.282
8477909.000	18075754.000	183574.032
8251559.500	17055390.000	179667.782
8036464.500	17480924.000	175761.532
7893841.500	16734873.000	171855.282
8980380.000	16739812.000	167949.032
8984665.000	17856492.000	164042.782
9858404.000	17648886.000	160136.532
11137481.000	19038994.000	156230.282
12271083.000	17566450.000	152324.032
12605956.000	18311736.000	148417.782
12290394.000	16133391.000	144511.532
12458240.000	16053664.000	140605.282
11019984.000	17379320.000	136699.032
11823242.000	16551263.000	132792.782
10809957.000	16055446.000	128886.532
10604068.000	17092214.000	124980.282
11154653.000	17155728.000	121074.032
10014325.000	18403444.000	117167.782
10540367.000	18820296.000	113261.532
11002867.000	19071988.000	109355.282
11030324.000	19692760.000	105449.032
10516759.000	20308732.000	101542.782
10779366.000	20281034.000	97636.532
10973742.000	21974038.000	93730.282
10387557.000	23537996.000	89824.032
10482552.000	23497272.000	85917.782
12273320.000	25749478.000	82011.532
10580647.000	27343062.000	78105.282
10186575.000	28726062.000	74199.032
10531939.000	31324250.000	70292.782
10968737.000	34179816.000	66386.532
13337130.000	36058816.000	62480.282
15328983.000	39895176.000	58574.032
17211568.000	42489004.000	54667.782
18746204.000	45663748.000	50761.532
22636454.000	50438396.000	46855.282
25944086.000	53526428.000	42949.032
30861488.000	56811456.000	39042.782
39126436.000	61532004.000	35136.532
48677972.000	64613776.000	31230.282
59581308.000	67292672.000	27324.032
73826128.000	68201912.000	23417.782
90245272.000	63343232.000	19511.532
108929872.000	52127180.000	15605.282
119920800.000	32975664.000	11699.032
126308368.000	12604735.000	7792.782
125007480.000	-9542452.000	3886.532
112795560.000	-29161290.000	-19.718
103146792.000	-39505700.000	-3925.968
93523328.000	-45692564.000	-7832.218
84851000.000	-52068144.000	-11738.468
76358176.000	-57717964.000	-15644.718
66212756.000	-60993148.000	-19550.968
57155328.000	-61604652.000	-23457.218
48736264.000	-60409476.000	-27363.468
42726976.000	-58963864.000	-31269.718
36449348.000	-58255416.000	-35175.968
33092748.000	-56539076.000	-39082.218
26390458.000	-54996536.000	-42988.468
21892808.000	-52046568.000	-46894.718
18607330.000	-50610996.000	-50800.968
15514222.000	-47864848.000	-54707.218
12717342.000	-43652180.000	-58613.468
11487177.000	-41749056.000	-62519.718
8964457.000	-40080780.000	-66425.968
9625476.000	-37207460.000	-70332.218
6864606.000	-36097492.000	-74238.468
6863441.000	-33108394.000	-78144.718
6041564.000	-33328540.000	-82050.968
4331040.500	-31327544.000	-85957.218
4446624.000	-30002680.000	-89863.468
2234675.500	-28591682.000	-93769.718
2128457.250	-27499474.000	-97675.968
1875983.875	-26291590.000	-101582.218
2518608.250	-24198944.000	-105488.468
1085556.875	-22405942.000	-109394.718
2473147.500	-20569470.000	-113300.968
1655474.875	-20144698.000	-117207.218
1862948.125	-18582088.000	-121113.468
2115579.500	-18337902.000	-125019.718
3581722.000	-18137906.000	-128925.968
2313122.000	-17725494.000	-132832.218
2724906.750	-18521464.000	-136738.468
2399717.750	-16775962.000	-140644.718
1814191.000	-16459631.000	-144550.968
2603724.250	-16390212.000	-148457.218
2252422.250	-15947949.000	-152363.468
2165064.750	-15235470.000	-156269.718
1456938.625	-15094948.000	-160175.968
1195494.875	-14747639.000	-164082.218
851362.625	-12788270.000	-167988.468
1338665.625	-13446559.000	-171894.718
1505371.500	-12373467.000	-175800.968
1844667.875	-11105263.000	-179707.218
2084240.375	-11398443.000	-183613.468
2957402.500	-12188240.000	-187519.718
1794171.625	-10926529.000	-191425.968
2855515.750	-11046333.000	-195332.218
2180493.750	-10529662.000	-199238.468
2249120.250	-10578075.000	-203144.718
2817616.750	-10159346.000	-207050.968
3463711.750	-10264397.000	-210957.218
2824315.250	-9282789.000	-214863.468
2972798.000	-10262077.000	-218769.718
3506139.750	-9663545.000	-222675.968
1389054.125	-9988651.000	-226582.218
2580415.750	-9136562.000	-230488.468
1850647.500	-8780341.000	-234394.718
2669235.750	-8658073.000	-238300.968
2501852.500	-8125243.500	-242207.218
2927085.000	-8406237.000	-246113.468
2891930.500	-8047031.500	-250019.718
3693185.500	-8436238.000	-253925.968
1772722.250	-8269546.500	-257832.218
2293938.500	-7150838.500	-261738.468
2918102.250	-7636916.000	-265644.718
2599058.250	-7115011.000	-269550.968
2642180.500	-7316677.000	-273457.218
2984169.250	-7876598.000	-277363.468
2349239.250	-6650991.500	-281269.718
2434596.500	-7174531.000	-285175.968
3247390.500	-7234332.500	-289082.218
2579824.000	-6495428.000	-292988.468
3616591.500	-5841792.500	-296894.718
2650508.250	-6373047.000	-300800.968
3590802.750	-5740169.500	-304707.218
2992115.500	-6383647.500	-308613.468
3415465.250	-6326245.500	-312519.718
3072471.750	-5489620.000	-316425.968
3494335.250	-5813755.000	-320332.218
3245769.750	-5694252.500	-324238.468
2722560.750	-4653343.500	-328144.718
3008890.250	-5064261.500	-332050.968
3319310.000	-4707642.500	-335957.218
2987563.250	-5048347.500	-339863.468
3528214.000	-4848588.000	-343769.718
3704557.250	-5302893.000	-347675.968
3380240.500	-5000242.500	-351582.218
3698695.000	-4252965.500	-355488.468
3684111.000	-5196150.000	-359394.718
3835645.500	-5088695.500	-363300.968
3358896.500	-5430260.000	-367207.218
3771041.500	-4546860.500	-371113.468
3247890.000	-4910285.500	-375019.718
3426506.000	-4766700.500	-378925.968
3699120.250	-3928399.000	-382832.218
3759772.500	-4509405.000	-386738.468
4047824.000	-5264236.000	-390644.718
3473665.250	-5515010.500	-394550.968
4265233.500	-4989793.500	-398457.218
4106887.000	-4650670.000	-402363.468
3318371.250	-4941753.500	-406269.718
3877407.000	-4247781.000	-410175.968
3562851.750	-4562604.000	-414082.218
4024933.500	-4149807.500	-417988.468
3623080.000	-3746785.500	-421894.718
3706698.500	-4047498.250	-425800.968
4308993.500	-4124358.750	-429707.218
2795825.500	-4036600.500	-433613.468
3936723.000	-3299182.250	-437519.718
3948309.250	-4498048.000	-441425.968
3918302.500	-3382689.250	-445332.218
3974869.250	-4472356.000	-449238.468
3883512.500	-3633626.500	-453144.718
3509090.750	-3727472.500	-457050.968
4578581.000	-3708673.500	-460957.218
3256051.000	-3197334.500	-464863.468
3913011.750	-3074264.250	-468769.718
3864734.000	-3507690.000	-472675.968
3444597.000	-3961900.500	-476582.218
3815741.250	-3173502.500	-480488.468
3938346.500	-4098507.500	-484394.718
3954611.000	-4200094.000	-488300.968
3712709.750	-3325407.500	-492207.218
3573191.000	-4220078.000	-496113.468
4337625.000	-2505454.750	-500019.718
4058512.000	-3612277.250	-503925.968
3510805.000	-3783650.750	-507832.218
4981335.500	-3444228.500	-511738.468
3280786.500	-3318145.750	-515644.718
4004435.500	-3558371.750	-519550.968
3229498.250	-3297133.500	-523457.218
3680142.500	-3643493.500	-527363.468
3147116.000	-4085907.500	-531269.718
3570278.500	-3317104.750	-535175.968
3882132.250	-2938745.750	-539082.218
3782160.250	-3472791.750	-542988.468
3882209.500	-3204733.750	-546894.718
3525478.750	-3604850.000	-550800.968
3080004.750	-2727702.750	-554707.218
4221255.500	-2999452.750	-558613.468
3499349.500	-2887554.500	-562519.718
3609658.000	-2826533.250	-566425.968
3260769.250	-3019191.250	-570332.218
3786728.500	-2760841.500	-574238.468
3664102.500	-3076025.250	-578144.718
3594181.250	-3275886.250	-582050.968
4228036.000	-2750196.000	-585957.218
4150187.000	-3017795.000	-589863.468
3313178.500	-3050412.750	-593769.718
2872668.500	-2218001.500	-597675.968
3874101.500	-2123277.250	-601582.218
3404401.750	-2483915.750	-605488.468
3517130.500	-2207919.250	-609394.718
3197018.500	-2423481.250	-613300.968
3090283.250	-1597452.625	-617207.218
3644563.500	-2269041.250	-621113.468
4072558.500	-1545319.375	-625019.718
4158106.250	-2336329.500	-628925.968
4105619.500	-2968428.500	-632832.218
3656406.500	-2651323.750	-636738.468
3948422.000	-2722850.250	-640644.718
3734868.750	-2040658.250	-644550.968
3838648.750	-2535880.500	-648457.218
4073955.250	-2247092.000	-652363.468
3911702.000	-2548687.000	-656269.718
3949033.500	-2259877.750	-660175.968
3193188.750	-2541573.000	-664082.218
3821432.000	-2508385.000	-667988.468
3310891.500	-2061320.500	-671894.718
2990508.250	-1506079.000	-675800.968
3549183.250	-2520796.750	-679707.218
3445758.250	-2187960.500	-683613.468
3086983.000	-2052979.500	-687519.718
3909559.000	-2143275.000	-691425.968
2884329.000	-1931560.750	-695332.218
3234350.750	-1669565.000	-699238.468
2864454.000	-1829404.500	-703144.718
3435572.000	-1902010.375	-707050.968
3687564.500	-2001070.875	-710957.218
3486784.500	-2019946.625	-714863.468
3610857.000	-1504293.500	-718769.718
3823637.000	-2020765.375	-722675.968
3790084.750	-913494.813	-726582.218
4132582.000	-1616758.625	-730488.468
3899595.250	-1523269.625	-734394.718
3625718.750	-1364657.750	-738300.968
3809547.750	-1367169.500	-742207.218
3480043.500	-1970721.125	-746113.468
4005084.000	-891350.563	-750019.718
3734628.250	-1521281.125	-753925.968
3210794.500	-1771572.875	-757832.218
3656279.750	-1815767.000	-761738.468
3459668.000	-1481369.625	-765644.718
3256167.750	-1402987.750	-769550.968
2927079.250	-1386317.750	-773457.218
3301142.250	-1861347.000	-777363.468
4154158.000	-1201495.375	-781269.718
3690079.250	-1380772.250	-785175.968
3865224.000	-1775179.875	-789082.218
3654583.500	-1434535.000	-792988.468
3637736.000	-823186.125	-796894.718
3324683.750	-802322.813	-800800.968
2889442.000	-1420871.500	-804707.218
3209028.250	-1627675.250	-808613.468
2828540.000	-1016801.313	-812519.718
3256214.500	-1115302.500	-816425.968
3040312.750	-1037262.938	-820332.218
3143548.250	-1270072.750	-824238.468
3616257.500	-1139170.000	-828144.718
3482228.250	-446090.750	-832050.968
3116855.500	-617730.875	-835957.218
3541211.750	-734610.938	-839863.468
3918371.000	-1414367.250	-843769.718
3259477.000	-1133528.875	-847675.968
3178993.750	-628771.125	-851582.218
3680583.000	-511892.063	-855488.468
3745890.250	-1244076.125	-859394.718
3405037.500	-751621.250	-863300.968
3576000.500	-391038.938	-867207.218
3353630.250	-81664.523	-871113.468
4365716.000	-213013.922	-875019.718
3679656.500	-171087.391	-878925.968
3228884.000	-800783.438	-882832.218
4045322.500	-635022.938	-886738.468
3644803.250	-823394.625	-890644.718
3434845.000	-680654.500	-894550.968
3772706.000	-16504.266	-898457.218
3203501.500	-1147935.875	-902363.468
3558416.500	-843031.938	-906269.718
3700467.750	-744987.438	-910175.968
3689713.250	-210542.609	-914082.218
3837174.500	-387902.813	-917988.468
4079290.500	-767397.625	-921894.718
3477503.250	-979958.813	-925800.968
3755461.000	-609873.875	-929707.218
2801805.250	-728477.813	-933613.468
3652621.750	134446.234	-937519.718
3310395.750	244683.609	-941425.968
3487780.250	-314002.531	-945332.218
3414616.000	-80794.703	-949238.468
3134066.500	546780.688	-953144.718
3080452.500	3694.692	-957050.968
3325601.500	98089.148	-960957.218
2828134.000	-78059.555	-964863.468
3192346.500	72276.227	-968769.718
3809504.250	251152.891	-972675.968
3746112.000	-440436.281	-976582.218
4284146.500	-93231.844	-980488.468
3468837.250	-20836.338	-984394.718
3708300.250	-315511.625	-988300.968
2686698.750	-324828.969	-992207.218
3755270.750	268650.813	-996113.468
