Data Point Listing of File C:\NTNMR\data\Dan\LiMnPO4\Li7 [001] 150deg.tnt
Starting Point:	1	Ending Point:	512
Real	Imag	ppm
230762.922	20848.654	8573.054
284846.125	22804.453	8539.564
229726.250	16133.553	8506.075
287827.469	38334.418	8472.586
184843.375	-54956.582	8439.097
198494.922	53908.371	8405.608
173366.000	12338.524	8372.119
237140.031	38743.344	8338.630
183249.828	49038.176	8305.140
194854.500	21528.150	8271.651
290415.844	23364.988	8238.162
189801.781	-43266.742	8204.673
227824.609	22927.693	8171.184
231486.672	99764.961	8137.695
201758.781	55039.215	8104.205
229758.734	70131.398	8070.716
317770.875	-20011.406	8037.227
267878.313	-3131.703	8003.738
267561.031	16251.158	7970.249
235528.328	38462.313	7936.760
198314.469	32366.721	7903.271
223639.625	30806.512	7869.781
301967.594	74159.297	7836.292
165236.703	-27589.367	7802.803
297057.938	25690.311	7769.314
294827.531	9424.700	7735.825
298466.531	82681.789	7702.336
196168.031	14626.600	7668.846
289087.969	54730.477	7635.357
191725.391	33679.703	7601.868
266130.750	28980.010	7568.379
231315.609	32120.779	7534.890
243040.922	80138.328	7501.401
204613.266	40531.043	7467.912
190466.406	78927.344	7434.422
222387.781	85009.922	7400.933
241451.250	27699.076	7367.444
212891.359	29577.291	7333.955
180686.922	18020.893	7300.466
280984.281	72001.102	7266.977
339780.313	31283.645	7233.488
198808.406	41277.945	7199.998
195360.266	21957.439	7166.509
275548.438	84936.805	7133.020
200820.438	25247.473	7099.531
184128.313	99836.109	7066.042
248685.422	74022.617	7032.553
185701.500	109584.555	6999.063
214980.906	169915.328	6965.574
304602.531	117314.070	6932.085
250217.141	96127.102	6898.596
263190.688	66863.477	6865.107
165732.375	84791.203	6831.618
217995.563	54053.414	6798.129
281629.313	116647.031	6764.639
284282.000	-18859.539	6731.150
306770.531	67949.297	6697.661
201892.797	67155.180	6664.172
215767.891	48874.160	6630.683
228488.734	57488.875	6597.194
200999.547	73539.953	6563.705
328736.719	79398.828	6530.215
184535.781	91398.531	6496.726
206111.625	174989.438	6463.237
263134.188	131300.156	6429.748
255143.313	95131.305	6396.259
218102.672	121366.102	6362.770
208119.234	112054.211	6329.280
273354.906	142363.953	6295.791
184448.281	70109.813	6262.302
234668.984	33496.848	6228.813
189786.734	135923.969	6195.324
255515.078	162837.922	6161.835
257082.016	155316.781	6128.346
265668.750	159562.375	6094.856
136282.328	155663.406	6061.367
229679.500	146998.641	6027.878
254942.406	111468.500	5994.389
287606.156	130344.914	5960.900
209073.531	69174.055	5927.411
277097.500	73691.758	5893.921
291116.438	85861.219	5860.432
321310.344	155340.188	5826.943
162221.125	146704.844	5793.454
213652.594	165563.656	5759.965
270137.875	106645.188	5726.476
151044.797	94649.133	5692.987
341671.406	68280.352	5659.497
257121.297	160442.750	5626.008
170305.609	142966.703	5592.519
230491.063	156842.516	5559.030
222629.391	171370.813	5525.541
322036.219	148224.328	5492.052
260757.453	177621.906	5458.563
221514.828	208951.234	5425.073
263850.063	239651.219	5391.584
255623.313	44755.219	5358.095
251736.953	116998.008	5324.606
231299.016	179047.047	5291.117
199731.828	148410.547	5257.628
280688.063	198888.438	5224.138
274585.094	204098.203	5190.649
203988.484	166693.141	5157.160
232284.766	98045.313	5123.671
252032.344	166126.141	5090.182
216983.531	149040.734	5056.693
198551.969	158491.156	5023.204
169370.844	109148.359	4989.714
269768.219	147185.609	4956.225
201836.953	120958.492	4922.736
222537.109	84484.703	4889.247
161850.047	195131.453	4855.758
262546.219	245453.828	4822.269
267778.719	200326.516	4788.780
274947.313	184394.219	4755.290
210239.625	208945.422	4721.801
221761.953	201127.109	4688.312
247498.906	168071.672	4654.823
215831.109	202489.859	4621.334
222514.547	241272.422	4587.845
191344.172	294851.906	4554.355
178283.297	156817.547	4520.866
218370.328	310790.844	4487.377
213745.625	217799.219	4453.888
243399.594	258684.688	4420.399
239731.391	246296.109	4386.910
249794.797	207460.516	4353.421
229967.641	135130.984	4319.931
257786.453	246348.641	4286.442
219980.172	281840.781	4252.953
238127.922	228796.656	4219.464
171279.172	236733.391	4185.975
259346.953	247555.922	4152.486
229534.391	245156.094	4118.997
216573.109	263249.500	4085.507
210134.094	221163.359	4052.018
306505.375	262086.578	4018.529
240998.031	195772.844	3985.040
120035.492	235025.016	3951.551
235647.641	231626.906	3918.062
210733.859	313337.531	3884.572
223665.000	269236.063	3851.083
180384.078	225841.016	3817.594
151515.984	331184.938	3784.105
244469.328	302697.438	3750.616
308625.375	307501.375	3717.127
201317.219	330432.625	3683.638
262433.969	310336.719	3650.148
181089.922	288498.063	3616.659
221842.484	354775.406	3583.170
223076.063	344840.750	3549.681
224826.641	340176.969	3516.192
251925.938	346527.281	3482.703
268968.500	293183.000	3449.213
312170.250	340144.500	3415.724
220003.188	324911.313	3382.235
165179.375	359955.688	3348.746
202622.969	381662.500	3315.257
173273.438	259991.156	3281.768
170416.000	344651.656	3248.279
287716.031	371198.188	3214.789
159497.844	386315.250	3181.300
261489.516	317105.813	3147.811
251667.469	436505.781	3114.322
221961.219	339474.469	3080.833
300978.625	355980.219	3047.344
254652.484	393796.219	3013.855
271551.031	379586.344	2980.365
244798.844	363779.625	2946.876
144868.438	498885.188	2913.387
309405.531	378361.594	2879.898
143161.031	460340.719	2846.409
236890.438	501060.656	2812.920
273709.938	422743.094	2779.430
220589.078	363402.625	2745.941
295495.719	465899.188	2712.452
249300.094	415921.125	2678.963
278763.844	393530.969	2645.474
197438.547	423749.219	2611.985
303483.094	452591.156	2578.496
271611.781	492713.781	2545.006
256692.641	542257.875	2511.517
215528.188	387976.156	2478.028
255978.000	437602.406	2444.539
194071.703	515176.781	2411.050
250390.375	559768.563	2377.561
170622.109	502503.250	2344.072
269183.875	500222.000	2310.582
199082.047	530548.063	2277.093
293462.313	456664.813	2243.604
201798.109	519446.750	2210.115
237181.500	594705.625	2176.626
236937.438	511292.813	2143.137
276219.375	523191.125	2109.647
215069.047	675951.000	2076.158
206049.516	577230.688	2042.669
255130.766	634713.000	2009.180
278590.250	564069.063	1975.691
149880.547	556511.313	1942.202
245563.797	665797.875	1908.713
319953.563	622667.250	1875.223
248652.734	666715.250	1841.734
297430.063	576906.625	1808.245
211142.547	784444.688	1774.756
265000.000	685433.063	1741.267
254268.859	675408.313	1707.778
273102.031	730801.875	1674.288
205508.469	738726.688	1640.799
163901.891	731785.250	1607.310
302638.094	648325.563	1573.821
271155.094	801212.063	1540.332
255964.688	718257.063	1506.843
253274.500	827246.188	1473.354
216249.922	912770.063	1439.864
249027.375	980888.563	1406.375
280099.938	828905.000	1372.886
182603.031	856111.000	1339.397
225339.172	941495.000	1305.908
144017.797	996119.000	1272.419
287176.500	939698.875	1238.930
148371.375	960157.938	1205.440
242434.281	1030514.125	1171.951
309130.688	1075718.000	1138.462
249095.672	1170765.750	1104.973
310402.688	1111153.250	1071.484
386440.281	1190662.500	1037.995
176937.406	1120704.500	1004.505
300410.531	1189772.750	971.016
240667.156	1223685.250	937.527
315557.250	1294169.750	904.038
233743.266	1490825.625	870.549
364793.469	1537760.250	837.060
387158.219	1587150.625	803.571
274846.344	1576594.875	770.081
402915.469	1702832.875	736.592
332421.594	1719938.000	703.103
377504.594	1790629.125	669.614
359164.969	1938853.375	636.125
444251.719	2143399.500	602.636
519000.688	2082437.125	569.147
656021.875	2253262.000	535.657
589013.625	2398292.250	502.168
686687.438	2634521.250	468.679
937726.250	2806236.500	435.190
1013765.375	2982656.500	401.701
1337968.250	3076947.250	368.212
1511272.750	3252220.250	334.722
1853537.500	3405369.250	301.233
2284938.750	3429263.750	267.744
2672427.750	3442653.750	234.255
2960082.000	3401626.000	200.766
3468253.250	3370542.500	167.277
3909790.500	3238984.250	133.788
4272189.000	2871427.250	100.298
4678284.500	2606557.250	66.809
5150167.000	2190241.750	33.320
5348070.500	1663208.000	-0.169
5495398.000	1062102.375	-33.658
5440060.500	693061.500	-67.147
5436040.500	22847.572	-100.636
5422563.000	-193461.531	-134.126
5266811.000	-760316.250	-167.615
4987624.000	-1216280.750	-201.104
4705172.500	-1465035.750	-234.593
4573825.000	-1639913.500	-268.082
4294639.000	-1925362.625	-301.571
4084631.250	-2083801.625	-335.061
3822299.500	-2329303.000	-368.550
3575477.750	-2499570.000	-402.039
3255953.000	-2560615.000	-435.528
2986037.500	-2602141.000	-469.017
2790125.500	-2682844.000	-502.506
2495107.750	-2830607.000	-535.995
2109199.750	-2802015.000	-569.485
1948096.750	-2724660.750	-602.974
1745137.000	-2633060.250	-636.463
1537765.500	-2722557.750	-669.952
1344743.875	-2550289.250	-703.441
1195045.500	-2376808.750	-736.930
1039360.313	-2307209.250	-770.420
1034571.750	-2250131.500	-803.909
936144.000	-2138369.000	-837.398
761955.750	-2056638.250	-870.887
726141.125	-1970787.250	-904.376
748973.625	-1934323.625	-937.865
657042.750	-1842462.500	-971.354
641997.063	-1692571.500	-1004.844
541311.563	-1740959.875	-1038.333
473988.188	-1626234.375	-1071.822
494618.063	-1501979.375	-1105.311
495746.594	-1509945.625	-1138.800
435521.594	-1385763.125	-1172.289
432623.969	-1483214.875	-1205.778
317734.531	-1394621.750	-1239.268
463422.656	-1277856.250	-1272.757
381351.000	-1172713.500	-1306.246
350975.188	-1226234.500	-1339.735
267174.750	-1121568.000	-1373.224
378404.531	-1108906.625	-1406.713
223743.422	-1128192.750	-1440.203
355999.656	-1076065.375	-1473.692
315333.969	-1027404.813	-1507.181
266393.656	-1113437.375	-1540.670
182017.203	-1003669.125	-1574.159
256986.063	-914034.000	-1607.648
231673.625	-928539.875	-1641.137
259964.188	-913900.438	-1674.627
240825.703	-954635.625	-1708.116
293427.719	-778602.938	-1741.605
242060.750	-826491.000	-1775.094
301095.906	-820933.938	-1808.583
273404.906	-802604.688	-1842.072
235055.000	-756764.688	-1875.561
296632.719	-783437.938	-1909.051
252168.359	-707200.375	-1942.540
309416.750	-747954.625	-1976.029
252905.766	-679809.938	-2009.518
230097.313	-679550.438	-2043.007
203524.828	-637103.188	-2076.496
247063.125	-640009.000	-2109.986
159808.047	-659515.125	-2143.475
293245.438	-635880.750	-2176.964
320063.563	-628325.000	-2210.453
250415.391	-554415.500	-2243.942
234412.313	-618225.000	-2277.431
234663.734	-527738.125	-2310.920
274722.250	-512088.688	-2344.410
278696.656	-638921.750	-2377.899
307456.563	-534232.188	-2411.388
210646.438	-589566.063	-2444.877
280366.969	-510548.875	-2478.366
174623.406	-511336.125	-2511.855
173455.078	-494868.438	-2545.345
262862.906	-557069.438	-2578.834
258677.609	-546875.438	-2612.323
332324.281	-484064.250	-2645.812
230949.016	-500850.219	-2679.301
202501.422	-508956.406	-2712.790
229257.875	-418720.000	-2746.279
285575.000	-447927.594	-2779.769
260952.578	-436268.406	-2813.258
304015.969	-470137.750	-2846.747
236644.516	-458183.438	-2880.236
228232.656	-402339.063	-2913.725
266237.094	-451355.469	-2947.214
238217.469	-462981.125	-2980.703
194331.109	-432709.406	-3014.193
213017.109	-449539.844	-3047.682
231024.781	-453728.188	-3081.171
250152.781	-429489.219	-3114.660
286287.656	-338736.188	-3148.149
262454.969	-332087.156	-3181.638
194310.094	-335551.250	-3215.128
169871.594	-408882.469	-3248.617
231674.469	-355951.063	-3282.106
208792.406	-370446.625	-3315.595
278988.750	-264837.031	-3349.084
265048.406	-396446.813	-3382.573
238886.859	-377447.875	-3416.062
212173.344	-296423.281	-3449.552
222349.000	-335638.344	-3483.041
237418.156	-301948.813	-3516.530
300784.875	-389637.781	-3550.019
178705.156	-227849.781	-3583.508
193035.016	-330996.719	-3616.997
275316.344	-364201.094	-3650.486
257206.391	-331648.563	-3683.976
232274.016	-297755.906	-3717.465
255251.094	-330334.594	-3750.954
181496.016	-247908.094	-3784.443
313020.969	-243570.906	-3817.932
269339.906	-297830.438	-3851.421
217710.219	-301091.844	-3884.911
251365.828	-281035.188	-3918.400
243650.547	-245316.141	-3951.889
228923.438	-259734.000	-3985.378
221901.734	-216457.641	-4018.867
278147.375	-273968.813	-4052.356
314115.563	-269364.406	-4085.845
224466.609	-274314.063	-4119.335
253767.250	-275471.625	-4152.824
209483.500	-219342.234	-4186.313
284979.063	-267227.438	-4219.802
268283.063	-310690.594	-4253.291
266369.250	-219536.281	-4286.780
256118.828	-249567.891	-4320.269
198522.719	-201448.734	-4353.759
197841.047	-216148.578	-4387.248
266314.063	-280876.156	-4420.737
235140.188	-249147.609	-4454.226
288808.438	-143250.141	-4487.715
217321.922	-202212.531	-4521.204
248085.719	-230825.172	-4554.694
226708.031	-226109.328	-4588.183
273454.406	-307068.688	-4621.672
282302.188	-273503.781	-4655.161
271782.031	-131151.250	-4688.650
228276.156	-259412.797	-4722.139
262836.375	-215707.672	-4755.628
330552.813	-196073.688	-4789.118
225914.563	-221879.328	-4822.607
231711.422	-239982.188	-4856.096
227656.594	-249520.703	-4889.585
253097.656	-181267.766	-4923.074
157890.641	-110827.086	-4956.563
254010.203	-147255.516	-4990.053
184391.906	-209029.109	-5023.542
302042.063	-185870.219	-5057.031
152733.609	-161395.859	-5090.520
319433.406	-170967.188	-5124.009
237227.156	-184049.813	-5157.498
266415.563	-187622.625	-5190.987
193801.484	-206249.016	-5224.477
243562.250	-178364.234	-5257.966
258310.453	-185775.922	-5291.455
187771.141	-248220.438	-5324.944
237157.719	-145480.188	-5358.433
246540.484	-50194.352	-5391.922
278262.750	-151175.656	-5425.411
266070.406	-205758.547	-5458.901
259178.594	-155943.938	-5492.390
197260.188	-155967.734	-5525.879
236462.078	-161752.953	-5559.368
234553.953	-145293.859	-5592.857
231062.172	-139930.250	-5626.346
274064.313	-180831.563	-5659.836
221516.953	-135662.391	-5693.325
242444.656	-137918.266	-5726.814
286043.875	-127581.789	-5760.303
254804.578	-119883.320	-5793.792
244689.594	-103036.617	-5827.281
243902.031	-99899.625	-5860.770
195904.641	-98739.570	-5894.260
231659.313	-81992.188	-5927.749
365787.813	-145645.797	-5961.238
169640.375	-161555.734	-5994.727
238301.891	-162308.766	-6028.216
183535.063	-150361.969	-6061.705
239937.500	-105083.305	-6095.194
251501.781	-174736.516	-6128.684
206151.000	-115967.734	-6162.173
286485.688	-77244.023	-6195.662
303190.406	-57731.000	-6229.151
223182.625	-128360.172	-6262.640
250181.000	-166747.234	-6296.129
282785.594	-91420.063	-6329.619
260370.125	-125923.875	-6363.108
230008.875	-118576.375	-6396.597
232921.625	-128715.742	-6430.086
164468.688	-135076.813	-6463.575
238157.688	-163101.250	-6497.064
209949.859	-96590.297	-6530.553
218359.313	-129381.813	-6564.043
253925.016	-105007.359	-6597.532
306669.625	-36341.754	-6631.021
246466.438	-50620.414	-6664.510
254340.969	-16486.988	-6697.999
193187.359	-122484.977	-6731.488
256136.109	-124031.852	-6764.977
226556.328	-71659.984	-6798.467
198373.344	-69017.758	-6831.956
276210.719	-92090.539	-6865.445
158745.281	-73186.875	-6898.934
206800.719	-53081.516	-6932.423
211966.469	-74468.344	-6965.912
215236.625	-71224.070	-6999.402
220413.547	-64856.301	-7032.891
236005.688	-32344.580	-7066.380
203093.484	-105307.180	-7099.869
236706.922	-1639.773	-7133.358
255863.594	-62562.570	-7166.847
260162.781	-82141.992	-7200.336
254162.313	-106814.867	-7233.826
254912.359	-89379.273	-7267.315
261038.203	19008.443	-7300.804
243841.719	-23796.293	-7334.293
253230.500	-53501.340	-7367.782
275904.938	-46220.207	-7401.271
234887.766	-44310.461	-7434.761
242154.938	-77476.578	-7468.250
225625.422	-43486.961	-7501.739
256424.469	-108792.805	-7535.228
280198.531	-39461.992	-7568.717
188072.406	7966.323	-7602.206
211745.156	-33653.379	-7635.695
233607.953	-36662.430	-7669.185
255220.391	9403.023	-7702.674
311904.563	-40588.020	-7736.163
236310.578	-75886.813	-7769.652
189681.328	-95475.508	-7803.141
260858.000	-9352.300	-7836.630
181420.500	-25617.674	-7870.119
263379.000	-31497.955	-7903.609
251465.094	-69896.539	-7937.098
256960.938	22642.906	-7970.587
234929.703	-25267.803	-8004.076
195016.438	13808.464	-8037.565
285253.094	-45105.645	-8071.054
235497.828	-8827.385	-8104.544
196887.344	-42626.594	-8138.033
279566.063	-7343.778	-8171.522
217937.813	-48578.238	-8205.011
186291.125	-10661.422	-8238.500
223330.422	-41194.863	-8271.989
274697.188	-54416.809	-8305.478
222597.688	72507.273	-8338.968
262925.125	-52774.578	-8372.457
226171.969	1256.472	-8405.946
248194.453	-22961.119	-8439.435
298240.125	-37748.109	-8472.924
264585.125	-15585.765	-8506.413
175568.969	-89453.352	-8539.902
