Data Point Listing of File C:\NTNMR\data\Dan\LiMnPO4\Li7 [001] 0deg.tnt
Starting Point:	1	Ending Point:	1024
Real	Imag	ppm
204877.125	4113.307	8573.054
163745.453	19238.209	8556.309
154702.859	-14634.777	8539.564
204189.063	-20275.805	8522.820
168112.516	-12616.071	8506.075
159235.109	-29602.518	8489.331
135136.266	-30534.436	8472.586
131335.594	33532.844	8455.842
178379.641	-26099.328	8439.097
187781.188	-45961.836	8422.352
87998.773	13999.318	8405.608
206967.781	18872.355	8388.863
241428.109	-7743.287	8372.119
147092.297	-14988.768	8355.374
177121.328	58875.379	8338.630
119552.297	-16027.019	8321.885
254293.125	27070.758	8305.140
154293.594	-2388.117	8288.396
154685.375	-4993.936	8271.651
84471.984	2460.378	8254.907
168626.281	-18754.744	8238.162
185813.766	-35053.691	8221.417
184871.875	1552.541	8204.673
153322.266	-73831.984	8187.928
103279.477	39420.398	8171.184
200008.031	12986.360	8154.439
273988.375	-8738.803	8137.695
136143.688	52736.367	8120.950
174370.141	-283.406	8104.205
130475.055	-37964.605	8087.461
-8075.435	-10424.958	8070.716
109375.102	94716.594	8053.972
179877.781	36509.484	8037.227
126604.070	35925.852	8020.483
120970.031	60012.660	8003.738
266367.125	-6194.652	7986.993
112258.797	1981.296	7970.249
239669.344	-48657.066	7953.504
178180.375	41842.199	7936.760
120056.008	-14943.079	7920.015
122020.266	76886.359	7903.271
146842.578	-18120.473	7886.526
173703.828	-42453.164	7869.781
125394.867	30366.961	7853.037
192969.641	-43195.703	7836.292
128560.703	74247.852	7819.548
187769.547	3715.388	7802.803
163676.094	-4276.651	7786.059
129379.703	43059.570	7769.314
128824.336	-55345.676	7752.569
136028.828	15383.841	7735.825
209915.406	14161.110	7719.080
165578.406	-61476.090	7702.336
126316.727	55696.836	7685.591
154783.000	-35832.242	7668.846
54066.977	-4626.715	7652.102
123314.078	50523.547	7635.357
89395.250	42689.316	7618.613
153865.859	65320.582	7601.868
134143.766	-40390.289	7585.124
144889.188	86224.023	7568.379
195261.406	29043.836	7551.634
154041.500	-2529.536	7534.890
165674.297	72868.195	7518.145
210004.469	63201.961	7501.401
176879.109	25656.576	7484.656
129439.703	26248.045	7467.912
78844.242	73251.594	7451.167
201135.453	37174.086	7434.422
200469.094	-9326.642	7417.678
140096.094	41345.492	7400.933
185161.859	33135.398	7384.189
199272.438	82350.328	7367.444
127636.703	30683.711	7350.700
126053.227	43547.527	7333.955
156390.438	31253.617	7317.210
143914.094	2927.123	7300.466
174179.766	33523.465	7283.721
196148.594	19598.240	7266.977
141325.609	66962.352	7250.232
94611.367	-11431.621	7233.488
172030.016	81808.898	7216.743
187317.656	51357.168	7199.998
87016.930	-11721.782	7183.254
181877.516	-13890.515	7166.509
133630.422	30515.150	7149.765
120245.102	57469.051	7133.020
219223.469	22366.652	7116.275
216428.156	10168.181	7099.531
97109.516	68245.102	7082.786
203969.641	73662.039	7066.042
123492.305	-7832.807	7049.297
88246.367	105521.398	7032.553
146370.391	57255.297	7015.808
136176.219	58091.969	6999.063
228134.734	38459.742	6982.319
174735.766	23387.725	6965.574
210337.125	37270.297	6948.830
224252.563	-9325.918	6932.085
130022.023	108745.695	6915.341
156437.031	63017.059	6898.596
121575.258	28789.244	6881.851
127872.617	50725.496	6865.107
114420.336	69251.219	6848.362
108329.977	52440.313	6831.618
105600.547	99112.203	6814.873
171627.125	63504.207	6798.129
222193.703	-26028.211	6781.384
186616.375	25947.549	6764.639
112022.180	60789.973	6747.895
228910.672	55472.809	6731.150
135984.594	-9039.752	6714.406
160073.891	-33379.000	6697.661
237857.000	-10387.103	6680.917
130404.172	59154.473	6664.172
120974.141	23926.393	6647.427
199902.375	34347.723	6630.683
103635.781	60500.656	6613.938
57636.125	171854.453	6597.194
160602.953	100528.750	6580.449
186771.875	38878.508	6563.705
117587.734	-33357.109	6546.960
66877.883	75082.477	6530.215
141906.641	-1455.437	6513.471
93757.547	41577.535	6496.726
92659.078	111543.055	6479.982
252793.594	116343.969	6463.237
118205.211	-21777.400	6446.492
201577.922	131391.469	6429.748
106021.031	91915.156	6413.003
156088.969	39527.688	6396.259
102712.648	44480.148	6379.514
231097.109	-26650.021	6362.770
142366.094	-41213.336	6346.025
149013.906	129124.781	6329.280
173873.313	45257.949	6312.536
98297.500	85634.852	6295.791
117486.813	91444.477	6279.047
132637.688	89885.117	6262.302
164637.797	178816.422	6245.558
136891.859	697.469	6228.813
180820.641	146881.766	6212.068
134881.859	109389.648	6195.324
166699.031	12869.571	6178.579
92923.297	6008.769	6161.835
238857.422	198136.453	6145.090
131817.141	50280.332	6128.346
179649.359	33003.531	6111.601
226828.719	200871.141	6094.856
179616.891	138584.406	6078.112
179976.500	105027.313	6061.367
189522.094	-6037.396	6044.623
223417.453	67835.922	6027.878
146197.875	87444.039	6011.134
117959.617	17884.395	5994.389
96432.977	99677.164	5977.644
154867.750	109393.148	5960.900
93900.461	96282.906	5944.155
166324.969	65573.430	5927.411
151709.656	103413.523	5910.666
157117.172	126726.273	5893.921
168482.125	54830.418	5877.177
171136.219	96987.391	5860.432
138270.813	47440.824	5843.688
105534.375	143916.859	5826.943
172884.156	-1709.292	5810.199
173614.750	26750.986	5793.454
139776.266	90029.938	5776.709
115581.844	106456.023	5759.965
108735.211	68534.883	5743.220
185544.219	73485.180	5726.476
96406.570	63159.801	5709.731
171521.125	85023.156	5692.987
121880.836	151224.859	5676.242
116166.484	68301.727	5659.497
191489.516	10530.107	5642.753
111892.617	29929.750	5626.008
154230.281	108897.844	5609.264
162258.391	28581.826	5592.519
98117.234	180526.828	5575.775
162860.547	15604.210	5559.030
248525.266	81021.430	5542.285
157180.063	137494.531	5525.541
215467.156	160938.875	5508.796
203445.375	159776.406	5492.052
176430.594	165449.078	5475.307
147780.938	-7770.005	5458.563
77994.477	97528.125	5441.818
215406.109	6046.005	5425.073
98942.313	111146.070	5408.329
44767.082	97678.523	5391.584
122562.555	200153.781	5374.840
173887.188	117340.984	5358.095
191682.750	74075.766	5341.351
105547.438	148290.656	5324.606
65466.293	34109.188	5307.861
163909.969	110433.539	5291.117
162433.297	182396.469	5274.372
175843.469	70959.852	5257.628
170314.484	155559.531	5240.883
208381.953	35356.500	5224.138
171950.328	154946.531	5207.394
194910.219	170895.406	5190.649
130104.609	107299.336	5173.905
156566.203	113361.703	5157.160
173563.594	149628.797	5140.416
105224.359	87015.086	5123.671
169488.109	169356.172	5106.926
171193.422	181680.609	5090.182
105282.328	80497.727	5073.437
181999.891	207643.859	5056.693
201680.078	97810.219	5039.948
240824.156	105264.438	5023.204
68585.461	131279.328	5006.459
155692.766	129280.633	4989.714
220838.813	141483.953	4972.970
185237.469	153543.313	4956.225
191023.656	104107.375	4939.481
94470.875	120683.844	4922.736
145050.969	50815.656	4905.992
128443.320	237627.734	4889.247
123269.109	167943.219	4872.502
123046.531	47693.844	4855.758
94907.250	81658.828	4839.013
167703.406	157069.875	4822.269
144610.531	69841.906	4805.524
264258.031	130435.180	4788.780
170002.719	92591.523	4772.035
171846.891	101709.188	4755.290
191186.984	120270.227	4738.546
122812.367	179761.031	4721.801
141136.031	97331.906	4705.057
202098.141	123001.031	4688.312
83153.992	131969.672	4671.567
255245.938	68118.625	4654.823
105897.477	216030.969	4638.078
100935.719	222093.781	4621.334
174705.891	129020.492	4604.589
219796.172	109591.328	4587.845
181904.938	67025.555	4571.100
113876.477	195080.250	4554.355
173543.672	35049.891	4537.611
108760.805	154884.719	4520.866
183942.156	167048.969	4504.122
221738.047	123148.188	4487.377
217769.438	72426.969	4470.633
91557.672	133934.141	4453.888
165023.234	167351.469	4437.143
90846.836	70827.484	4420.399
140560.547	200669.031	4403.654
187634.609	164922.391	4386.910
212729.891	163381.141	4370.165
218016.859	146977.281	4353.421
222420.078	154571.141	4336.676
134208.891	220239.734	4319.931
195077.109	68431.445	4303.187
196166.719	167609.609	4286.442
184610.922	132929.750	4269.698
136956.594	265745.000	4252.953
139433.453	107063.281	4236.209
202704.719	100878.070	4219.464
185951.609	123535.648	4202.719
144070.234	137996.516	4185.975
148262.406	199816.953	4169.230
63895.352	181943.781	4152.486
223242.594	179444.547	4135.741
81014.359	104244.344	4118.997
137949.484	207110.094	4102.252
121842.070	172439.109	4085.507
168881.375	166346.125	4068.763
91222.461	59567.582	4052.018
133878.391	229145.828	4035.274
163418.547	132553.297	4018.529
109891.906	248612.359	4001.784
175586.500	99531.773	3985.040
188166.563	216938.797	3968.295
73883.125	165470.563	3951.551
166002.344	91045.750	3934.806
32522.902	282907.094	3918.062
113579.547	80611.016	3901.317
35059.305	210334.359	3884.572
133067.188	198336.922	3867.828
184592.688	128868.578	3851.083
125412.156	237937.531	3834.339
149632.484	281280.875	3817.594
314350.469	134045.219	3800.850
127183.492	245932.234	3784.105
277056.406	111932.242	3767.360
153508.297	151875.797	3750.616
75384.898	82094.242	3733.871
213737.719	205975.625	3717.127
151558.203	294300.844	3700.382
203842.406	191678.828	3683.638
225993.031	201895.266	3666.893
143286.234	230452.328	3650.148
151081.156	156622.844	3633.404
134458.688	144492.078	3616.659
134270.641	125560.703	3599.915
111328.906	186787.031	3583.170
256539.000	179842.109	3566.426
162586.906	260848.813	3549.681
166945.313	183743.828	3532.936
215239.625	222120.203	3516.192
177132.672	250958.063	3499.447
144730.594	320265.313	3482.703
137469.875	276886.438	3465.958
154397.219	244632.094	3449.213
106862.406	216844.141	3432.469
192654.375	159868.938	3415.724
207797.500	159320.031	3398.980
84182.445	191448.563	3382.235
106777.328	284981.375	3365.491
227102.406	193289.750	3348.746
124106.023	265792.656	3332.001
141214.547	196476.375	3315.257
241844.391	229386.406	3298.512
241514.250	180307.766	3281.768
222402.297	167774.422	3265.023
146344.203	238022.406	3248.279
104726.969	135269.469	3231.534
142128.203	222142.094	3214.789
219838.469	188278.234	3198.045
135227.781	244130.969	3181.300
130940.367	301814.563	3164.556
199524.547	217653.484	3147.811
160815.844	230955.281	3131.067
181948.438	241065.703	3114.322
129914.398	191988.375	3097.577
69242.648	171409.016	3080.833
22919.154	229112.813	3064.088
93234.352	244911.453	3047.344
90085.047	277321.000	3030.599
177319.984	282999.875	3013.855
130844.813	283873.500	2997.110
153275.438	218128.063	2980.365
240071.781	287344.313	2963.621
200040.313	292517.500	2946.876
146938.578	162749.859	2930.132
78869.734	284341.156	2913.387
214143.188	236594.750	2896.642
80703.930	172235.188	2879.898
236491.813	257986.531	2863.153
118323.781	247557.172	2846.409
91995.891	378851.500	2829.664
173934.375	227467.484	2812.920
219911.719	228115.344	2796.175
100446.852	314795.625	2779.430
196536.594	251519.469	2762.686
205774.922	263778.000	2745.941
131295.250	257194.516	2729.197
184872.750	344557.563	2712.452
130277.008	280713.125	2695.708
261820.156	294376.531	2678.963
105114.234	197700.031	2662.218
73161.258	312182.469	2645.474
82554.758	199109.125	2628.729
134499.406	273215.219	2611.985
260537.422	340901.250	2595.240
142834.859	399709.781	2578.496
86074.656	233003.406	2561.751
200926.281	309561.469	2545.006
201746.234	330134.625	2528.262
52687.457	339854.563	2511.517
122144.984	397214.000	2494.773
154555.531	348951.000	2478.028
142742.844	247629.813	2461.284
207634.563	330614.313	2444.539
165570.797	298715.625	2427.794
89375.898	375369.281	2411.050
154343.563	369795.969	2394.305
126292.422	282535.500	2377.561
62830.852	307405.094	2360.816
91098.617	326474.094	2344.072
162167.453	443079.156	2327.327
160878.359	347156.438	2310.582
214144.250	321788.375	2293.838
215180.750	227227.234	2277.093
180777.328	398622.750	2260.349
196017.828	326026.438	2243.604
135712.656	401107.813	2226.859
128823.797	367444.031	2210.115
138149.406	400620.438	2193.370
138688.328	404131.844	2176.626
205244.859	448025.188	2159.881
207529.578	347532.469	2143.137
136130.438	365441.594	2126.392
174371.313	425271.094	2109.647
215380.219	391090.375	2092.903
149303.406	407388.094	2076.158
136786.484	334300.125	2059.414
145109.531	324947.813	2042.669
108558.906	251402.219	2025.925
96236.555	428049.250	2009.180
101875.094	407330.125	1992.435
107629.664	468158.469	1975.691
184186.531	465091.125	1958.946
84395.648	554844.313	1942.202
119659.875	378092.250	1925.457
185409.484	441072.500	1908.713
243265.125	488820.000	1891.968
245713.266	338755.656	1875.223
208384.656	290063.969	1858.479
137609.109	367567.375	1841.734
202720.547	468931.531	1824.990
133352.203	392632.875	1808.245
231162.656	415655.906	1791.501
112009.250	420812.281	1774.756
116376.406	507116.125	1758.011
155484.422	525996.750	1741.267
268077.125	493833.250	1724.522
137537.000	431108.531	1707.778
110225.414	451196.094	1691.033
229192.828	452011.656	1674.288
40244.789	470132.594	1657.544
160316.703	504685.531	1640.799
100221.945	508610.063	1624.055
29104.717	456054.844	1607.310
186748.578	555490.500	1590.566
-13775.984	594175.188	1573.821
145808.953	601357.750	1557.076
185280.703	408533.656	1540.332
22806.098	494729.625	1523.587
181030.031	526917.688	1506.843
109682.656	508384.813	1490.098
137039.313	525077.563	1473.354
245570.188	576448.875	1456.609
50589.531	621652.813	1439.864
149533.531	618041.500	1423.120
123822.539	608240.125	1406.375
115107.414	745474.563	1389.631
59931.820	540856.500	1372.886
97913.672	649815.313	1356.142
44569.563	696310.750	1339.397
151587.016	596643.938	1322.652
209678.469	729125.500	1305.908
190844.125	703390.625	1289.163
85290.875	806246.250	1272.419
206529.547	724409.438	1255.674
284687.281	644861.625	1238.930
123673.414	699165.813	1222.185
201639.406	736424.750	1205.440
133176.547	764690.563	1188.696
107332.578	692418.000	1171.951
185878.641	827943.563	1155.207
67443.227	837221.313	1138.462
179990.641	784223.375	1121.718
121741.188	895202.188	1104.973
252285.516	864240.625	1088.228
165435.656	773243.875	1071.484
296978.531	779452.625	1054.739
192403.875	822257.625	1037.995
160643.406	918947.813	1021.250
110116.375	844657.313	1004.505
82781.508	940296.250	987.761
324537.250	877664.625	971.016
147388.016	895385.688	954.272
170098.172	1001138.813	937.527
168361.406	841543.375	920.783
166030.484	1014773.375	904.038
204078.891	942362.125	887.293
83345.922	1035510.000	870.549
220116.766	1062649.250	853.804
216563.469	1172482.625	837.060
187119.313	1234749.250	820.315
332423.313	943557.313	803.571
254114.250	1167326.625	786.826
188563.359	1149886.875	770.081
275178.031	1283036.125	753.337
330370.750	1322362.375	736.592
271202.906	1303383.000	719.848
288806.000	1267017.125	703.103
261986.063	1264212.500	686.359
382099.063	1285505.625	669.614
173339.141	1380706.875	652.869
402683.781	1426230.625	636.125
290508.313	1451179.125	619.380
309016.875	1404387.500	602.636
516805.219	1451056.375	585.891
381956.156	1626606.000	569.147
438400.563	1686569.625	552.402
441971.750	1645976.625	535.657
399303.375	1643873.000	518.913
526950.688	1727050.500	502.168
400585.719	1861257.625	485.424
547146.375	1930143.125	468.679
484128.469	1981544.375	451.934
565588.000	1887360.250	435.190
578434.125	2061303.750	418.445
673041.438	2170409.000	401.701
715008.438	2101672.000	384.956
703921.188	2312763.750	368.212
868110.500	2378624.000	351.467
872178.938	2566731.750	334.722
931600.813	2486483.750	317.978
1039053.750	2777149.750	301.233
1113829.750	2846286.000	284.489
1252477.500	2982084.000	267.744
1446963.750	3135259.750	251.000
1594792.875	3219545.500	234.255
1777833.750	3374688.500	217.510
2071176.000	3454499.500	200.766
2404484.500	3637025.750	184.021
2695092.500	3675616.750	167.277
3171222.250	3839291.000	150.532
3530905.750	3769470.000	133.788
4012194.750	3715472.250	117.043
4710887.500	3571916.750	100.298
5094581.500	3245011.250	83.554
5481644.000	2832533.250	66.809
5930680.000	2266603.250	50.065
6082301.500	1810834.500	33.320
6246786.000	1154835.375	16.576
6381558.500	617027.625	-0.169
6254521.500	58882.449	-16.914
5975472.500	-304717.594	-33.658
5861002.500	-740112.813	-50.403
5717211.000	-947286.938	-67.147
5545869.000	-1323680.625	-83.892
5602838.000	-1549737.875	-100.636
5589434.500	-2056639.250	-117.381
5268143.000	-2274787.000	-134.126
5086387.000	-2786827.750	-150.870
4730238.000	-3173645.000	-167.615
4341372.500	-3418520.500	-184.359
3976693.250	-3692186.500	-201.104
3444367.250	-3766706.000	-217.849
3018457.750	-3768440.750	-234.593
2531956.500	-3803026.500	-251.338
2285575.500	-3706889.500	-268.082
2050870.375	-3654810.500	-284.827
1678401.875	-3367313.000	-301.571
1519271.750	-3425332.250	-318.316
1430438.125	-3221328.250	-335.061
1110978.375	-3192613.500	-351.805
1007980.000	-2945544.000	-368.550
901717.875	-2881338.000	-385.294
656467.875	-2763503.000	-402.039
566842.063	-2820429.500	-418.783
429986.813	-2463971.000	-435.528
333430.500	-2380958.750	-452.273
192945.484	-2169941.250	-469.017
291618.656	-1996843.500	-485.762
180239.609	-1901120.875	-502.506
413836.813	-1645114.000	-519.251
244753.266	-1746544.125	-535.995
226784.219	-1646224.000	-552.740
349450.438	-1462315.250	-569.485
372920.719	-1408651.625	-586.229
403591.688	-1444319.000	-602.974
407170.219	-1406731.750	-619.718
376606.031	-1455244.000	-636.463
368867.469	-1321046.625	-653.207
425693.406	-1345580.375	-669.952
505578.875	-1362422.250	-686.697
328001.313	-1384135.250	-703.441
315354.531	-1290164.500	-720.186
238598.734	-1396463.875	-736.930
347303.531	-1255669.000	-753.675
250661.469	-1266469.250	-770.420
296999.875	-1170330.750	-787.164
244577.813	-1192023.125	-803.909
327578.688	-1105949.875	-820.653
326896.469	-1141944.875	-837.398
254952.766	-1143258.125	-854.142
223055.953	-1015140.188	-870.887
195303.281	-1049101.000	-887.632
257389.266	-982805.250	-904.376
116198.906	-951058.188	-921.121
212616.047	-994677.250	-937.865
292823.375	-851702.813	-954.610
147103.453	-1031367.938	-971.354
281242.156	-848795.250	-988.099
304895.313	-923426.063	-1004.844
308128.594	-827152.188	-1021.588
219972.688	-966280.563	-1038.333
232266.359	-887917.500	-1055.077
419391.313	-748089.250	-1071.822
316939.063	-947830.938	-1088.566
284315.844	-794317.313	-1105.311
158441.813	-898191.188	-1122.056
240524.281	-871124.125	-1138.800
209272.594	-750189.688	-1155.545
241454.906	-804599.438	-1172.289
269658.969	-870786.188	-1189.034
152649.906	-844168.750	-1205.778
151603.719	-813765.188	-1222.523
157096.625	-772442.688	-1239.268
224688.422	-655394.688	-1256.012
213286.688	-706506.688	-1272.757
219193.547	-764141.313	-1289.501
134917.953	-691134.813	-1306.246
104551.445	-640680.125	-1322.990
141609.047	-744261.313	-1339.735
150365.625	-649978.750	-1356.480
112876.031	-753707.813	-1373.224
257159.656	-612920.500	-1389.969
286318.438	-702230.438	-1406.713
191756.000	-667556.125	-1423.458
246801.203	-631414.000	-1440.203
159538.469	-645375.563	-1456.947
273585.969	-714872.500	-1473.692
205820.609	-731320.563	-1490.436
128123.516	-633057.375	-1507.181
117544.906	-557346.688	-1523.925
180738.172	-661996.875	-1540.670
96401.227	-665819.188	-1557.415
100419.672	-584999.125	-1574.159
208063.578	-552360.875	-1590.904
145235.125	-595942.375	-1607.648
100993.305	-563484.813	-1624.393
175477.641	-607234.250	-1641.137
111825.188	-461797.031	-1657.882
133277.031	-486270.406	-1674.627
135968.609	-549437.063	-1691.371
135397.828	-561798.875	-1708.116
71039.719	-554657.313	-1724.860
135946.703	-464187.906	-1741.605
259967.344	-562346.875	-1758.349
251260.703	-418864.125	-1775.094
123127.742	-561355.188	-1791.839
90606.805	-524931.688	-1808.583
327717.281	-498214.344	-1825.328
198284.516	-503589.531	-1842.072
136269.484	-571217.813	-1858.817
141341.953	-518535.906	-1875.561
189537.516	-553367.688	-1892.306
159103.094	-355293.125	-1909.051
164040.391	-474601.000	-1925.795
41610.891	-541212.875	-1942.540
181755.219	-399144.938	-1959.284
47509.016	-570709.438	-1976.029
63307.105	-414124.406	-1992.774
118958.180	-401023.313	-2009.518
36905.566	-452555.969	-2026.263
189329.297	-419163.250	-2043.007
88258.477	-352486.594	-2059.752
103916.867	-316937.719	-2076.496
100561.703	-262676.563	-2093.241
111801.898	-382524.563	-2109.986
153412.547	-369980.063	-2126.730
175338.297	-484034.906	-2143.475
106846.094	-461084.813	-2160.219
142740.781	-482118.563	-2176.964
102353.352	-480967.563	-2193.708
125348.109	-429024.438	-2210.453
117794.742	-290456.063	-2227.198
105815.156	-421065.844	-2243.942
132575.406	-369393.844	-2260.687
85950.570	-346825.688	-2277.431
118601.977	-312799.406	-2294.176
149188.453	-369784.156	-2310.920
129711.219	-283259.469	-2327.665
100455.078	-366757.406	-2344.410
217564.766	-305819.250	-2361.154
146386.438	-440280.438	-2377.899
-3153.997	-359631.125	-2394.643
206358.453	-297441.563	-2411.388
87043.477	-410511.313	-2428.132
40689.988	-388613.469	-2444.877
154975.828	-302629.219	-2461.622
255698.109	-191003.000	-2478.366
232363.203	-390169.344	-2495.111
118641.516	-246521.063	-2511.855
174291.203	-281244.531	-2528.600
152458.813	-165218.031	-2545.345
188057.172	-301968.563	-2562.089
231768.656	-220263.859	-2578.834
152668.813	-387379.844	-2595.578
184874.922	-344494.844	-2612.323
152097.844	-397117.906	-2629.067
170233.109	-286734.344	-2645.812
112753.914	-304671.594	-2662.557
150142.281	-245371.797	-2679.301
117295.484	-292168.156	-2696.046
165695.844	-403206.344	-2712.790
58799.469	-269496.656	-2729.535
114523.313	-280638.969	-2746.279
151769.359	-218959.984	-2763.024
186775.875	-246106.469	-2779.769
187587.109	-216052.750	-2796.513
134084.063	-228498.594	-2813.258
60823.352	-300359.875	-2830.002
177893.531	-249663.641	-2846.747
217342.219	-164804.781	-2863.491
176457.188	-216254.453	-2880.236
240273.813	-219566.922	-2896.981
287006.719	-411408.781	-2913.725
122884.789	-287357.875	-2930.470
166934.703	-236301.969	-2947.214
68596.625	-245463.422	-2963.959
186017.969	-289777.781	-2980.703
206150.953	-338235.438	-2997.448
120843.172	-306865.250	-3014.193
92400.367	-334916.750	-3030.937
67798.336	-258302.250	-3047.682
248282.750	-276605.781	-3064.426
187286.344	-307206.219	-3081.171
189556.328	-299238.438	-3097.915
180892.078	-260206.516	-3114.660
111662.133	-198784.047	-3131.405
197016.875	-84521.867	-3148.149
123439.063	-305689.031	-3164.894
205070.922	-230040.578	-3181.638
186347.750	-272289.969	-3198.383
115391.078	-248510.906	-3215.128
135631.609	-340274.219	-3231.872
164873.766	-222648.922	-3248.617
168350.563	-226912.172	-3265.361
147856.063	-207336.281	-3282.106
36995.852	-248212.125	-3298.850
187212.547	-275812.938	-3315.595
43306.328	-240811.359	-3332.340
152520.125	-219374.719	-3349.084
196492.250	-201173.500	-3365.829
192947.594	-153233.688	-3382.573
196238.641	-197298.453	-3399.318
115280.938	-276477.656	-3416.062
167192.859	-219858.766	-3432.807
237766.031	-147871.281	-3449.552
92911.430	-209411.328	-3466.296
188332.281	-254766.391	-3483.041
88036.953	-259279.984	-3499.785
-5359.106	-151657.750	-3516.530
155715.219	-230603.625	-3533.274
157862.469	-260221.797	-3550.019
160294.453	-328791.750	-3566.764
126155.445	-114324.953	-3583.508
196348.203	-175523.578	-3600.253
242633.219	-140232.469	-3616.997
169297.953	-160431.625	-3633.742
215171.750	-170003.203	-3650.486
113560.875	-240466.078	-3667.231
236849.141	-242136.766	-3683.976
216199.500	-89290.914	-3700.720
63961.496	-353450.750	-3717.465
182310.719	-130805.172	-3734.209
185814.469	-161930.984	-3750.954
179483.359	-286680.094	-3767.699
161037.750	-182415.453	-3784.443
150058.656	-268174.469	-3801.188
213918.297	-253439.781	-3817.932
172198.844	-190604.094	-3834.677
212537.094	-132491.438	-3851.421
97475.508	-148163.672	-3868.166
191074.453	-256631.813	-3884.911
110198.953	-268313.906	-3901.655
206372.594	-190024.891	-3918.400
166599.203	-117984.828	-3935.144
66409.039	-279810.063	-3951.889
156004.156	-120903.719	-3968.633
117526.047	-202379.688	-3985.378
120552.523	-166619.250	-4002.123
205551.000	-139809.734	-4018.867
98080.461	-210623.281	-4035.612
98421.625	-173124.734	-4052.356
144927.813	-187022.609	-4069.101
161044.063	-182604.922	-4085.845
90312.109	-226104.391	-4102.590
94230.453	-112976.016	-4119.335
127948.328	-161805.625	-4136.079
189527.250	-224331.141	-4152.824
142890.500	-132817.313	-4169.568
205608.875	-258947.875	-4186.313
101220.242	-92589.758	-4203.057
147023.484	-93759.055	-4219.802
153420.328	-59775.328	-4236.547
222426.906	-191924.688	-4253.291
200666.109	-197653.594	-4270.036
155934.328	-145744.000	-4286.780
207009.438	-125020.867	-4303.525
114637.070	-162644.688	-4320.269
145691.031	-199967.563	-4337.014
139736.578	-220764.328	-4353.759
127141.523	-230933.125	-4370.503
137864.500	-135468.516	-4387.248
151133.469	-177324.547	-4403.992
131208.297	-219631.656	-4420.737
61037.023	-120364.555	-4437.482
122894.773	-189971.813	-4454.226
95123.195	-215951.500	-4470.971
119213.922	-96717.461	-4487.715
229514.750	-91621.188	-4504.460
109753.164	-169495.078	-4521.204
108316.648	-206848.641	-4537.949
78446.555	-152669.656	-4554.694
117056.070	-101764.477	-4571.438
156587.094	-104426.398	-4588.183
172399.484	-151668.109	-4604.927
122878.859	-76164.016	-4621.672
189463.656	-169847.984	-4638.416
191890.906	-133264.313	-4655.161
208326.344	-145546.000	-4671.906
203993.328	-46723.719	-4688.650
200719.719	-148914.031	-4705.395
135020.250	-118731.578	-4722.139
121897.219	-135862.672	-4738.884
147890.047	-151616.406	-4755.628
151170.344	-3010.080	-4772.373
184575.188	-136986.641	-4789.118
199511.484	-114217.469	-4805.862
205205.125	-249544.188	-4822.607
132479.266	-118630.063	-4839.351
138487.500	-147523.188	-4856.096
144943.672	-86388.227	-4872.840
178537.703	-16033.618	-4889.585
103499.117	-138473.125	-4906.330
232895.141	-120795.969	-4923.074
145031.375	-166570.438	-4939.819
146021.797	-134160.406	-4956.563
169155.750	-59747.930	-4973.308
143544.875	-41840.305	-4990.053
195218.969	-148511.125	-5006.797
165655.328	-144819.281	-5023.542
146272.172	-164021.031	-5040.286
139249.844	-93432.148	-5057.031
125373.195	-138311.859	-5073.775
149164.516	-211356.000	-5090.520
122587.703	-146997.469	-5107.265
120738.805	-101683.086	-5124.009
29582.486	-199187.047	-5140.754
75661.266	-67401.211	-5157.498
193071.656	-101300.984	-5174.243
243309.219	-106174.789	-5190.987
63169.910	-151528.484	-5207.732
181925.813	-80089.914	-5224.477
112388.430	-149902.594	-5241.221
179045.328	-90986.633	-5257.966
205552.781	-123168.188	-5274.710
185474.547	10064.873	-5291.455
178420.016	-94640.063	-5308.199
104444.758	-102605.422	-5324.944
97963.773	-29744.777	-5341.689
234912.359	-164591.891	-5358.433
67511.359	-143388.406	-5375.178
90080.734	-67900.953	-5391.922
162095.344	-114110.008	-5408.667
114994.680	-22706.551	-5425.411
228533.484	-177486.391	-5442.156
160023.094	-131574.109	-5458.901
158210.891	-117290.117	-5475.645
161473.016	-163433.109	-5492.390
164268.625	-162031.188	-5509.134
170016.422	-83671.656	-5525.879
225025.969	-113251.000	-5542.623
253000.797	-81564.320	-5559.368
158606.094	-30372.670	-5576.113
235986.625	-64579.789	-5592.857
139434.109	-104241.164	-5609.602
101398.359	-64200.984	-5626.346
144853.188	-132812.859	-5643.091
139755.375	-103376.742	-5659.836
77073.664	-70961.898	-5676.580
135783.563	-16626.104	-5693.325
181254.547	7324.527	-5710.069
142498.234	-98856.445	-5726.814
198578.016	-146574.891	-5743.558
166791.125	-77583.609	-5760.303
182273.703	-125484.625	-5777.048
142006.484	-66156.586	-5793.792
113469.859	-137974.766	-5810.537
95931.219	-44752.820	-5827.281
196718.719	-75937.914	-5844.026
96983.383	-54152.230	-5860.770
191425.156	-73316.906	-5877.515
185106.234	-72208.336	-5894.260
223945.344	-91299.078	-5911.004
117850.484	-96381.461	-5927.749
114967.281	-50553.523	-5944.493
144526.219	-28834.105	-5961.238
185199.469	-86091.477	-5977.982
235632.797	-88576.875	-5994.727
148833.953	-159458.469	-6011.472
139784.953	-114715.633	-6028.216
79066.000	-37797.422	-6044.961
151481.516	-85913.383	-6061.705
273635.063	22604.834	-6078.450
199659.953	-95660.781	-6095.194
160356.953	-61162.559	-6111.939
97880.898	-29843.506	-6128.684
181541.891	-88339.227	-6145.428
168039.406	-125083.234	-6162.173
199842.375	-138095.016	-6178.917
135236.484	-92336.172	-6195.662
147070.094	-95485.797	-6212.407
205739.859	-71516.141	-6229.151
190758.234	-81688.602	-6245.896
92961.281	-125823.953	-6262.640
134387.688	-18759.186	-6279.385
248502.500	-115981.180	-6296.129
142184.328	-7867.563	-6312.874
83154.398	-42284.516	-6329.619
210721.313	-51481.664	-6346.363
130104.297	-119022.922	-6363.108
135822.250	-66823.609	-6379.852
174737.891	-83204.734	-6396.597
115230.711	-63418.508	-6413.341
165454.844	-76889.820	-6430.086
243699.719	-116138.047	-6446.831
195115.563	-107695.977	-6463.575
106403.656	-91952.156	-6480.320
160386.844	-63696.625	-6497.064
154144.047	-72362.234	-6513.809
268036.000	-95428.109	-6530.553
154360.141	-58267.918	-6547.298
182330.781	-136240.031	-6564.043
169506.453	-71652.242	-6580.787
176965.922	9746.158	-6597.532
136690.516	-61628.375	-6614.276
159467.984	-74305.922	-6631.021
34062.469	-32784.609	-6647.765
134599.922	-50108.230	-6664.510
142006.406	-79488.234	-6681.255
150627.078	-87318.039	-6697.999
180821.344	-18712.174	-6714.744
109024.477	-105969.430	-6731.488
100975.336	-47847.953	-6748.233
213259.906	-58576.531	-6764.977
205385.031	-133556.109	-6781.722
117669.070	-49090.980	-6798.467
129499.578	18224.414	-6815.211
199363.250	-99207.852	-6831.956
179606.797	44925.922	-6848.700
176499.219	-104689.945	-6865.445
157003.281	-65503.219	-6882.190
154406.500	-35766.918	-6898.934
161439.250	-25851.322	-6915.679
104895.844	-22036.350	-6932.423
183265.188	-131656.688	-6949.168
83587.563	-39826.305	-6965.912
145615.953	-78511.977	-6982.657
120409.000	-57813.398	-6999.402
175830.578	-23678.762	-7016.146
177107.891	-10720.097	-7032.891
155456.984	-135632.906	-7049.635
160282.422	-35099.570	-7066.380
153323.063	-118345.227	-7083.124
142481.828	-58689.254	-7099.869
198508.422	-29256.043	-7116.614
127201.773	-40824.102	-7133.358
176952.766	-18802.002	-7150.103
180640.375	-21376.818	-7166.847
143726.766	-45607.676	-7183.592
198709.500	-70358.750	-7200.336
140331.875	-36272.582	-7217.081
220293.922	-18896.553	-7233.826
108022.508	-38825.285	-7250.570
15214.704	-24176.525	-7267.315
204113.563	22289.939	-7284.059
116151.266	-9639.492	-7300.804
155267.234	-54151.086	-7317.548
106072.672	-68575.953	-7334.293
141440.250	-38505.246	-7351.038
123786.570	-63518.344	-7367.782
174613.156	-79431.398	-7384.527
156526.047	-50176.520	-7401.271
164899.531	9776.585	-7418.016
203120.766	-41571.152	-7434.761
218931.656	-118254.836	-7451.505
133415.766	-64218.129	-7468.250
167370.594	-18608.486	-7484.994
173156.156	-6270.396	-7501.739
153323.875	-78704.719	-7518.483
154696.234	-66234.789	-7535.228
116708.516	-41902.652	-7551.973
164609.656	-67920.477	-7568.717
113364.336	-2561.377	-7585.462
137966.266	9334.066	-7602.206
177606.609	-81910.469	-7618.951
81086.734	40503.555	-7635.695
139469.063	-4718.496	-7652.440
196896.531	-46195.977	-7669.185
103818.430	-48038.434	-7685.929
181200.578	16008.730	-7702.674
129028.727	-25707.297	-7719.418
190181.297	-51114.152	-7736.163
121658.938	1169.643	-7752.907
212447.266	17158.160	-7769.652
219939.453	40388.176	-7786.397
117650.844	-15510.279	-7803.141
152138.313	-10053.934	-7819.886
207450.094	2475.308	-7836.630
160001.563	-18349.637	-7853.375
155946.500	-98211.594	-7870.119
164814.375	-105626.938	-7886.864
120453.547	67249.289	-7903.609
191186.094	-14436.128	-7920.353
95410.188	-64994.871	-7937.098
113688.531	303.069	-7953.842
170564.813	-28988.816	-7970.587
143317.359	-32925.938	-7987.332
154527.609	1200.013	-8004.076
187769.156	-69716.383	-8020.821
86163.320	-82703.703	-8037.565
176101.203	-19003.174	-8054.310
175270.641	27950.318	-8071.054
189546.422	-47311.383	-8087.799
121952.742	73923.117	-8104.544
120614.773	-98254.141	-8121.288
154146.531	4559.100	-8138.033
188206.922	12338.191	-8154.777
130268.031	45486.184	-8171.522
202608.563	30106.525	-8188.266
180298.422	-55369.328	-8205.011
186282.156	-41125.695	-8221.756
197852.188	18980.455	-8238.500
169492.641	22029.072	-8255.245
138742.172	-74119.039	-8271.989
196096.953	-39275.273	-8288.734
120316.180	-50131.820	-8305.478
144005.531	-49596.586	-8322.223
52565.387	-49111.480	-8338.968
123788.289	70020.891	-8355.712
177640.891	1713.153	-8372.457
167765.250	-11807.809	-8389.201
181797.453	59791.195	-8405.946
75745.477	-11644.913	-8422.690
157311.953	-19963.570	-8439.435
140707.844	10349.789	-8456.180
153983.609	28776.389	-8472.924
209114.281	10411.248	-8489.669
137890.047	26977.543	-8506.413
194410.328	34872.660	-8523.158
151212.781	-26447.682	-8539.902
87686.625	-33632.469	-8556.647
