Data Point Listing of File C:\NTNMR\data\Dan\LiMnPO4\P31 [001] 135deg.tnt
Starting Point:	1	Ending Point:	512
Real	Imag	Hz
4783817.500	1140930.875	999980.282
4463975.000	985998.250	996074.032
4346773.500	998757.188	992167.782
4493510.000	147823.016	988261.532
4803093.000	1318729.250	984355.282
3976785.000	715251.813	980449.032
5592433.000	899435.813	976542.782
4346353.500	592239.000	972636.532
4204220.500	1989724.500	968730.282
4579643.000	1298830.250	964824.032
4984493.000	972297.375	960917.782
4880626.500	913131.375	957011.532
4434586.000	1485587.125	953105.282
5026398.000	1140170.250	949199.032
5317220.000	1163566.875	945292.782
4055623.500	2021436.375	941386.532
5331084.500	1584453.375	937480.282
3832112.500	1065091.750	933574.032
4348625.500	1050528.000	929667.782
4095453.750	2677984.750	925761.532
5256063.000	1583009.000	921855.282
5481593.500	1921178.125	917949.032
4028899.500	660304.625	914042.782
5356490.000	1541800.875	910136.532
5080568.500	1641219.000	906230.282
4701352.000	1074637.375	902324.032
5003801.500	1608621.375	898417.782
4616850.000	1731191.875	894511.532
6176330.000	672523.750	890605.282
4861671.000	1814895.500	886699.032
4465965.500	2484481.500	882792.782
4935328.500	1401509.500	878886.532
3568209.500	1621049.625	874980.282
4779786.500	2013938.250	871074.032
4037995.000	2055993.500	867167.782
5552893.500	1678934.125	863261.532
4862898.000	2688298.500	859355.282
5179387.500	970318.125	855449.032
3820766.500	1460879.250	851542.782
4561080.000	743034.500	847636.532
3827355.250	2289265.000	843730.282
4654134.500	1854961.000	839824.032
5643477.000	1011096.000	835917.782
5558440.500	2565891.250	832011.532
3513048.750	2537357.750	828105.282
3118312.750	2531676.750	824199.032
5114401.000	1222090.250	820292.782
3732689.750	3347929.750	816386.532
4429022.500	2269544.500	812480.282
5312399.500	2893593.000	808574.032
5100058.000	2253020.000	804667.782
3858813.250	2471068.750	800761.532
4640198.500	3381089.750	796855.282
4316739.000	2096703.125	792949.032
4400855.000	2807784.750	789042.782
4698340.000	2398696.000	785136.532
4587379.500	3308121.000	781230.282
4572199.500	2630761.500	777324.032
5053417.500	2930139.250	773417.782
5658058.000	3154258.000	769511.532
4093849.000	2165978.500	765605.282
3933450.250	2912910.750	761699.032
5164410.000	3970697.500	757792.782
4446643.500	3142154.250	753886.532
4517863.000	4127472.250	749980.282
3972978.250	2181445.500	746074.032
4988019.000	2144398.250	742167.782
5208575.500	2540162.750	738261.532
5560023.500	3677248.750	734355.282
4753175.500	2512443.000	730449.032
4599519.000	3398386.000	726542.782
4313594.500	2736456.000	722636.532
5177840.500	4041167.500	718730.282
5393573.500	3395710.250	714824.032
5234313.500	2676567.000	710917.782
5826456.500	3299860.250	707011.532
4979299.000	2744884.000	703105.282
4327113.500	4452935.000	699199.032
4503312.000	2573531.750	695292.782
4728925.500	4208483.500	691386.532
4477603.000	3661383.250	687480.282
3500506.250	3341239.500	683574.032
4646957.500	2363094.750	679667.782
4278782.000	3129231.750	675761.532
5137808.500	3475365.750	671855.282
3392833.250	4024213.500	667949.032
3471157.250	3648231.000	664042.782
4862131.500	3617562.000	660136.532
5775539.000	4830919.000	656230.282
4346047.000	4042664.750	652324.032
4985084.000	2934175.750	648417.782
5117823.000	2706074.250	644511.532
4122645.000	3936916.500	640605.282
4048373.250	3791876.750	636699.032
4292928.500	4561337.500	632792.782
5157259.500	3802261.750	628886.532
5425557.500	4352916.000	624980.282
4104765.750	3880839.500	621074.032
2754650.750	4038643.250	617167.782
3022387.000	4785858.000	613261.532
3998066.250	4211576.000	609355.282
4536757.000	4841942.000	605449.032
5151344.000	4968085.500	601542.782
3881984.000	5763573.000	597636.532
5610649.500	5357876.000	593730.282
3752473.250	5567567.500	589824.032
2735346.250	3746635.000	585917.782
4087951.500	5097943.500	582011.532
4523649.500	5558864.500	578105.282
4417836.000	5855272.500	574199.032
4514804.500	5488244.500	570292.782
5573714.000	6182389.500	566386.532
4199075.500	4228961.000	562480.282
2474450.000	4879072.500	558574.032
5216158.000	4359371.000	554667.782
5408268.500	5601283.500	550761.532
3865491.500	5736375.500	546855.282
4480598.500	5530392.500	542949.032
3749579.250	5856257.500	539042.782
5074028.000	5788364.000	535136.532
4192710.000	6378719.000	531230.282
5129309.000	7038185.000	527324.032
4544257.500	5829264.000	523417.782
4704040.500	6315856.000	519511.532
4237395.000	7655142.500	515605.282
4851731.500	5758727.000	511699.032
2693255.750	5114190.500	507792.782
5204774.500	7365849.500	503886.532
4605941.000	6372616.500	499980.282
3615629.500	7996032.000	496074.032
3580099.750	6036907.500	492167.782
4851537.000	6463061.500	488261.532
4350435.500	7615239.500	484355.282
4379857.500	7045346.500	480449.032
4615064.000	5829292.500	476542.782
4815032.500	7854787.000	472636.532
5301927.000	6849712.500	468730.282
5022317.500	7282707.000	464824.032
4742861.000	8755692.000	460917.782
5466729.000	6536619.000	457011.532
4811647.500	6821086.000	453105.282
3420462.250	7992064.500	449199.032
2263931.250	9014059.000	445292.782
4405106.500	7804311.000	441386.532
6474121.500	7752702.000	437480.282
5238258.000	8000958.500	433574.032
3237533.250	8473233.000	429667.782
5343329.500	9313256.000	425761.532
4271487.000	7534923.000	421855.282
4456950.500	8868788.000	417949.032
3590002.250	8216767.000	414042.782
4528287.000	9828845.000	410136.532
4514332.500	9829452.000	406230.282
4691895.500	9151798.000	402324.032
5477163.000	7489292.500	398417.782
5185158.000	8042781.500	394511.532
4219718.000	8147793.500	390605.282
5077683.000	9663064.000	386699.032
5376360.500	10657397.000	382792.782
5624717.000	10629957.000	378886.532
2877432.750	11313577.000	374980.282
4826655.000	11281002.000	371074.032
4631845.500	10763330.000	367167.782
4406541.000	9758332.000	363261.532
4785545.500	10399964.000	359355.282
5611704.500	9083444.000	355449.032
6034265.000	11235142.000	351542.782
4335324.000	10987411.000	347636.532
3607558.750	10222030.000	343730.282
5119362.500	11736369.000	339824.032
5204406.500	11140850.000	335917.782
4368108.000	10854308.000	332011.532
5055976.500	12659098.000	328105.282
2617763.500	11811318.000	324199.032
5922512.500	12548222.000	320292.782
5313830.000	12180998.000	316386.532
4661546.000	13079584.000	312480.282
6170968.500	12147012.000	308574.032
4378603.500	12297362.000	304667.782
3940836.000	12382066.000	300761.532
5044181.000	13251688.000	296855.282
4429958.500	14130649.000	292949.032
5359059.000	14709383.000	289042.782
5970670.000	14405655.000	285136.532
4328756.000	14502804.000	281230.282
5914351.500	15143636.000	277324.032
4065943.750	15455018.000	273417.782
5464800.500	14769265.000	269511.532
3809688.500	15527257.000	265605.282
3059905.750	16077178.000	261699.032
5173151.000	15542149.000	257792.782
4503529.000	18402302.000	253886.532
4171282.750	14671412.000	249980.282
5026340.500	16583816.000	246074.032
4560993.000	18225930.000	242167.782
5853354.500	17859404.000	238261.532
4368611.500	18483672.000	234355.282
3960846.250	19656172.000	230449.032
6439381.000	20240408.000	226542.782
4441942.500	19320394.000	222636.532
5171811.500	20010728.000	218730.282
3239717.500	22256228.000	214824.032
3827793.000	20520314.000	210917.782
4318326.000	21553650.000	207011.532
4970721.000	22017582.000	203105.282
4848754.500	23197658.000	199199.032
2088133.000	25463818.000	195292.782
3097683.000	26962728.000	191386.532
3544736.000	26688876.000	187480.282
3052711.750	27513280.000	183574.032
3599082.500	29067678.000	179667.782
2696200.000	30309504.000	175761.532
2277753.500	31265256.000	171855.282
2357473.750	34175520.000	167949.032
3062951.500	34664720.000	164042.782
3674402.000	37003308.000	160136.532
3463317.250	39747828.000	156230.282
3985033.250	43573088.000	152324.032
2950464.750	45905172.000	148417.782
4157573.250	49277800.000	144511.532
5756314.500	51860488.000	140605.282
7099752.000	56869672.000	136699.032
7510042.500	60653912.000	132792.782
13228105.000	67465192.000	128886.532
15907854.000	72202488.000	124980.282
20995840.000	77978504.000	121074.032
28223656.000	83270016.000	117167.782
37320940.000	87186024.000	113261.532
45361028.000	90166024.000	109355.282
56371696.000	92542416.000	105449.032
66035944.000	92778672.000	101542.782
79039936.000	95382176.000	97636.532
96068728.000	92887304.000	93730.282
113539176.000	87126448.000	89824.032
128531056.000	75083200.000	85917.782
138443328.000	56227748.000	82011.532
144846304.000	44254580.000	78105.282
152352192.000	32880068.000	74199.032
164711520.000	15361548.000	70292.782
168408144.000	-14950464.000	66386.532
153604448.000	-41094132.000	62480.282
137895984.000	-54166628.000	58574.032
126010136.000	-63667240.000	54667.782
114264120.000	-75302400.000	50761.532
94421512.000	-82490544.000	46855.282
78841128.000	-79664136.000	42949.032
68239640.000	-76041864.000	39042.782
61513524.000	-73967608.000	35136.532
55502896.000	-70999480.000	31230.282
48720804.000	-71536816.000	27324.032
43619480.000	-68721952.000	23417.782
39690864.000	-66008884.000	19511.532
36539164.000	-65493832.000	15605.282
31032126.000	-62677940.000	11699.032
27939492.000	-60919696.000	7792.782
23884670.000	-58889284.000	3886.532
20719186.000	-55564504.000	-19.718
18246582.000	-54850872.000	-3925.968
14722686.000	-50913516.000	-7832.218
12123865.000	-48847800.000	-11738.468
11196849.000	-46570356.000	-15644.718
9905286.000	-45057948.000	-19550.968
8350611.000	-42464632.000	-23457.218
6558006.500	-40389356.000	-27363.468
5940955.500	-37131188.000	-31269.718
5211867.500	-34943820.000	-35175.968
5035839.000	-33779292.000	-39082.218
5112129.000	-32175010.000	-42988.468
3883222.750	-31688886.000	-46894.718
2921152.000	-29443964.000	-50800.968
3856808.500	-28606296.000	-54707.218
4238413.500	-26147682.000	-58613.468
2991776.750	-24454258.000	-62519.718
4366080.500	-24445798.000	-66425.968
5643734.500	-23132196.000	-70332.218
4165457.250	-22068522.000	-74238.468
4884991.000	-21888768.000	-78144.718
3641578.750	-21139312.000	-82050.968
4343978.000	-20844312.000	-85957.218
3577397.000	-19795254.000	-89863.468
3723442.750	-18617320.000	-93769.718
3689365.250	-18393756.000	-97675.968
5201559.000	-17274052.000	-101582.218
4086972.250	-17302932.000	-105488.468
5009849.000	-16645329.000	-109394.718
5120030.500	-15913186.000	-113300.968
4990035.500	-16058065.000	-117207.218
4931130.000	-15099655.000	-121113.468
4970427.500	-15392016.000	-125019.718
3979709.000	-14800025.000	-128925.968
5208248.000	-15089119.000	-132832.218
5422682.500	-14116938.000	-136738.468
6370301.500	-14655325.000	-140644.718
5213276.000	-13356864.000	-144550.968
3462964.750	-13150620.000	-148457.218
6671150.000	-14536200.000	-152363.468
5321336.500	-12619945.000	-156269.718
6109260.500	-11965348.000	-160175.968
4612181.000	-13103664.000	-164082.218
5166197.500	-12814420.000	-167988.468
5014847.000	-12851896.000	-171894.718
5333849.000	-13159682.000	-175800.968
6111379.500	-12097917.000	-179707.218
3493858.250	-10750218.000	-183613.468
5704290.000	-11600963.000	-187519.718
4383782.000	-11389362.000	-191425.968
5511405.000	-10969577.000	-195332.218
5651624.500	-12300604.000	-199238.468
3832483.750	-10268332.000	-203144.718
3736022.250	-11012755.000	-207050.968
4353508.000	-11155972.000	-210957.218
4577052.500	-10213623.000	-214863.468
4350533.000	-8624430.000	-218769.718
5165754.500	-9917894.000	-222675.968
5008626.500	-9530778.000	-226582.218
4696520.000	-8649643.000	-230488.468
3721076.250	-9497800.000	-234394.718
4740972.500	-9429347.000	-238300.968
4226642.500	-8601487.000	-242207.218
4163278.500	-9827616.000	-246113.468
4663687.500	-7536810.000	-250019.718
5690401.500	-9099066.000	-253925.968
4667462.000	-7446095.000	-257832.218
5032071.500	-7133121.500	-261738.468
4611476.000	-7647996.500	-265644.718
3724706.750	-8307126.500	-269550.968
5106259.000	-7886791.000	-273457.218
5523010.000	-7532276.000	-277363.468
5572949.000	-6729439.000	-281269.718
4497042.000	-7039429.000	-285175.968
5693391.500	-6519733.000	-289082.218
4669230.500	-7952649.500	-292988.468
5244992.500	-6341845.500	-296894.718
4958249.500	-7200116.000	-300800.968
5263753.500	-7922586.000	-304707.218
5129188.000	-7264851.000	-308613.468
4672695.000	-6945882.000	-312519.718
5448960.000	-7155549.000	-316425.968
4722156.000	-5951389.000	-320332.218
5291836.000	-6612845.000	-324238.468
4892081.000	-7207016.500	-328144.718
4768332.000	-6312315.500	-332050.968
4538915.500	-5784113.000	-335957.218
4428940.500	-6536990.000	-339863.468
5150692.000	-5962619.000	-343769.718
4480423.500	-5950667.500	-347675.968
4454808.500	-5693923.500	-351582.218
4985936.500	-5447666.500	-355488.468
5046524.500	-5193962.000	-359394.718
5618420.500	-5463645.000	-363300.968
4082272.750	-4987398.000	-367207.218
5220924.500	-6023496.000	-371113.468
5422562.000	-5889481.000	-375019.718
5110271.000	-5613833.000	-378925.968
5300393.000	-5471578.000	-382832.218
5628123.500	-5020673.000	-386738.468
5686538.500	-4838636.500	-390644.718
3810872.500	-5041851.500	-394550.968
4391970.500	-4969774.000	-398457.218
5321098.500	-4038517.250	-402363.468
5290594.500	-5290429.000	-406269.718
5714664.000	-4848542.500	-410175.968
5006868.500	-4625470.500	-414082.218
4655754.000	-4671683.500	-417988.468
4544047.500	-4987688.000	-421894.718
4955313.500	-5218510.500	-425800.968
5901690.500	-4524410.500	-429707.218
5558886.000	-4552559.000	-433613.468
5484336.500	-4495008.000	-437519.718
4716275.500	-4606213.000	-441425.968
4957174.500	-4141190.000	-445332.218
5867466.500	-3631842.750	-449238.468
4771318.500	-4517484.000	-453144.718
4922150.500	-4207183.000	-457050.968
5682200.000	-4824458.500	-460957.218
4656863.500	-3971849.500	-464863.468
5222508.500	-4017093.500	-468769.718
4530504.000	-4806634.000	-472675.968
4529556.500	-4712266.000	-476582.218
5098479.500	-4178011.500	-480488.468
5392690.000	-3521866.250	-484394.718
4950591.000	-4521618.000	-488300.968
4674470.000	-3758632.750	-492207.218
5609226.500	-4577306.500	-496113.468
4557005.500	-3675913.000	-500019.718
4551168.000	-3638771.750	-503925.968
4466437.500	-3885668.500	-507832.218
5779766.500	-3276599.500	-511738.468
5069945.500	-3936996.500	-515644.718
4969375.500	-3943333.250	-519550.968
5171153.000	-3341346.250	-523457.218
3832500.500	-3501211.750	-527363.468
4374355.000	-3151633.750	-531269.718
5052786.500	-2742218.750	-535175.968
4482603.000	-2640808.750	-539082.218
4557805.000	-2838252.250	-542988.468
4627953.000	-2125438.000	-546894.718
4218986.500	-3599240.000	-550800.968
4752052.000	-3352818.000	-554707.218
5335501.500	-3631109.000	-558613.468
4669930.000	-2898914.250	-562519.718
5257246.500	-3202448.500	-566425.968
5293003.000	-2575154.750	-570332.218
4581706.000	-2543126.000	-574238.468
5500734.500	-3258818.000	-578144.718
4658856.500	-2887907.250	-582050.968
3798061.250	-3220236.750	-585957.218
4930906.000	-2451701.750	-589863.468
5512814.000	-2779174.000	-593769.718
5697203.500	-3147686.500	-597675.968
4379831.000	-1865499.750	-601582.218
5125665.000	-2186724.750	-605488.468
4798305.500	-2337445.000	-609394.718
5048526.000	-1998830.000	-613300.968
4564740.500	-1827982.375	-617207.218
4848612.500	-2966259.750	-621113.468
4762997.500	-2794054.500	-625019.718
4496970.000	-1270105.250	-628925.968
5310523.500	-1861058.375	-632832.218
4859781.500	-2778060.250	-636738.468
3950776.000	-2583391.750	-640644.718
5208840.000	-2264779.750	-644550.968
4076630.250	-1604081.750	-648457.218
5827778.000	-3064089.750	-652363.468
4604732.000	-1749764.000	-656269.718
3777550.000	-1870020.875	-660175.968
4143784.000	-1816559.875	-664082.218
4511865.500	-1797284.000	-667988.468
4995777.500	-1619396.500	-671894.718
5710946.000	-1756361.500	-675800.968
5878349.000	-1461890.000	-679707.218
4447349.500	-1229447.875	-683613.468
5059618.000	-1570322.500	-687519.718
5593640.000	-1200847.125	-691425.968
5232244.500	-987752.938	-695332.218
4664113.000	-2104078.000	-699238.468
5380948.500	-1558660.500	-703144.718
5246293.500	-2272558.250	-707050.968
4326052.500	-1900583.125	-710957.218
4951219.500	-1421494.625	-714863.468
4923966.500	-1536689.250	-718769.718
5053294.500	-1777882.875	-722675.968
5784807.000	-1338414.500	-726582.218
4272239.500	-1549579.125	-730488.468
4873123.500	-1650406.375	-734394.718
5100327.500	-1067697.875	-738300.968
4954195.500	-1658941.750	-742207.218
4698502.000	-1314880.750	-746113.468
4822560.500	-864521.250	-750019.718
4740485.000	-1369401.125	-753925.968
4190392.000	-901542.000	-757832.218
5106862.000	-1233170.250	-761738.468
4991904.500	-815199.750	-765644.718
4863863.000	-1788590.750	-769550.968
4326365.000	-1455509.250	-773457.218
4831434.500	-1655320.750	-777363.468
5077015.000	-1125209.625	-781269.718
5405496.500	-745709.000	-785175.968
4558590.500	-1010623.250	-789082.218
4880242.500	-1520431.500	-792988.468
5036699.000	-389627.813	-796894.718
4677917.000	-812317.938	-800800.968
4581392.500	-1258950.750	-804707.218
5531993.000	-968720.000	-808613.468
4207522.500	-108724.508	-812519.718
5173102.000	-879540.813	-816425.968
4740475.500	-520194.938	-820332.218
5274032.000	-907378.250	-824238.468
4361129.000	-842119.313	-828144.718
4667894.000	-1113883.625	-832050.968
4697688.500	-899619.563	-835957.218
3871319.250	-412016.719	-839863.468
4124501.250	-684553.750	-843769.718
5215118.500	-300681.688	-847675.968
5306635.000	111581.586	-851582.218
4676430.000	-909065.063	-855488.468
4654946.500	-833034.188	-859394.718
4949160.500	-94009.633	-863300.968
4023411.750	-78387.734	-867207.218
4865762.000	-664613.500	-871113.468
4798758.500	-1041554.750	-875019.718
4723370.000	-465204.531	-878925.968
4283075.500	-519049.313	-882832.218
5016637.000	78041.273	-886738.468
4954453.500	108957.766	-890644.718
4775161.500	-370499.563	-894550.968
4236650.500	226643.953	-898457.218
4346997.000	-128657.125	-902363.468
4781607.500	-680687.875	-906269.718
5298682.500	-182537.469	-910175.968
3982034.000	-266769.906	-914082.218
3868648.250	-51836.707	-917988.468
4134349.000	264081.156	-921894.718
4924898.000	303605.750	-925800.968
4656446.500	145662.813	-929707.218
4816272.000	496133.938	-933613.468
4942996.500	642383.938	-937519.718
4672523.000	751441.188	-941425.968
3524173.750	237173.406	-945332.218
4855378.000	-47457.648	-949238.468
4385302.000	98432.086	-953144.718
4655542.500	1253543.750	-957050.968
4066393.250	-27998.484	-960957.218
4687213.000	-256060.766	-964863.468
4758803.000	728287.000	-968769.718
4605264.500	388448.156	-972675.968
4356841.000	857123.813	-976582.218
4399349.000	810155.000	-980488.468
5340988.500	324858.313	-984394.718
4506571.500	843866.750	-988300.968
3758429.750	1098263.625	-992207.218
5139381.000	1501562.125	-996113.468
