Data Point Listing of File C:\NTNMR\data\Dan\LiMnPO4\P31 [001] 0deg.tnt
Starting Point:	1	Ending Point:	1024
Real	Imag	Hz
440773.250	127988.734	999980.282
256546.203	-54685.617	998027.157
299430.156	-55164.992	996074.032
244740.438	55996.742	994120.907
273908.063	-154084.406	992167.782
34118.430	-39821.926	990214.657
151360.438	-36159.348	988261.532
75901.773	92342.023	986308.407
52421.867	38552.152	984355.282
-54651.879	-175998.375	982402.157
320835.281	97006.578	980449.032
276842.844	136308.625	978495.907
111774.172	-76859.031	976542.782
302556.563	69602.852	974589.657
261626.203	150447.469	972636.532
211987.203	184387.984	970683.407
231195.281	255915.344	968730.282
343807.531	100613.547	966777.157
122728.477	-207787.422	964824.032
413709.063	-242095.516	962870.907
310199.844	28691.193	960917.782
125976.727	-190880.188	958964.657
264398.250	230631.234	957011.532
204695.859	108772.977	955058.407
136521.031	30128.641	953105.282
198595.141	-2834.484	951152.157
180183.469	-78833.008	949199.032
264974.000	57898.340	947245.907
247215.891	-24409.752	945292.782
112668.898	123802.188	943339.657
283591.938	39825.953	941386.532
423483.375	36506.332	939433.407
165725.609	-107306.125	937480.282
239686.375	-48681.117	935527.157
511151.375	-60269.895	933574.032
115114.727	-181948.391	931620.907
482845.750	-19360.527	929667.782
204041.844	116641.531	927714.657
303318.719	180607.594	925761.532
220224.734	35244.039	923808.407
366780.125	145984.328	921855.282
164105.953	124951.023	919902.157
65840.227	-76872.305	917949.032
186233.156	66439.797	915995.907
228428.297	160537.031	914042.782
539938.000	24625.756	912089.657
428459.375	336444.594	910136.532
258716.156	198935.031	908183.407
230026.313	90148.984	906230.282
120243.688	-126115.664	904277.157
274537.813	-33054.848	902324.032
-27266.633	15428.871	900370.907
338324.281	284571.188	898417.782
202519.531	183501.969	896464.657
199935.141	197528.938	894511.532
50179.059	-110747.648	892558.407
307786.750	100736.563	890605.282
-602.059	164057.813	888652.157
73189.414	357373.250	886699.032
518796.281	94570.469	884745.907
125304.055	-107422.727	882792.782
228146.047	-182749.563	880839.657
142838.625	-106846.273	878886.532
200471.047	-19058.012	876933.407
19143.051	16518.455	874980.282
537546.125	149700.141	873027.157
354388.563	153358.891	871074.032
305164.625	286463.625	869120.907
203656.672	-63164.434	867167.782
359227.813	115494.867	865214.657
44567.969	-40402.723	863261.532
326378.688	40258.297	861308.407
254662.875	-6353.896	859355.282
299598.281	104604.461	857402.157
487603.938	-162229.766	855449.032
392398.906	-59479.320	853495.907
316884.375	39880.238	851542.782
385624.063	278316.281	849589.657
72319.695	-84095.172	847636.532
322624.719	97870.305	845683.407
176540.078	173432.531	843730.282
236541.984	172179.734	841777.157
310396.313	198827.266	839824.032
-27456.850	51530.422	837870.907
248194.609	143887.531	835917.782
198694.641	-116956.766	833964.657
128284.289	-54106.684	832011.532
91399.805	324759.063	830058.407
274720.219	41673.414	828105.282
233217.594	16049.118	826152.157
273228.188	176022.516	824199.032
424914.531	112969.742	822245.907
332252.031	263057.344	820292.782
128256.844	263583.250	818339.657
381421.250	22241.498	816386.532
120871.938	-190024.219	814433.407
211140.219	137964.234	812480.282
300772.875	347620.813	810527.157
227877.578	-110278.258	808574.032
217581.047	194195.266	806620.907
205435.531	44825.938	804667.782
459764.281	40489.426	802714.657
369099.813	226045.688	800761.532
418441.063	449937.000	798808.407
82961.438	165066.109	796855.282
438082.063	67902.117	794902.157
149136.375	138423.906	792949.032
319458.563	87569.891	790995.907
41986.930	215906.516	789042.782
254195.781	150227.766	787089.657
535154.250	146566.141	785136.532
62832.059	70218.109	783183.407
606348.188	182582.813	781230.282
13553.897	-16007.729	779277.157
335294.188	188671.281	777324.032
218639.969	43449.652	775370.907
194993.750	184486.672	773417.782
380340.125	-202586.250	771464.657
251275.172	57429.711	769511.532
176770.484	52988.484	767558.407
191319.156	77666.352	765605.282
305297.250	411589.531	763652.157
148547.828	211038.781	761699.032
298663.656	244955.594	759745.907
340130.844	61827.926	757792.782
115500.516	-80009.266	755839.657
282420.250	378498.125	753886.532
299083.344	126223.820	751933.407
449435.750	143552.875	749980.282
490545.344	155224.313	748027.157
299085.219	146003.688	746074.032
327508.781	41176.707	744120.907
255103.531	-190378.828	742167.782
342800.125	-53638.844	740214.657
462361.469	4182.136	738261.532
508930.250	103808.219	736308.407
237176.875	2055.663	734355.282
385280.406	103050.234	732402.157
126649.531	49603.691	730449.032
-48085.406	308193.938	728495.907
335202.469	453408.063	726542.782
362178.656	438107.469	724589.657
478123.469	239794.281	722636.532
494409.750	-178161.297	720683.407
209654.969	50599.828	718730.282
61281.012	-149624.500	716777.157
186555.938	50429.027	714824.032
343999.094	171923.797	712870.907
334524.219	204077.531	710917.782
303666.219	171500.141	708964.657
198009.797	120731.367	707011.532
531178.188	-92798.656	705058.407
374699.438	166140.203	703105.282
368401.344	25828.672	701152.157
500211.844	132626.203	699199.032
105636.805	376757.156	697245.907
326849.906	-262909.906	695292.782
74502.164	-70424.859	693339.657
407307.219	-7581.876	691386.532
-69391.328	210934.438	689433.407
251610.063	296172.250	687480.282
317539.281	62705.738	685527.157
290580.375	341546.656	683574.032
318652.750	-41436.297	681620.907
176700.766	158177.297	679667.782
156390.234	38155.262	677714.657
268228.438	56833.375	675761.532
273822.000	-102388.789	673808.407
74535.492	87792.211	671855.282
345037.156	134046.781	669902.157
278196.344	246398.188	667949.032
420291.000	392291.188	665995.907
-103780.250	2549.470	664042.782
178540.906	81090.633	662089.657
97630.258	-176564.016	660136.532
435403.781	249422.641	658183.407
141141.922	75170.617	656230.282
480506.719	-103055.570	654277.157
373660.906	102907.664	652324.032
170272.594	-18233.732	650370.907
237787.672	12027.196	648417.782
468431.125	278445.938	646464.657
-222207.203	151078.078	644511.532
427606.531	252599.422	642558.407
-21398.574	400474.156	640605.282
522986.313	294671.125	638652.157
96157.250	74935.461	636699.032
329369.250	37563.563	634745.907
79055.992	144232.656	632792.782
192633.688	346261.125	630839.657
120200.320	250702.141	628886.532
501144.688	266578.500	626933.407
412659.094	116961.523	624980.282
311488.969	216999.063	623027.157
130830.188	153144.938	621074.032
198376.016	-33227.164	619120.907
335282.094	131428.469	617167.782
-143229.594	-130312.555	615214.657
51791.941	281095.219	613261.532
327181.719	262750.406	611308.407
159529.297	328998.438	609355.282
191218.250	245575.625	607402.157
-50156.344	435003.625	605449.032
328728.156	-47951.727	603495.907
236964.781	452006.750	601542.782
232438.922	55294.570	599589.657
461171.063	386794.500	597636.532
242672.766	127035.813	595683.407
137289.094	57538.375	593730.282
343579.125	200009.438	591777.157
401562.656	175328.078	589824.032
-53675.086	226775.578	587870.907
5149.716	-158000.563	585917.782
639158.375	256179.828	583964.657
384241.000	46774.719	582011.532
313280.313	253363.000	580058.407
268576.781	-12068.740	578105.282
209968.109	146701.422	576152.157
11433.171	439419.469	574199.032
574020.438	53055.793	572245.907
385630.656	157724.969	570292.782
36559.555	757049.750	568339.657
517215.656	443009.375	566386.532
249976.172	418194.750	564433.407
98505.828	291354.188	562480.282
361825.344	70021.141	560527.157
331811.188	560441.000	558574.032
213954.547	138213.422	556620.907
123643.031	-65400.676	554667.782
227115.266	191583.859	552714.657
174529.797	405768.250	550761.532
-12163.879	80869.000	548808.407
469008.469	136777.250	546855.282
214705.438	181116.047	544902.157
284357.375	198315.703	542949.032
-23560.824	162770.234	540995.907
358924.688	432760.313	539042.782
290284.000	-7352.721	537089.657
386351.344	386757.813	535136.532
96282.813	99170.914	533183.407
168212.438	15234.091	531230.282
351579.719	367037.156	529277.157
26313.260	219945.406	527324.032
397180.219	174637.984	525370.907
168974.297	412838.719	523417.782
271323.375	431043.250	521464.657
389159.281	217630.063	519511.532
67767.398	410111.531	517558.407
273491.938	139830.297	515605.282
447396.000	479515.375	513652.157
208028.656	-3606.582	511699.032
130891.539	286974.063	509745.907
81812.320	173182.031	507792.782
319738.844	435299.844	505839.657
434613.219	-85341.047	503886.532
-148583.047	236658.875	501933.407
350825.125	257674.344	499980.282
317966.281	722680.313	498027.157
24906.842	376917.781	496074.032
467998.156	174112.328	494120.907
355546.531	-278840.531	492167.782
213007.266	199840.953	490214.657
308931.563	467799.188	488261.532
413903.844	136347.219	486308.407
329329.438	416213.250	484355.282
135974.094	494360.813	482402.157
699487.938	113388.547	480449.032
-179416.156	472749.531	478495.907
320920.188	478339.344	476542.782
193888.547	280376.750	474589.657
-6276.329	218641.438	472636.532
269572.531	75084.352	470683.407
-9289.720	659036.625	468730.282
15547.492	266684.438	466777.157
191134.516	410656.938	464824.032
285863.719	-276773.906	462870.907
812900.438	878814.063	460917.782
346301.313	602330.438	458964.657
438509.781	404300.250	457011.532
318868.031	-94690.422	455058.407
458895.438	82082.172	453105.282
486245.031	559653.750	451152.157
45840.293	285537.906	449199.032
265363.500	364393.063	447245.907
-35815.465	528884.000	445292.782
176502.547	94884.805	443339.657
263502.469	659935.750	441386.532
61505.559	-32506.549	439433.407
415970.625	459687.781	437480.282
369230.156	154830.906	435527.157
184525.094	771782.125	433574.032
416434.344	-29372.133	431620.907
-75690.125	417767.500	429667.782
544905.938	340937.250	427714.657
69710.008	627217.438	425761.532
81910.188	61585.273	423808.407
106124.602	171826.453	421855.282
-57981.293	-100905.086	419902.157
475397.969	430265.000	417949.032
33835.629	571128.688	415995.907
611725.875	-37593.363	414042.782
394307.344	347085.563	412089.657
253698.203	372629.906	410136.532
538637.188	245653.703	408183.407
214636.859	308482.500	406230.282
410375.688	520004.781	404277.157
129267.297	275549.219	402324.032
154260.094	675468.313	400370.907
324039.063	654228.563	398417.782
89542.297	492598.313	396464.657
-147838.313	414371.188	394511.532
-135464.906	12581.622	392558.407
147519.469	533604.750	390605.282
203039.625	517845.625	388652.157
128485.000	334558.531	386699.032
350221.469	386089.750	384745.907
394978.063	575738.625	382792.782
323324.375	370690.844	380839.657
159313.047	543776.313	378886.532
473679.875	520897.719	376933.407
149024.828	305006.563	374980.282
379575.031	480951.969	373027.157
351575.688	90262.719	371074.032
17214.729	589929.250	369120.907
3853.289	595191.500	367167.782
608356.625	576866.750	365214.657
221275.594	-123578.719	363261.532
180766.313	122298.500	361308.407
209953.000	366572.469	359355.282
334218.031	300709.531	357402.157
319046.969	385697.594	355449.032
128355.289	957279.563	353495.907
276233.969	925711.438	351542.782
363234.125	526299.063	349589.657
205611.719	616427.188	347636.532
-1058.329	178491.734	345683.407
66464.125	796134.500	343730.282
542895.875	390906.750	341777.157
461308.594	589742.250	339824.032
328608.063	584308.000	337870.907
126272.469	572628.688	335917.782
103561.305	462530.781	333964.657
151245.547	327391.844	332011.532
37066.664	314038.500	330058.407
204678.656	462562.719	328105.282
205766.984	795881.313	326152.157
-29023.633	484661.719	324199.032
148447.078	304516.000	322245.907
480367.281	773009.875	320292.782
261711.531	554785.438	318339.657
495406.094	639997.750	316386.532
358010.594	450867.063	314433.407
-264360.281	639200.938	312480.282
346893.000	539848.438	310527.157
-76281.398	284435.844	308574.032
406568.094	484507.000	306620.907
169551.234	601163.250	304667.782
122799.305	928918.875	302714.657
-43790.563	864963.625	300761.532
300780.500	805222.813	298808.407
309485.844	457928.563	296855.282
447389.906	648811.688	294902.157
-140531.734	888379.938	292949.032
572559.000	445531.250	290995.907
516957.875	459723.000	289042.782
394210.813	415458.438	287089.657
410711.219	592314.438	285136.532
293660.438	917424.563	283183.407
270783.000	758995.250	281230.282
-31732.063	810185.688	279277.157
197808.672	956005.875	277324.032
13138.903	462442.938	275370.907
293285.813	627593.438	273417.782
169584.984	510506.813	271464.657
281144.156	484848.344	269511.532
423225.875	690786.125	267558.407
228070.313	764595.750	265605.282
400092.969	621577.563	263652.157
135284.359	318884.125	261699.032
166917.922	859654.313	259745.907
-43580.695	806780.750	257792.782
301140.031	744002.313	255839.657
181537.313	896306.313	253886.532
274347.969	968852.688	251933.407
355680.844	895336.938	249980.282
488928.906	730300.000	248027.157
321974.375	588348.750	246074.032
254764.313	1221413.500	244120.907
371345.344	695583.875	242167.782
346487.875	834807.063	240214.657
11713.187	852408.750	238261.532
277446.938	1051430.875	236308.407
252371.500	1121365.875	234355.282
-258125.047	835403.313	232402.157
369006.469	659585.688	230449.032
160148.875	1015841.000	228495.907
-56026.816	790191.813	226542.782
157681.891	742963.063	224589.657
-148076.141	1106862.250	222636.532
306897.188	935238.000	220683.407
510691.719	997458.750	218730.282
-92740.305	961676.875	216777.157
491725.406	1023061.125	214824.032
1425.753	1169589.500	212870.907
273429.406	1125471.500	210917.782
44735.078	1057770.125	208964.657
423092.656	1271864.250	207011.532
180034.938	1133700.375	205058.407
-33753.316	1187003.000	203105.282
274568.906	944907.500	201152.157
179423.797	1235508.125	199199.032
366045.656	1282157.250	197245.907
86935.719	1401702.375	195292.782
134112.656	1161284.625	193339.657
202369.375	1293236.125	191386.532
340617.688	1296600.250	189433.407
341687.844	1412015.000	187480.282
130393.477	1744594.500	185527.157
348946.656	1585839.000	183574.032
-53972.996	1498085.875	181620.907
150932.109	1283591.000	179667.782
380684.125	1884607.500	177714.657
526872.688	1775975.875	175761.532
354867.000	2146636.750	173808.407
285910.375	1939876.250	171855.282
269472.063	2015566.625	169902.157
317447.375	1950331.125	167949.032
495277.219	2206647.500	165995.907
1010999.188	2265643.000	164042.782
650540.250	2136336.500	162089.657
1003678.125	2239858.750	160136.532
559397.063	2100028.750	158183.407
1048882.500	2084056.875	156230.282
1572699.750	2089485.375	154277.157
1542542.500	1786970.375	152324.032
950632.750	2394201.000	150370.907
1472919.500	2163549.000	148417.782
1639481.625	1864802.125	146464.657
1496811.375	1983197.750	144511.532
1551312.125	2207989.750	142558.407
1782068.000	1831455.000	140605.282
1796301.375	1748056.875	138652.157
1839622.500	1819672.125	136699.032
1925301.250	1704817.000	134745.907
1775317.125	1753946.375	132792.782
1569702.250	1601276.250	130839.657
2315541.750	1510654.500	128886.532
1802705.875	1323247.875	126933.407
1835149.125	1432771.250	124980.282
2007555.000	1305217.125	123027.157
1856324.750	1172269.125	121074.032
1997500.250	1274390.125	119120.907
1814121.750	1266165.000	117167.782
2187804.500	1183110.500	115214.657
1762981.125	990601.813	113261.532
1614198.625	1465988.625	111308.407
1953149.000	1238611.125	109355.282
1545285.125	1249165.000	107402.157
2018693.750	952483.313	105449.032
1723463.000	1297213.000	103495.907
1553190.375	1174795.625	101542.782
1499007.000	1157150.625	99589.657
1625500.875	1089153.500	97636.532
1369418.375	928051.188	95683.407
1466715.250	1347743.625	93730.282
1623967.875	1167472.375	91777.157
1084182.375	1131547.625	89824.032
1447200.500	1256019.000	87870.907
1374127.625	1285231.000	85917.782
1459027.125	1303892.500	83964.657
1305476.250	1708040.875	82011.532
1361578.125	1083643.125	80058.407
1440269.500	1073543.375	78105.282
1551599.625	1621441.125	76152.157
1427547.875	1681806.375	74199.032
1267487.000	1729941.500	72245.907
1481789.250	1573533.000	70292.782
1340308.250	1769468.750	68339.657
1501338.000	2338235.000	66386.532
1675277.000	2230247.250	64433.407
1622522.500	2400437.250	62480.282
1533234.500	2626224.750	60527.157
1762530.375	2969551.250	58574.032
1766601.375	2956493.500	56620.907
1769118.000	2820566.500	54667.782
2059979.375	3180283.750	52714.657
2573611.750	3334277.000	50761.532
3131686.500	3650590.250	48808.407
3265705.750	3455465.250	46855.282
3250541.250	3642782.750	44902.157
3947485.500	4119058.750	42949.032
4509437.500	4036901.500	40995.907
4986665.000	3720557.250	39042.782
5277861.500	3351443.750	37089.657
6433859.500	3296601.000	35136.532
6310487.500	3196776.750	33183.407
6729424.500	2272150.750	31230.282
6791646.500	1722194.250	29277.157
6862163.500	1131517.375	27324.032
7152071.000	465798.938	25370.907
7254508.000	-61379.875	23417.782
7040545.500	-14472.327	21464.657
6662886.500	-589564.813	19511.532
6578304.500	-925871.000	17558.407
6974832.000	-813999.563	15605.282
6628018.500	-1679160.375	13652.157
6748171.500	-1789184.250	11699.032
6147679.000	-2446380.250	9745.907
5978324.000	-2857650.750	7792.782
6336059.000	-3047893.000	5839.657
5677618.500	-3482751.250	3886.532
5095302.500	-3618783.750	1933.407
4725903.500	-3312444.250	-19.718
4742484.500	-4107458.250	-1972.843
4349018.500	-4102881.500	-3925.968
3815104.750	-4031163.500	-5879.093
4165291.000	-3846305.500	-7832.218
3519001.000	-3894908.750	-9785.343
3395018.500	-3947381.500	-11738.468
2908747.250	-3900147.000	-13691.593
2849087.500	-4335696.500	-15644.718
2571868.000	-4054459.500	-17597.843
2122443.000	-3784482.750	-19550.968
2060743.625	-3732598.000	-21504.093
2252002.500	-3555449.750	-23457.218
1634542.125	-3657480.250	-25410.343
1647117.000	-3999875.750	-27363.468
1556873.375	-3835210.500	-29316.593
1435444.125	-3812849.750	-31269.718
1191548.000	-3531839.250	-33222.843
980843.375	-3523675.500	-35175.968
1329375.000	-3233799.750	-37129.093
837768.250	-3263013.000	-39082.218
800470.250	-2902105.250	-41035.343
799039.250	-2614502.000	-42988.468
743652.250	-2973927.000	-44941.593
1067884.125	-2850922.250	-46894.718
513842.188	-3088168.750	-48847.843
381804.406	-2433829.000	-50800.968
367124.875	-2808562.750	-52754.093
489294.406	-2857465.500	-54707.218
472442.000	-2381473.000	-56660.343
270764.406	-2336240.750	-58613.468
227285.453	-2046744.000	-60566.593
805050.063	-2376453.250	-62519.718
236840.547	-2490244.250	-64472.843
548516.813	-2477196.500	-66425.968
400122.313	-2046748.750	-68379.093
151395.031	-2115834.250	-70332.218
-140832.328	-1811332.875	-72285.343
272369.500	-1714996.875	-74238.468
174505.844	-1799501.125	-76191.593
160484.359	-1618922.875	-78144.718
127018.070	-2034906.250	-80097.843
248115.000	-1764441.125	-82050.968
-18036.939	-1768790.750	-84004.093
263571.094	-1412892.250	-85957.218
274650.594	-1822824.125	-87910.343
214119.703	-1278327.125	-89863.468
-81119.398	-1574663.875	-91816.593
183914.250	-1427406.250	-93769.718
-133534.859	-1528041.750	-95722.843
171062.672	-1425266.750	-97675.968
103094.109	-1591472.875	-99629.093
-3472.020	-1555502.875	-101582.218
-24954.551	-1771890.875	-103535.343
164657.406	-1411214.500	-105488.468
209032.500	-1459014.875	-107441.593
-36195.926	-1152001.250	-109394.718
271167.781	-1269481.000	-111347.843
176580.563	-1142850.625	-113300.968
-19725.416	-1100833.500	-115254.093
34936.000	-832953.250	-117207.218
230215.281	-1138066.125	-119160.343
227258.969	-1220772.625	-121113.468
-26180.051	-987482.813	-123066.593
257059.969	-1069080.750	-125019.718
-20704.576	-1070576.000	-126972.843
108975.703	-905124.438	-128925.968
-81903.188	-1140900.875	-130879.093
447396.375	-1034455.563	-132832.218
310947.688	-978465.063	-134785.343
8424.363	-882116.313	-136738.468
139304.609	-935860.375	-138691.593
180012.688	-808675.188	-140644.718
246104.813	-1269274.125	-142597.843
299320.188	-956072.813	-144550.968
10349.527	-966740.625	-146504.093
200413.281	-933971.938	-148457.218
171326.250	-901942.875	-150410.343
-57955.238	-662555.500	-152363.468
327362.281	-694992.750	-154316.593
358702.313	-1175464.125	-156269.718
195481.656	-1004121.938	-158222.843
228234.844	-724160.188	-160175.968
-44644.449	-982486.000	-162129.093
292247.375	-781985.750	-164082.218
336501.750	-750940.000	-166035.343
252111.609	-701450.188	-167988.468
36720.789	-936145.188	-169941.593
248293.266	-729640.688	-171894.718
332328.938	-920838.813	-173847.843
126528.070	-916040.688	-175800.968
245165.734	-834627.063	-177754.093
374289.500	-646590.250	-179707.218
228280.109	-451972.188	-181660.343
148588.734	-719229.188	-183613.468
338905.906	-779910.063	-185566.593
380662.719	-774999.625	-187519.718
182002.469	-748767.625	-189472.843
3887.881	-819035.188	-191425.968
268444.438	-1085556.000	-193379.093
128894.445	-761272.250	-195332.218
136429.031	-891188.438	-197285.343
338775.250	-638431.500	-199238.468
190546.141	-545306.188	-201191.593
56789.016	-297049.938	-203144.718
-95044.703	-712320.313	-205097.843
253500.438	-739263.813	-207050.968
410547.500	-520101.563	-209004.093
327196.656	-865309.688	-210957.218
184140.672	-431176.625	-212910.343
356839.531	-610208.250	-214863.468
241853.719	-769438.063	-216816.593
316978.063	-408434.469	-218769.718
96094.188	-687767.563	-220722.843
-72860.039	-602086.750	-222675.968
184171.969	-586564.813	-224629.093
241188.016	-818868.938	-226582.218
101150.977	-523043.781	-228535.343
289129.625	-600772.688	-230488.468
306506.938	-432955.906	-232441.593
-49004.887	-718383.688	-234394.718
126371.719	-590411.938	-236347.843
434421.500	-639612.875	-238300.968
227377.281	-352608.313	-240254.093
224002.203	-732815.750	-242207.218
162929.719	-652293.875	-244160.343
391553.750	-707553.563	-246113.468
330650.344	-808831.938	-248066.593
520951.781	-616524.875	-250019.718
-4723.969	-711851.500	-251972.843
284319.531	-581107.063	-253925.968
4618.762	-468837.000	-255879.093
333914.938	-414078.750	-257832.218
-137172.297	-511600.125	-259785.343
112868.031	-794647.625	-261738.468
285393.938	-690195.250	-263691.593
441783.219	-348990.000	-265644.718
362149.156	-495411.563	-267597.843
104763.625	-142852.422	-269550.968
118303.563	-537699.375	-271504.093
274949.563	-497927.844	-273457.218
118571.109	-529770.063	-275410.343
323368.813	-424013.844	-277363.468
215921.938	-154894.094	-279316.593
13744.496	-511842.969	-281269.718
298161.594	-587806.438	-283222.843
283714.469	-647973.063	-285175.968
251754.297	-480514.438	-287129.093
100118.820	-723902.813	-289082.218
472622.063	-528783.875	-291035.343
235396.766	-479628.844	-292988.468
52681.895	-380551.344	-294941.593
421970.750	-484240.688	-296894.718
195018.813	-398624.844	-298847.843
54737.926	-532146.875	-300800.968
238369.438	-478276.594	-302754.093
285628.313	-219998.063	-304707.218
139518.875	-466752.125	-306660.343
269736.781	-544687.563	-308613.468
145227.234	-506434.313	-310566.593
-32073.711	-310824.906	-312519.718
118606.578	-574408.938	-314472.843
335612.250	-491837.344	-316425.968
173052.500	-223531.953	-318379.093
86822.602	-578542.750	-320332.218
208527.328	-489589.375	-322285.343
171614.656	-357678.219	-324238.468
372745.625	-560494.500	-326191.593
303724.563	-312954.938	-328144.718
149505.891	-343518.031	-330097.843
174537.469	-513707.125	-332050.968
339795.281	-409933.969	-334004.093
418547.531	-317374.656	-335957.218
105208.148	-356738.750	-337910.343
230210.797	-294490.719	-339863.468
-53019.500	-240925.219	-341816.593
336593.625	-332112.281	-343769.718
197489.406	-388350.750	-345722.843
239383.953	-394163.969	-347675.968
148934.375	-179069.375	-349629.093
302899.281	-428462.906	-351582.218
78036.055	-506921.250	-353535.343
470257.344	-300430.031	-355488.468
301825.781	-436453.750	-357441.593
71000.414	-386601.969	-359394.718
246707.438	-115840.078	-361347.843
31546.750	-153368.859	-363300.968
181905.359	-413081.313	-365254.093
171887.531	-551409.813	-367207.218
392100.750	-144267.719	-369160.343
197463.766	-437371.500	-371113.468
300093.094	-359185.750	-373066.593
149663.078	-361178.188	-375019.718
219292.313	-199937.391	-376972.843
615397.563	-448595.094	-378925.968
173443.500	-292764.750	-380879.093
277741.719	-293924.406	-382832.218
327076.969	-335311.250	-384785.343
168894.375	-255204.641	-386738.468
274350.531	-451925.781	-388691.593
279265.813	-233441.953	-390644.718
467248.656	-233448.703	-392597.843
335155.438	-681562.688	-394550.968
130633.227	-267497.375	-396504.093
149558.438	-565923.313	-398457.218
311791.875	-429492.188	-400410.343
94430.922	-22087.949	-402363.468
444273.875	-388652.188	-404316.593
275137.688	-323385.031	-406269.718
70772.086	-369776.188	-408222.843
253404.750	-430862.688	-410175.968
177298.422	-200468.000	-412129.093
316618.969	-271968.688	-414082.218
52130.477	-299395.969	-416035.343
227434.484	-505003.031	-417988.468
342822.406	-304822.750	-419941.593
423663.969	-386948.250	-421894.718
320546.406	-377291.781	-423847.843
358977.156	-151013.438	-425800.968
325413.313	-362676.375	-427754.093
234240.797	-230681.156	-429707.218
217803.531	-148498.844	-431660.343
144461.813	-325600.313	-433613.468
385330.969	-387210.406	-435566.593
153022.031	-183519.641	-437519.718
239499.750	-312149.438	-439472.843
253789.266	-566212.563	-441425.968
183233.094	-149394.656	-443379.093
42106.133	-204463.672	-445332.218
381879.688	-312542.969	-447285.343
292310.563	-345594.031	-449238.468
258489.250	-228653.609	-451191.593
329992.406	-327802.250	-453144.718
290795.031	-344896.625	-455097.843
41169.422	-80351.367	-457050.968
125223.734	-111291.383	-459004.093
294532.000	-300278.156	-460957.218
256459.391	-278879.156	-462910.343
95120.398	-170653.641	-464863.468
159310.813	-307330.375	-466816.593
239676.500	-266560.563	-468769.718
98904.289	-161425.938	-470722.843
177501.203	-374267.250	-472675.968
491462.594	-251180.125	-474629.093
300378.438	-341794.219	-476582.218
271522.531	-367106.469	-478535.343
388789.594	-265289.500	-480488.468
-8153.681	-496640.906	-482441.593
294823.219	-281688.531	-484394.718
373257.219	-184091.484	-486347.843
508153.875	-193473.047	-488300.968
10427.197	-478759.844	-490254.093
324178.125	-335241.875	-492207.218
225248.875	-501837.000	-494160.343
280307.813	-410954.188	-496113.468
359814.063	-199804.281	-498066.593
304907.000	-271274.938	-500019.718
349425.906	-304615.688	-501972.843
301771.500	-290658.219	-503925.968
320220.719	-169619.484	-505879.093
311264.219	-317283.188	-507832.218
114923.078	-329841.531	-509785.343
168155.125	-198189.469	-511738.468
104883.359	-137427.781	-513691.593
187398.531	-439915.531	-515644.718
401129.469	21426.170	-517597.843
16582.307	-397815.219	-519550.968
261585.047	-85711.945	-521504.093
89741.211	-234670.953	-523457.218
57290.195	-82679.313	-525410.343
170201.922	35874.652	-527363.468
188918.703	-336315.469	-529316.593
396523.063	-176546.859	-531269.718
-75629.336	-261977.141	-533222.843
171050.594	-136323.953	-535175.968
274733.969	-302947.406	-537129.093
107296.148	-329908.906	-539082.218
504542.625	-281894.500	-541035.343
390138.281	-148332.438	-542988.468
262833.719	-447653.281	-544941.593
30820.902	-179950.156	-546894.718
160129.344	-359368.563	-548847.843
224384.328	-441571.438	-550800.968
213546.953	-250399.984	-552754.093
114847.930	110922.117	-554707.218
276506.500	-86922.641	-556660.343
474504.688	-29604.920	-558613.468
248357.313	-151045.875	-560566.593
114062.094	-154061.406	-562519.718
275984.656	-251848.906	-564472.843
184457.359	-260762.344	-566425.968
255155.266	-65526.648	-568379.093
387925.125	-289078.406	-570332.218
272364.156	-109438.359	-572285.343
139668.875	-352488.094	-574238.468
270092.000	-337740.375	-576191.593
321017.469	-92615.523	-578144.718
90655.383	-192190.750	-580097.843
148714.375	-10614.352	-582050.968
200472.688	-219437.422	-584004.093
156794.438	-403399.031	-585957.218
162818.938	-237031.031	-587910.343
317967.969	-81196.867	-589863.468
48415.633	-331365.344	-591816.593
289420.500	-341222.594	-593769.718
191496.484	12496.887	-595722.843
474954.594	24061.379	-597675.968
410249.281	-261517.125	-599629.093
267668.844	-112165.000	-601582.218
136797.719	-38081.418	-603535.343
334717.688	-236945.891	-605488.468
541401.875	-209802.891	-607441.593
320266.563	-221464.063	-609394.718
-16241.299	-336845.031	-611347.843
198736.016	-221273.234	-613300.968
142915.547	-289751.406	-615254.093
303762.406	-265088.750	-617207.218
232920.219	-149394.984	-619160.343
357047.750	-291556.625	-621113.468
75164.281	-101187.086	-623066.593
200483.344	-53058.441	-625019.718
132132.203	-80025.156	-626972.843
446302.344	-18358.951	-628925.968
275048.406	-302806.188	-630879.093
306948.406	-394611.844	-632832.218
135258.984	-240632.438	-634785.343
155921.328	-181054.813	-636738.468
126445.289	-59201.445	-638691.593
39031.691	-278536.844	-640644.718
241803.500	73007.320	-642597.843
238369.891	-272501.719	-644550.968
127908.023	-11642.415	-646504.093
140737.688	-244932.359	-648457.218
305914.281	-148049.672	-650410.343
228336.500	-60766.957	-652363.468
335050.344	-119334.000	-654316.593
340903.094	-314454.031	-656269.718
294959.250	-18754.342	-658222.843
21058.639	-212666.875	-660175.968
42356.668	-319131.469	-662129.093
292883.281	-309339.656	-664082.218
316846.219	-173865.578	-666035.343
177757.484	-175037.328	-667988.468
92612.055	-44428.520	-669941.593
160998.359	-199857.234	-671894.718
306763.406	-137800.563	-673847.843
120212.539	-60757.594	-675800.968
285362.219	-84663.492	-677754.093
263336.531	21206.367	-679707.218
261294.922	-100831.719	-681660.343
365961.438	-6754.086	-683613.468
383394.625	-75293.359	-685566.593
186602.984	-173957.031	-687519.718
113926.078	102598.977	-689472.843
85707.219	-57450.320	-691425.968
-86738.773	-119302.336	-693379.093
290124.844	-97973.648	-695332.218
253049.563	-283584.313	-697285.343
224437.047	-22638.592	-699238.468
277099.094	-164778.219	-701191.593
330061.375	121161.367	-703144.718
237876.313	-156965.688	-705097.843
323716.406	33599.195	-707050.968
265283.875	-146777.406	-709004.093
149566.047	-131567.547	-710957.218
234185.578	19611.645	-712910.343
223378.359	-189944.438	-714863.468
148132.672	-177736.891	-716816.593
345159.313	-148809.375	-718769.718
309853.750	-172278.328	-720722.843
168435.109	-41248.352	-722675.968
552465.063	115612.188	-724629.093
317248.469	-108152.297	-726582.218
212129.453	-222309.469	-728535.343
241140.266	122865.695	-730488.468
413201.813	-182383.781	-732441.593
267032.188	-200367.609	-734394.718
224795.063	-389561.813	-736347.843
228768.719	-196337.688	-738300.968
202507.609	-207308.438	-740254.093
442081.625	-173208.438	-742207.218
196706.000	-110893.047	-744160.343
256889.484	-209123.125	-746113.468
229115.094	-40510.621	-748066.593
204818.297	-175783.922	-750019.718
179300.969	-310110.938	-751972.843
240645.484	12546.117	-753925.968
89885.586	-194161.500	-755879.093
176763.750	-34330.723	-757832.218
242718.422	-25197.910	-759785.343
665211.313	-217030.641	-761738.468
276215.000	-38807.504	-763691.593
343884.406	-119643.906	-765644.718
268231.438	7614.264	-767597.843
206708.250	-83626.008	-769550.968
146500.000	-65275.902	-771504.093
153476.906	10627.913	-773457.218
236636.656	-39286.594	-775410.343
364630.969	10971.344	-777363.468
260514.375	-86456.859	-779316.593
38819.758	-85551.258	-781269.718
-24889.594	-109333.898	-783222.843
239108.172	-186058.594	-785175.968
290379.500	14982.071	-787129.093
232839.391	-191017.609	-789082.218
190011.266	-22306.881	-791035.343
316077.406	-43176.402	-792988.468
118249.820	-47254.117	-794941.593
401703.875	-41272.855	-796894.718
73564.602	-212338.906	-798847.843
203820.969	-63145.191	-800800.968
249960.453	-39703.750	-802754.093
189179.500	-76208.391	-804707.218
187558.938	-243618.375	-806660.343
235697.641	-195923.063	-808613.468
37166.633	59942.828	-810566.593
223368.203	-367580.781	-812519.718
250375.188	-40981.211	-814472.843
369648.469	-121980.039	-816425.968
412621.469	267790.000	-818379.093
248172.656	-167878.516	-820332.218
229758.219	-3739.604	-822285.343
204214.422	-3002.945	-824238.468
423653.656	-103631.844	-826191.593
154264.047	-188178.000	-828144.718
191910.188	-186775.016	-830097.843
155892.828	44404.543	-832050.968
296477.688	9822.749	-834004.093
121153.742	135455.453	-835957.218
275204.313	-3078.676	-837910.343
151071.172	50341.340	-839863.468
435283.313	1942.948	-841816.593
287857.813	-107908.594	-843769.718
332716.844	-314103.719	-845722.843
258668.453	-98392.172	-847675.968
237556.078	-40865.281	-849629.093
229928.141	11860.298	-851582.218
300285.438	19197.734	-853535.343
371054.875	-118777.391	-855488.468
398226.969	81687.273	-857441.593
277816.563	-73558.586	-859394.718
194860.047	-119506.250	-861347.843
344593.063	-146069.016	-863300.968
370661.094	83789.805	-865254.093
403654.094	-123640.977	-867207.218
36846.406	-98877.367	-869160.343
3914.375	-117068.461	-871113.468
381618.281	-149294.359	-873066.593
525262.750	-25991.818	-875019.718
217759.563	-154766.594	-876972.843
164936.938	-85336.391	-878925.968
177939.359	-16643.285	-880879.093
205199.453	-12275.345	-882832.218
280607.188	-22556.230	-884785.343
232885.234	-231204.453	-886738.468
263912.875	-21776.291	-888691.593
26467.311	-65855.359	-890644.718
214710.969	61830.945	-892597.843
284815.656	-130316.031	-894550.968
113118.922	27468.559	-896504.093
472309.938	-237614.203	-898457.218
225167.844	-10056.499	-900410.343
270052.063	-118719.984	-902363.468
118472.656	-96512.922	-904316.593
237597.422	8456.089	-906269.718
477291.781	-90874.648	-908222.843
161887.469	-24972.430	-910175.968
221870.453	2137.798	-912129.093
299297.969	-173155.031	-914082.218
250924.453	50654.336	-916035.343
52990.184	71826.570	-917988.468
58927.703	-24432.500	-919941.593
208504.969	-69206.070	-921894.718
236739.375	-138906.641	-923847.843
256936.781	-21389.979	-925800.968
116347.875	-90496.273	-927754.093
167608.094	-237896.719	-929707.218
375313.094	-166314.125	-931660.343
330068.500	1955.313	-933613.468
86865.922	-52111.688	-935566.593
226653.078	-49625.188	-937519.718
19544.701	-13332.277	-939472.843
172201.938	53245.563	-941425.968
357689.094	118669.586	-943379.093
119688.984	-50275.035	-945332.218
-50757.707	103866.969	-947285.343
351948.844	-110496.914	-949238.468
334524.406	56505.332	-951191.593
183696.844	-37583.602	-953144.718
150687.781	-69472.289	-955097.843
149003.781	-10452.403	-957050.968
223416.641	-102238.641	-959004.093
193914.859	324091.406	-960957.218
450200.844	-180523.625	-962910.343
178194.281	-58242.965	-964863.468
311858.313	-110997.180	-966816.593
319443.719	284664.125	-968769.718
367257.125	68650.008	-970722.843
399896.813	-355448.063	-972675.968
316434.250	240227.891	-974629.093
188139.734	360288.531	-976582.218
182295.000	-81372.883	-978535.343
139469.734	-195707.172	-980488.468
355057.438	-98600.445	-982441.593
198206.172	-15665.678	-984394.718
302954.719	99177.586	-986347.843
266287.438	27469.758	-988300.968
290866.563	-191420.844	-990254.093
224941.703	-28743.646	-992207.218
32724.361	84372.328	-994160.343
263826.719	66554.289	-996113.468
346066.156	44086.145	-998066.593
