Data Point Listing of File C:\NTNMR\data\Dan\LiFe.75Mn.25PO4\[100]\Li7 [100] 120deg.tnt
Starting Point:	1	Ending Point:	1024
Real	Imag	ppm
-238.146	41357.965	8573.143
72602.023	-19663.961	8556.398
69745.570	-51686.645	8539.653
14541.493	22858.781	8522.909
92957.625	2893.010	8506.164
61317.758	5418.057	8489.419
16576.324	376.220	8472.674
-4670.872	45937.234	8455.930
81197.211	-18575.604	8439.185
59335.313	62126.492	8422.440
43893.309	31577.309	8405.695
141464.734	30422.213	8388.951
24919.578	9031.503	8372.206
110880.281	-41676.820	8355.461
63100.957	50072.910	8338.716
68146.633	-15939.916	8321.972
119430.539	-21054.260	8305.227
101095.273	-28142.150	8288.482
90262.328	59527.051	8271.737
-15424.164	-59729.020	8254.993
58412.957	17872.916	8238.248
48140.270	-7840.531	8221.503
84365.531	-50592.367	8204.758
95121.602	-390.886	8188.014
53266.871	53157.848	8171.269
81921.430	-19205.311	8154.524
35750.684	-34948.699	8137.779
100696.391	-31262.896	8121.035
74369.656	-35711.750	8104.290
-6472.298	-23611.527	8087.545
57140.262	-28159.105	8070.800
31618.318	-65270.137	8054.056
80493.109	75527.797	8037.311
57033.160	-22781.355	8020.566
54797.742	-9902.872	8003.821
76175.406	-1201.046	7987.077
45874.055	58424.348	7970.332
163300.656	-46131.211	7953.587
105516.570	14077.593	7936.842
82479.375	50779.238	7920.098
51087.996	21003.980	7903.353
67390.992	32254.488	7886.608
73850.633	29345.834	7869.863
153922.234	25092.584	7853.119
27588.785	672.779	7836.374
42286.707	-33637.758	7819.629
71204.016	10377.558	7802.884
19027.857	-5537.474	7786.140
29087.014	-51846.727	7769.395
30914.822	25683.975	7752.650
78697.477	65254.398	7735.905
81507.117	-19482.500	7719.161
110476.875	-16260.746	7702.416
68262.414	-3678.932	7685.671
59085.066	-13571.449	7668.926
76649.039	22257.021	7652.182
36757.273	2576.142	7635.437
34838.914	6147.683	7618.692
47870.406	23174.738	7601.947
61553.766	6031.159	7585.203
16346.482	-34405.637	7568.458
79435.133	23688.035	7551.713
54050.227	30784.615	7534.968
32384.004	8512.650	7518.224
16902.889	-48874.496	7501.479
47999.824	74896.766	7484.734
48540.953	-29552.150	7467.989
96778.297	43197.570	7451.245
-11408.167	-66383.305	7434.500
57321.672	57113.520	7417.755
10188.468	-14041.607	7401.010
19595.609	15282.241	7384.266
88274.547	-19989.441	7367.521
24206.492	-53148.344	7350.776
54683.277	35572.711	7334.031
107131.789	-2435.604	7317.287
107235.625	23163.230	7300.542
50511.609	17036.529	7283.797
29208.439	-53148.910	7267.052
100850.398	-17502.918	7250.308
38519.465	12753.523	7233.563
-16224.451	4870.255	7216.818
79235.586	-23560.320	7200.073
47445.086	8853.888	7183.329
42090.375	-16090.793	7166.584
138355.641	-16004.068	7149.839
86883.234	60638.082	7133.094
83215.953	-23423.221	7116.350
29974.447	30906.461	7099.605
116822.977	29714.619	7082.860
60662.789	27880.854	7066.115
87681.453	59547.883	7049.371
23108.371	4665.553	7032.626
49406.914	-12899.824	7015.881
79474.273	55062.941	6999.136
34994.910	26217.588	6982.392
9315.600	-3413.095	6965.647
126191.086	52474.480	6948.902
95683.086	5826.298	6932.157
93073.219	25691.453	6915.413
80159.930	17749.057	6898.668
12320.411	-5696.185	6881.923
61630.457	-34259.152	6865.178
32340.342	37435.258	6848.434
78266.023	-8090.786	6831.689
38136.934	-51209.645	6814.944
58916.633	16870.393	6798.199
-14897.357	55694.887	6781.455
30294.201	-2495.607	6764.710
153.851	40290.348	6747.965
102946.609	2075.935	6731.220
36849.328	-10549.566	6714.476
64698.332	26449.555	6697.731
82581.484	41514.242	6680.986
58582.402	63374.918	6664.241
82116.156	31145.979	6647.497
85329.547	24284.082	6630.752
37185.969	-6218.804	6614.007
22679.613	44529.602	6597.262
-4231.397	7566.127	6580.518
28311.613	-38335.156	6563.773
70187.344	48042.129	6547.028
-89.013	31977.721	6530.283
65299.699	-1543.435	6513.539
21824.889	3427.530	6496.794
69027.609	58967.133	6480.049
8450.171	24032.391	6463.304
80202.055	2718.792	6446.560
5045.064	21116.891	6429.815
162524.953	16161.769	6413.070
83950.570	11797.248	6396.325
118234.141	1570.437	6379.581
93809.305	12151.487	6362.836
21340.729	87687.086	6346.091
92144.422	6643.750	6329.346
36480.340	48944.043	6312.602
44445.371	82238.633	6295.857
68663.586	-26192.158	6279.112
42034.117	23810.859	6262.367
151008.859	68422.320	6245.623
39293.715	92850.289	6228.878
82486.680	-60841.859	6212.133
37427.363	7626.824	6195.388
123562.750	6418.731	6178.644
57892.777	27007.004	6161.899
26148.084	22895.908	6145.154
25114.887	67830.508	6128.409
62500.164	-34067.809	6111.665
42621.281	-2911.285	6094.920
8462.025	-26993.096	6078.175
57033.078	-11200.765	6061.430
76427.563	18333.465	6044.686
49596.836	89148.602	6027.941
69252.563	50859.363	6011.196
92303.609	22235.334	5994.451
145417.109	25459.949	5977.707
46977.066	16039.269	5960.962
36933.273	52797.512	5944.217
85574.008	80817.391	5927.472
80853.523	-15172.631	5910.728
3799.545	-859.770	5893.983
42902.891	674.044	5877.238
60191.211	1339.729	5860.493
105258.836	53868.117	5843.749
30391.631	-46433.688	5827.004
59698.828	10930.978	5810.259
92667.813	-34673.008	5793.514
69292.250	29864.717	5776.770
72227.602	17367.535	5760.025
51896.402	84387.547	5743.280
12347.244	-631.341	5726.535
89811.367	1831.503	5709.791
21463.477	-41878.180	5693.046
43213.336	25221.951	5676.301
43631.785	47379.957	5659.556
77705.148	17515.432	5642.812
21121.740	-17283.969	5626.067
52847.547	20741.025	5609.322
88415.898	81668.063	5592.577
79738.836	-28889.785	5575.833
40732.250	53547.766	5559.088
108861.156	54975.563	5542.343
134595.016	-16312.047	5525.598
127637.078	-10751.016	5508.854
52215.211	2354.797	5492.109
58958.043	112376.094	5475.364
13754.836	46029.773	5458.619
57379.125	10076.042	5441.875
74427.000	47008.520	5425.130
40023.844	52983.043	5408.385
94000.047	24621.201	5391.640
53217.734	17244.941	5374.896
46263.508	37225.020	5358.151
19755.545	67994.656	5341.406
96689.719	24531.926	5324.661
54293.762	-36648.227	5307.917
79685.063	-1024.385	5291.172
71399.203	50321.137	5274.427
30682.236	-7623.684	5257.682
39096.848	52908.586	5240.938
88239.242	57281.852	5224.193
-30262.918	91548.086	5207.448
18918.914	52685.602	5190.703
46019.184	-4275.494	5173.959
69904.773	27959.889	5157.214
36225.535	5283.811	5140.469
20151.145	17025.723	5123.724
64840.188	25260.814	5106.980
48724.680	-39486.648	5090.235
-160.131	19744.615	5073.490
53273.250	-4411.664	5056.745
71547.195	67549.945	5040.001
81642.625	47844.609	5023.256
-32808.762	19123.789	5006.511
68623.336	114062.813	4989.766
58439.090	-5855.868	4973.022
54331.609	57245.426	4956.277
51396.215	60605.352	4939.532
52165.629	-24069.830	4922.787
38004.051	55727.582	4906.043
94625.586	-3582.947	4889.298
15174.870	68397.719	4872.553
19908.391	49874.906	4855.808
-19163.789	23936.018	4839.064
88165.633	-15285.556	4822.319
82643.070	76722.852	4805.574
117929.547	-18422.102	4788.829
31082.184	-14999.733	4772.085
14617.055	56241.543	4755.340
89181.531	75576.430	4738.595
86914.617	-11841.154	4721.850
11239.769	28787.748	4705.106
-19361.730	125130.586	4688.361
85313.758	23588.109	4671.616
95925.211	14521.693	4654.871
16645.783	77069.758	4638.127
-8172.606	-26552.500	4621.382
44985.707	46681.453	4604.637
122344.242	105158.258	4587.892
58737.637	83909.797	4571.148
57289.551	16043.286	4554.403
108526.672	-5751.639	4537.658
64147.520	19640.266	4520.913
2383.051	24042.430	4504.169
63751.246	42261.031	4487.424
65262.445	132593.594	4470.679
78860.977	122641.156	4453.934
38831.668	3687.740	4437.190
32226.070	62692.289	4420.445
-23356.936	31177.959	4403.700
16335.683	72357.063	4386.955
91337.148	46260.129	4370.211
88283.563	15672.500	4353.466
81360.203	93599.578	4336.721
6093.641	100613.078	4319.976
13383.907	-10517.144	4303.232
59810.574	98128.859	4286.487
47294.461	83202.227	4269.742
80344.773	59384.762	4252.997
26197.961	23153.465	4236.253
87467.914	37237.082	4219.508
112827.203	53317.734	4202.763
33343.227	43739.961	4186.018
49015.680	44316.773	4169.274
17217.654	40473.898	4152.529
92378.930	54654.895	4135.784
65871.148	-24290.391	4119.039
11580.977	51143.773	4102.295
126698.813	89868.852	4085.550
65209.121	40135.598	4068.805
35356.711	60879.711	4052.060
63017.293	72665.766	4035.316
22925.287	82029.961	4018.571
40534.770	107301.531	4001.826
45379.293	37380.598	3985.081
83040.750	75367.703	3968.337
10415.055	104529.188	3951.592
20651.295	32056.916	3934.847
53141.691	40726.301	3918.102
6019.491	24331.143	3901.358
86952.930	85008.781	3884.613
-7492.849	57019.914	3867.868
27915.150	40180.949	3851.123
111893.336	119298.992	3834.379
39016.387	-7589.084	3817.634
58178.781	25971.016	3800.889
114312.250	8362.244	3784.144
128861.477	20706.932	3767.400
25704.865	85934.555	3750.655
47043.789	-4023.626	3733.910
-4010.266	-1933.794	3717.165
76190.266	103075.758	3700.421
22759.252	94924.477	3683.676
60131.242	118665.195	3666.931
144516.359	69783.703	3650.186
45736.359	18610.813	3633.442
54006.234	-9385.396	3616.697
71248.188	67600.422	3599.952
84433.617	97106.539	3583.207
-165.059	142030.094	3566.463
340.832	1005.689	3549.718
60400.949	124019.023	3532.973
28858.643	54530.430	3516.228
76365.477	77829.898	3499.484
49425.129	125221.172	3482.739
45926.992	39020.770	3465.994
76675.305	143756.594	3449.249
12772.269	32314.420	3432.505
75509.914	25431.801	3415.760
47351.480	24121.695	3399.015
45905.512	102287.031	3382.270
75491.672	79791.406	3365.526
48395.871	80982.969	3348.781
23599.512	87505.023	3332.036
113377.516	63700.715	3315.291
21443.648	58801.598	3298.547
43867.867	114041.141	3281.802
-57758.930	43648.762	3265.057
70508.219	102787.195	3248.312
74974.125	76078.727	3231.568
46476.270	31923.609	3214.823
97308.656	151179.813	3198.078
22444.352	93814.352	3181.333
109708.023	97947.734	3164.589
70713.453	135782.375	3147.844
26113.662	103135.461	3131.099
74535.758	13765.493	3114.354
105799.383	122416.188	3097.610
85509.391	78288.602	3080.865
92616.961	123524.586	3064.120
37722.395	84511.648	3047.375
57102.090	51216.871	3030.631
103213.805	105521.633	3013.886
91611.695	165557.594	2997.141
44602.602	73065.250	2980.396
19534.279	108379.398	2963.652
77991.250	111817.609	2946.907
69203.969	54401.297	2930.162
93635.063	103336.617	2913.417
72430.063	42533.453	2896.673
45085.574	88064.047	2879.928
51727.938	66422.695	2863.183
74148.531	177808.563	2846.438
106977.586	122172.781	2829.694
33113.500	81871.148	2812.949
121166.094	85896.055	2796.204
68234.258	40828.285	2779.459
30363.660	73769.875	2762.715
21836.973	41095.156	2745.970
56699.188	85831.336	2729.225
-1091.206	72666.383	2712.480
37683.332	71851.930	2695.736
92457.617	7470.776	2678.991
67039.352	49397.605	2662.246
78909.875	92748.742	2645.501
39357.172	157470.688	2628.757
76886.508	74933.273	2612.012
27287.564	100661.594	2595.267
57876.695	72220.820	2578.522
52601.598	19454.578	2561.778
54838.316	67962.914	2545.033
62900.941	85100.750	2528.288
10289.728	56384.152	2511.543
75396.008	102090.539	2494.799
63509.141	93072.164	2478.054
-27955.617	24626.090	2461.309
36732.605	108643.633	2444.564
3974.906	72478.883	2427.820
13037.872	38796.895	2411.075
75563.977	85285.680	2394.330
108432.156	71236.898	2377.585
54594.785	85855.102	2360.841
95624.008	62775.566	2344.096
21085.980	112331.750	2327.351
57215.898	145429.750	2310.606
87046.789	113683.719	2293.862
49992.438	42800.141	2277.117
72661.719	150633.844	2260.372
-8954.252	105690.750	2243.627
102677.664	48857.926	2226.883
47529.141	70573.648	2210.138
34235.617	87675.289	2193.393
24648.646	128609.156	2176.648
89557.039	54683.063	2159.904
32491.303	158734.984	2143.159
75200.383	140345.891	2126.414
62474.258	119247.750	2109.669
80869.672	167152.188	2092.925
-11918.462	101403.500	2076.180
-35040.086	140543.234	2059.435
79535.258	150165.906	2042.690
114465.094	88468.773	2025.946
45556.441	165326.547	2009.201
70118.031	72510.961	1992.456
9369.183	114030.078	1975.711
57891.855	76542.219	1958.967
35921.566	87914.484	1942.222
28697.930	184022.859	1925.477
140773.969	136451.406	1908.732
80285.484	115653.820	1891.988
16031.091	79181.922	1875.243
85727.992	121934.164	1858.498
51167.246	155242.734	1841.753
40396.512	63699.250	1825.009
21446.150	114970.891	1808.264
112546.469	106953.031	1791.519
60834.949	178577.781	1774.774
8847.572	131495.297	1758.030
52159.109	87616.555	1741.285
133657.078	174838.203	1724.540
28111.025	99856.227	1707.795
25520.195	144367.094	1691.051
67755.492	153122.781	1674.306
51112.863	161532.781	1657.561
84610.313	139681.875	1640.816
53162.758	113611.164	1624.072
112978.594	162533.953	1607.327
-15990.813	125378.547	1590.582
70106.789	247366.156	1573.837
51513.266	116841.727	1557.093
32409.186	118900.109	1540.348
63125.445	179360.016	1523.603
93357.398	97906.055	1506.858
53289.898	118571.648	1490.114
103235.211	172526.750	1473.369
100923.242	173862.047	1456.624
38583.531	141419.359	1439.879
30702.682	153933.703	1423.135
68547.148	162739.953	1406.390
-3895.303	219041.313	1389.645
39498.184	139822.297	1372.900
70045.414	152714.406	1356.156
38862.734	132064.781	1339.411
38654.246	152246.391	1322.666
50518.867	197842.859	1305.921
52314.211	157281.359	1289.177
79222.844	177932.000	1272.432
67041.297	178752.016	1255.687
107760.609	202930.063	1238.942
75632.563	116774.023	1222.198
61259.883	223997.469	1205.453
74613.313	206070.125	1188.708
56418.660	121376.375	1171.963
11439.154	165821.500	1155.219
57922.105	248105.375	1138.474
35773.379	81449.188	1121.729
77048.281	164907.875	1104.984
60895.824	128718.500	1088.240
32851.039	213257.781	1071.495
92577.820	259910.938	1054.750
20052.566	192744.844	1038.005
88289.453	136230.875	1021.261
107208.891	227034.906	1004.516
40337.770	220884.453	987.771
17799.791	203617.500	971.026
75169.711	213495.016	954.282
78165.828	209858.063	937.537
23099.850	212496.297	920.792
24579.313	231205.953	904.047
86386.336	204239.047	887.303
-4633.542	234594.219	870.558
36302.914	247712.406	853.813
-1088.039	200754.406	837.068
41997.652	240960.547	820.324
35853.797	219751.813	803.579
59812.383	170310.672	786.834
93376.195	245694.766	770.089
48288.285	275914.563	753.345
76707.633	254689.813	736.600
39912.949	243354.000	719.855
84580.891	240078.797	703.110
36181.426	172019.594	686.366
86800.352	254331.234	669.621
-15727.905	261956.797	652.876
26401.645	285492.563	636.131
62412.527	251298.953	619.387
39651.906	305425.625	602.642
22788.811	297512.938	585.897
105629.695	329321.625	569.152
111330.313	309093.375	552.408
45849.656	315231.156	535.663
96657.664	348575.250	518.918
42197.930	296351.625	502.173
48381.531	336186.594	485.429
38351.367	308508.469	468.684
60158.922	340261.844	451.939
53539.207	310919.969	435.194
77929.914	390246.281	418.450
80485.359	363486.500	401.705
78848.500	289586.719	384.960
112789.883	314076.031	368.215
74398.953	386603.000	351.471
70689.797	310394.000	334.726
113468.117	324074.625	317.981
36440.957	424856.844	301.236
54544.613	364163.406	284.492
44000.086	422619.031	267.747
81543.867	435408.125	251.002
38736.449	403609.906	234.257
71288.195	439670.094	217.513
62165.500	405110.594	200.768
55312.602	450998.844	184.023
68244.047	437641.031	167.278
145394.781	452289.906	150.534
125120.711	482804.094	133.789
121044.609	509163.125	117.044
128334.734	550320.938	100.299
94954.766	532432.875	83.555
120202.727	512943.500	66.810
67888.570	642684.813	50.065
81490.320	539144.938	33.320
148375.563	623891.125	16.576
97376.945	592305.375	-0.169
150230.375	696151.500	-16.914
122481.875	676790.188	-33.659
165726.891	672269.000	-50.403
163285.500	785018.875	-67.148
196556.828	737883.813	-83.893
231546.906	721836.750	-100.638
271213.031	811185.563	-117.382
238407.688	803501.563	-134.127
355179.250	872207.438	-150.872
307337.438	878855.875	-167.617
380952.719	889542.375	-184.361
421474.781	918100.688	-201.106
499780.719	950120.813	-217.851
580685.875	960120.188	-234.596
616438.125	1033926.188	-251.340
636268.375	985821.125	-268.085
704034.313	967032.188	-284.830
769038.813	951464.938	-301.575
839449.688	925727.188	-318.319
814777.188	965456.750	-335.064
899467.813	947236.063	-351.809
1008457.688	922374.250	-368.554
1086095.875	914676.375	-385.298
1094761.375	869696.938	-402.043
1193628.500	941014.875	-418.788
1252768.125	822813.625	-435.533
1341096.750	832680.688	-452.277
1428355.125	733163.188	-469.022
1418663.625	720948.875	-485.767
1477645.000	652787.438	-502.512
1660036.125	645660.500	-519.256
1746518.500	505357.406	-536.001
1760817.500	374192.469	-552.746
1836594.250	298916.125	-569.491
1824451.500	176500.719	-586.235
1858659.250	52028.980	-602.980
1858146.000	-113540.367	-619.725
1878491.750	-252358.313	-636.470
1827452.125	-408017.781	-653.214
1819026.750	-495647.938	-669.959
1708386.625	-604451.813	-686.704
1673419.250	-678837.688	-703.449
1497211.375	-759032.375	-720.193
1444975.000	-821809.375	-736.938
1349886.000	-866917.375	-753.683
1281929.250	-982879.188	-770.428
1148312.250	-1024759.000	-787.172
1039544.375	-1006841.875	-803.917
1037892.063	-1018340.188	-820.662
900326.125	-1000049.500	-837.407
836118.500	-1104031.000	-854.151
738418.813	-987203.938	-870.896
661674.313	-990120.000	-887.641
628638.625	-1006809.313	-904.386
661991.688	-995862.938	-921.130
445116.469	-953899.188	-937.875
512862.375	-911907.375	-954.620
515083.344	-946336.438	-971.365
377215.406	-859457.750	-988.109
398504.406	-897351.500	-1004.854
373360.813	-800100.188	-1021.599
263259.531	-748910.438	-1038.344
263373.281	-781868.250	-1055.088
240426.469	-704913.250	-1071.833
223213.516	-714978.313	-1088.578
232405.906	-725828.063	-1105.323
189727.031	-672594.063	-1122.067
225501.078	-688233.563	-1138.812
174826.641	-616550.063	-1155.557
119050.281	-615449.188	-1172.302
152611.844	-618248.625	-1189.046
109274.523	-537473.750	-1205.791
182069.969	-518116.219	-1222.536
108907.750	-556878.563	-1239.281
114516.023	-559900.188	-1256.025
97730.031	-494141.563	-1272.770
104211.648	-458310.969	-1289.515
59380.945	-496518.344	-1306.260
105757.336	-464110.688	-1323.004
105751.273	-444499.219	-1339.749
124687.641	-505351.031	-1356.494
50218.957	-391581.969	-1373.239
145564.500	-367751.344	-1389.983
95693.227	-370703.656	-1406.728
96562.906	-413570.594	-1423.473
121568.680	-397006.125	-1440.218
119192.266	-325404.063	-1456.962
74597.156	-449880.063	-1473.707
94397.430	-346853.031	-1490.452
102570.641	-360883.000	-1507.197
112858.875	-411894.406	-1523.941
26329.328	-351247.938	-1540.686
55193.613	-295043.969	-1557.431
77288.766	-354997.719	-1574.176
16993.838	-284295.813	-1590.920
69544.531	-283877.813	-1607.665
41582.980	-280683.250	-1624.410
100736.852	-285364.938	-1641.155
99178.688	-251751.203	-1657.899
43091.664	-240749.000	-1674.644
94919.969	-262419.281	-1691.389
92152.211	-300670.781	-1708.134
128922.500	-260144.875	-1724.878
78620.672	-266700.375	-1741.623
50889.156	-252925.344	-1758.368
93294.141	-257664.016	-1775.113
89947.023	-269062.313	-1791.857
90208.055	-271357.594	-1808.602
61070.844	-236913.109	-1825.347
84398.969	-233819.844	-1842.092
105839.586	-224842.297	-1858.836
93290.305	-249818.016	-1875.581
80249.336	-245972.203	-1892.326
91401.133	-237072.391	-1909.071
63282.629	-263885.375	-1925.815
99464.680	-258361.109	-1942.560
83160.242	-229944.031	-1959.305
48233.176	-205070.234	-1976.050
66442.453	-256807.281	-1992.794
65520.852	-225525.750	-2009.539
31805.045	-242073.266	-2026.284
118124.469	-173013.750	-2043.029
76682.969	-221015.609	-2059.773
30422.352	-197344.813	-2076.518
66676.406	-218527.453	-2093.263
93049.266	-234771.656	-2110.008
60243.445	-214522.500	-2126.752
111936.172	-192890.234	-2143.497
3593.712	-239553.516	-2160.242
131424.094	-228997.125	-2176.987
71580.313	-181624.266	-2193.731
97605.992	-223039.063	-2210.476
63113.445	-169294.109	-2227.221
46543.285	-174511.281	-2243.966
53672.473	-175205.391	-2260.710
62329.125	-163483.859	-2277.455
82632.945	-214945.281	-2294.200
47282.352	-199815.125	-2310.944
19135.254	-137991.156	-2327.689
28855.086	-165222.438	-2344.434
54797.773	-189949.625	-2361.179
100247.188	-214182.328	-2377.923
38568.469	-146439.672	-2394.668
93909.500	-157862.266	-2411.413
59905.484	-180009.688	-2428.158
36386.340	-183100.547	-2444.902
87914.727	-201668.422	-2461.647
68573.867	-132809.359	-2478.392
23970.953	-128124.570	-2495.137
93419.086	-162086.266	-2511.881
105351.430	-92980.641	-2528.626
96249.289	-203540.719	-2545.371
95459.516	-138295.984	-2562.116
57116.563	-110149.953	-2578.860
73553.547	-155897.125	-2595.605
100569.133	-148080.391	-2612.350
2973.851	-195821.844	-2629.095
36639.766	-115972.164	-2645.839
67601.563	-120224.313	-2662.584
60282.473	-166181.797	-2679.329
66049.148	-121284.172	-2696.074
42286.590	-132707.578	-2712.818
71189.070	-116457.453	-2729.563
43723.531	-150968.516	-2746.308
76732.820	-171615.063	-2763.053
-4542.282	-110656.164	-2779.797
109309.648	-121450.125	-2796.542
77650.852	-84808.234	-2813.287
38684.922	-128282.719	-2830.032
62823.781	-105012.523	-2846.776
73678.570	-95576.055	-2863.521
28698.559	-133477.047	-2880.266
45368.699	-161666.875	-2897.011
32446.912	-151055.984	-2913.755
51550.840	-88441.766	-2930.500
64528.672	-68699.688	-2947.245
77483.477	-152611.234	-2963.990
84266.289	-99181.828	-2980.734
24143.469	-104217.000	-2997.479
122307.930	-118417.094	-3014.224
82153.664	-126623.539	-3030.969
63559.305	-104968.367	-3047.713
118360.133	-132968.563	-3064.458
49111.590	-183640.125	-3081.203
14795.203	-92123.422	-3097.948
101222.813	-115713.391	-3114.692
59572.195	-130725.859	-3131.437
83222.891	-169407.953	-3148.182
62969.945	-115492.805	-3164.927
48249.156	-83739.594	-3181.671
85151.680	-192834.484	-3198.416
100198.383	-96845.297	-3215.161
57723.957	-132137.063	-3231.906
34245.004	-119272.828	-3248.650
48023.750	-138945.375	-3265.395
85035.141	-146796.484	-3282.140
57270.012	-74397.367	-3298.885
96475.141	-122650.461	-3315.629
31452.967	-31485.068	-3332.374
64837.184	-87983.844	-3349.119
17530.961	-130861.578	-3365.864
57242.172	-52650.633	-3382.608
61554.652	-50627.891	-3399.353
46900.031	-110310.516	-3416.098
8116.477	-88917.570	-3432.843
43276.316	-129146.758	-3449.587
80432.047	-148225.047	-3466.332
84729.820	-119048.445	-3483.077
17458.734	-99093.344	-3499.822
86115.188	-144773.734	-3516.566
83090.320	-144953.422	-3533.311
53981.172	-136045.766	-3550.056
95804.250	-95850.461	-3566.801
41589.754	-89642.219	-3583.545
54029.691	-81607.844	-3600.290
25326.365	-64864.723	-3617.035
34958.801	-58642.074	-3633.780
76620.063	-30709.352	-3650.524
57542.777	-61077.551	-3667.269
90903.320	-63458.969	-3684.014
67351.477	-71588.258	-3700.759
66235.031	-86740.281	-3717.503
80446.164	-70910.789	-3734.248
43301.133	-20285.631	-3750.993
76882.336	-99159.570	-3767.738
96134.148	-68837.422	-3784.482
62062.707	-161100.641	-3801.227
42128.496	-65820.648	-3817.972
32146.049	-106637.406	-3834.717
39666.738	-117587.242	-3851.461
55959.797	-69095.250	-3868.206
73965.703	-78828.914	-3884.951
1145.751	-68864.188	-3901.696
28597.982	-118019.219	-3918.440
104606.156	-82827.211	-3935.185
31067.430	-77274.508	-3951.930
75004.141	-131248.563	-3968.675
21570.146	-112970.344	-3985.419
64530.227	-51343.742	-4002.164
72126.367	-60679.051	-4018.909
23981.539	-102277.406	-4035.654
78933.680	-65170.313	-4052.398
55214.742	-55159.551	-4069.143
32434.586	-78766.406	-4085.888
80384.500	-112712.563	-4102.633
52812.641	-71354.805	-4119.377
26429.715	-98674.586	-4136.122
74259.727	-28144.152	-4152.867
36704.109	-49666.969	-4169.612
87871.656	-112909.703	-4186.356
32653.258	-64310.648	-4203.101
65300.578	-47914.516	-4219.846
61307.813	-83510.250	-4236.591
38207.684	-35026.668	-4253.335
27575.480	-56229.645	-4270.080
86235.609	-76846.250	-4286.825
87029.242	-83017.352	-4303.570
49248.406	-55519.199	-4320.314
29057.391	-122749.320	-4337.059
38417.730	-93398.977	-4353.804
90092.805	-66313.188	-4370.549
27484.711	-72616.477	-4387.293
96885.188	-53250.816	-4404.038
107991.719	-100160.547	-4420.783
49658.680	-22233.287	-4437.528
21442.922	-77246.773	-4454.272
43365.117	-55617.301	-4471.017
106332.766	-44170.734	-4487.762
83475.336	-76622.625	-4504.507
114432.164	-65740.258	-4521.251
68040.008	-29806.158	-4537.996
22866.932	-80356.203	-4554.741
37877.801	-16362.185	-4571.486
77169.203	-94464.609	-4588.230
57654.238	-9357.362	-4604.975
96596.484	-42970.953	-4621.720
45326.730	-61570.504	-4638.465
98008.156	-35054.930	-4655.209
53292.887	-4811.123	-4671.954
34258.344	-33547.906	-4688.699
55406.078	-36222.035	-4705.444
29872.754	-50276.395	-4722.188
70396.055	-40316.102	-4738.933
15264.628	-57269.375	-4755.678
94334.195	-71536.297	-4772.423
89340.414	-66688.938	-4789.167
68663.898	-45700.746	-4805.912
13429.082	-71524.352	-4822.657
56097.488	-70607.523	-4839.402
42033.207	-72169.039	-4856.146
39466.617	-46400.531	-4872.891
44339.125	-87740.203	-4889.636
57105.500	-63065.602	-4906.381
89983.047	-74297.820	-4923.125
42977.074	-23953.420	-4939.870
46596.297	-45070.074	-4956.615
48898.668	-37561.164	-4973.360
65703.195	-29893.533	-4990.104
61680.996	-66114.625	-5006.849
84078.195	-32556.451	-5023.594
52560.512	-44020.734	-5040.339
74796.063	-111744.539	-5057.083
41905.824	-67758.305	-5073.828
64764.996	-32186.891	-5090.573
87455.453	-31151.242	-5107.318
112525.289	-65783.547	-5124.062
53410.098	10613.451	-5140.807
29973.420	-77367.594	-5157.552
31760.992	-63120.063	-5174.297
33983.500	-52935.164	-5191.041
66344.992	-17227.807	-5207.786
53299.750	-80611.719	-5224.531
59045.719	-45055.051	-5241.276
26004.357	-29658.023	-5258.020
46094.160	-11533.120	-5274.765
26548.387	-66774.664	-5291.510
58192.602	-69962.648	-5308.255
49280.422	-63959.082	-5324.999
75588.078	-72358.320	-5341.744
41681.117	-43148.965	-5358.489
29742.768	-63528.906	-5375.234
73895.508	-60007.363	-5391.978
49050.598	-23124.961	-5408.723
45006.941	-65483.270	-5425.468
54576.945	-42011.129	-5442.213
44009.039	-81231.156	-5458.957
23898.023	-48297.355	-5475.702
58031.391	-55207.215	-5492.447
90582.461	-32984.133	-5509.192
52325.906	-26012.104	-5525.936
56721.746	-24700.520	-5542.681
107535.242	-79451.289	-5559.426
81545.656	-61002.316	-5576.171
56842.063	-69933.008	-5592.915
95979.969	-47279.324	-5609.660
57747.008	-71736.078	-5626.405
71875.992	-64122.961	-5643.150
50291.172	-65957.430	-5659.894
66685.867	-71154.906	-5676.639
54467.438	-31804.014	-5693.384
98487.375	-52275.516	-5710.129
85004.461	-12176.400	-5726.873
54863.582	-64158.434	-5743.618
58691.926	-36680.570	-5760.363
50826.781	-8352.380	-5777.108
49907.457	12868.921	-5793.852
71801.039	10322.833	-5810.597
75760.945	-63548.332	-5827.342
44731.789	-37121.582	-5844.087
68179.602	-26231.871	-5860.831
3796.321	-15836.809	-5877.576
35038.367	-33001.559	-5894.321
6667.746	-35034.617	-5911.066
87278.547	-22644.436	-5927.810
93154.133	-5044.910	-5944.555
32730.746	-9279.764	-5961.300
46798.512	-65800.984	-5978.045
63849.891	-70444.398	-5994.789
57610.020	-69774.844	-6011.534
8679.674	-37764.707	-6028.279
51921.879	3073.106	-6045.024
38503.285	-10148.418	-6061.768
71279.594	4032.709	-6078.513
76388.602	-64457.598	-6095.258
33992.988	-29219.945	-6112.003
49198.059	-18339.146	-6128.747
68261.430	-35791.742	-6145.492
96645.219	12218.265	-6162.237
83381.203	-38636.031	-6178.982
72090.391	-15258.418	-6195.726
26217.063	-15529.217	-6212.471
56962.152	-14896.661	-6229.216
56635.563	-22203.334	-6245.961
53722.563	5337.568	-6262.705
47600.621	-38513.484	-6279.450
103467.422	-61528.043	-6296.195
80911.898	-45368.781	-6312.940
90697.539	-25426.238	-6329.684
79442.109	-35799.234	-6346.429
60273.070	1179.291	-6363.174
64620.430	-365.331	-6379.919
53814.477	-15774.941	-6396.663
34906.691	-51014.793	-6413.408
19024.209	-9267.514	-6430.153
92592.680	-44697.055	-6446.898
55079.816	-42142.281	-6463.642
58255.441	-51344.566	-6480.387
36434.105	16611.820	-6497.132
24174.682	-42729.875	-6513.877
20122.785	-16733.943	-6530.621
75637.750	-56536.414	-6547.366
50659.570	6565.206	-6564.111
67895.648	-3718.230	-6580.856
51818.969	-49367.395	-6597.600
95467.945	-69842.594	-6614.345
63668.734	22197.154	-6631.090
34502.273	-15339.465	-6647.835
79396.258	-39523.121	-6664.579
106939.758	11426.860	-6681.324
74226.500	-75546.344	-6698.069
101992.109	-23375.959	-6714.814
38642.020	-11159.420	-6731.558
-770.065	-20055.154	-6748.303
47063.016	-38721.773	-6765.048
54297.176	-65562.977	-6781.793
96509.289	-53580.063	-6798.537
79223.500	-21575.096	-6815.282
60448.871	-4186.523	-6832.027
7179.077	-7867.219	-6848.772
71755.164	24739.732	-6865.516
67187.227	-8986.526	-6882.261
39210.762	-34792.836	-6899.006
106854.680	-29284.168	-6915.751
25902.709	-8028.287	-6932.495
61032.418	20098.297	-6949.240
36780.453	-16933.457	-6965.985
64239.582	3656.169	-6982.730
22888.246	-31400.652	-6999.474
44542.660	22412.941	-7016.219
51370.691	-19782.760	-7032.964
35540.246	11144.350	-7049.709
42851.203	-26411.170	-7066.453
69528.648	1717.264	-7083.198
55612.543	-16488.525	-7099.943
78717.656	-40531.809	-7116.688
27553.316	-49044.758	-7133.432
40085.805	-74722.266	-7150.177
69867.484	-3714.163	-7166.922
67071.953	-4074.155	-7183.667
43753.141	34933.711	-7200.411
17005.930	-27437.508	-7217.156
68213.414	-12944.832	-7233.901
43292.484	-22272.465	-7250.646
59661.934	-10814.630	-7267.390
50082.090	-9017.438	-7284.135
81773.563	-53375.168	-7300.880
54020.926	-71962.570	-7317.625
63273.105	-29906.764	-7334.369
-7234.572	-32887.711	-7351.114
48164.215	-10723.556	-7367.859
101201.203	-58184.102	-7384.604
52903.141	23800.463	-7401.348
28023.795	-13181.617	-7418.093
86846.055	10589.556	-7434.838
26043.340	-41110.820	-7451.583
63353.594	12671.460	-7468.327
51578.520	-19063.684	-7485.072
58368.785	17232.756	-7501.817
37958.301	-25709.559	-7518.562
41717.641	6155.762	-7535.306
100439.742	-6954.487	-7552.051
51544.332	-17279.602	-7568.796
18615.131	-67493.516	-7585.541
73835.422	-44497.074	-7602.285
98674.609	-27657.486	-7619.030
66525.711	3700.448	-7635.775
64481.355	419.111	-7652.520
78068.484	-7696.456	-7669.264
95522.047	32119.852	-7686.009
78982.234	-52359.922	-7702.754
44763.656	-1978.891	-7719.499
31770.068	-10871.247	-7736.243
29831.844	-16021.331	-7752.988
86072.789	4124.442	-7769.733
61934.430	-10908.077	-7786.478
44647.020	-27855.105	-7803.222
28499.434	-10438.777	-7819.967
100145.898	-39150.270	-7836.712
35101.898	51104.348	-7853.457
54921.121	-28906.541	-7870.201
44080.961	25645.119	-7886.946
45614.035	-22406.984	-7903.691
67935.281	-10418.752	-7920.436
92237.883	24029.322	-7937.180
34507.641	6153.738	-7953.925
89240.633	32000.650	-7970.670
99841.492	40115.582	-7987.415
26264.908	-24025.199	-8004.159
37447.875	-6161.531	-8020.904
20814.859	-15288.357	-8037.649
121858.109	15464.456	-8054.394
68022.688	-101582.680	-8071.138
93811.422	4514.679	-8087.883
33554.645	6373.868	-8104.628
-860.716	1887.129	-8121.373
64516.340	4510.463	-8138.117
101573.875	-15064.203	-8154.862
105087.695	-16515.211	-8171.607
65689.008	-1465.896	-8188.352
74216.602	-12509.937	-8205.096
78288.570	-4309.980	-8221.841
68211.539	-14521.419	-8238.586
45701.363	-43213.996	-8255.331
75638.195	58022.355	-8272.075
114483.484	-8111.989	-8288.820
36997.852	-3359.353	-8305.565
73180.500	-5253.792	-8322.310
49217.363	28805.232	-8339.054
75568.086	-50872.395	-8355.799
24461.252	4682.974	-8372.544
33982.234	-24907.365	-8389.289
18622.549	2683.068	-8406.033
53247.027	12996.154	-8422.778
91314.625	8836.868	-8439.523
88804.820	-17100.775	-8456.268
19961.689	-22167.598	-8473.012
81726.164	-16958.365	-8489.757
70940.789	-30922.143	-8506.502
71113.008	-11275.926	-8523.247
38630.590	-11221.176	-8539.991
123101.203	48863.012	-8556.736
