Data Point Listing of File C:\NTNMR\data\Dan\LiFe.75Mn.25PO4\[100]\Li7 [100] 135deg.tnt
Starting Point:	1	Ending Point:	1024
Real	Imag	ppm
74005.953	-14165.638	8573.143
107602.234	5681.422	8556.398
51741.805	-866.847	8539.653
59574.098	27971.088	8522.909
49648.074	8460.402	8506.164
56007.043	-19795.088	8489.419
123570.883	-16316.030	8472.674
8191.377	45290.750	8455.930
30504.723	-5850.885	8439.185
53209.129	18153.473	8422.440
107170.492	-48011.578	8405.695
61842.488	-26918.820	8388.951
-18617.305	-51791.734	8372.206
46758.605	31790.703	8355.461
34431.676	-13270.896	8338.716
-5802.665	18756.396	8321.972
51884.828	7735.141	8305.227
86520.938	-15908.774	8288.482
70345.125	-42805.918	8271.737
64672.938	32598.102	8254.993
53913.516	9382.173	8238.248
13049.536	-27070.582	8221.503
-3464.235	39693.367	8204.758
18442.080	-16126.520	8188.014
15482.118	-78992.461	8171.269
4808.316	-6743.103	8154.524
67175.531	-24288.619	8137.779
8843.121	-10829.346	8121.035
52404.055	-25880.240	8104.290
19415.273	-9518.062	8087.545
84844.328	-28204.434	8070.800
22982.871	36769.773	8054.056
33279.879	-15008.679	8037.311
47013.777	-15818.119	8020.566
99139.422	-59924.617	8003.821
74909.961	-10626.212	7987.077
83067.680	-10792.108	7970.332
7302.547	-4920.439	7953.587
22013.797	-45396.754	7936.842
74849.836	9471.163	7920.098
291.091	33059.926	7903.353
9857.004	-36215.816	7886.608
18334.924	18575.654	7869.863
61590.949	-77030.852	7853.119
54930.199	12631.717	7836.374
48705.758	13661.037	7819.629
95365.836	37426.543	7802.884
13291.463	-310.984	7786.140
5251.531	15316.616	7769.395
7930.763	-19357.691	7752.650
41954.137	13391.541	7735.905
70619.797	13362.598	7719.161
37227.965	-34189.012	7702.416
23183.174	-22640.711	7685.671
19040.475	6725.949	7668.926
55692.129	11838.957	7652.182
46229.535	-39159.258	7635.437
43898.086	-20585.219	7618.692
74556.180	25150.566	7601.947
58955.371	26261.928	7585.203
32960.133	35525.543	7568.458
65355.527	-5677.022	7551.713
111987.305	2237.528	7534.968
52531.992	26703.779	7518.224
31581.955	-53275.148	7501.479
73672.289	-23569.535	7484.734
49800.727	11275.458	7467.989
61182.332	-36338.586	7451.245
43469.422	91575.148	7434.500
42808.133	43524.707	7417.755
-22551.984	-56180.168	7401.010
79531.883	52246.141	7384.266
80441.438	8756.147	7367.521
115110.078	6065.204	7350.776
69739.742	29422.768	7334.031
-46485.941	35297.918	7317.287
73478.117	80550.258	7300.542
14182.061	121806.250	7283.797
35700.574	31618.279	7267.052
-51520.742	39552.039	7250.308
22758.471	4226.086	7233.563
59437.945	-35903.074	7216.818
74701.445	-13398.308	7200.073
28495.596	76642.188	7183.329
49676.164	7792.466	7166.584
107459.570	10594.630	7149.839
71694.016	-15300.743	7133.094
58060.371	1923.535	7116.350
64849.191	67822.953	7099.605
-51935.590	39033.246	7082.860
86355.898	37978.480	7066.115
60299.301	37546.703	7049.371
70402.664	36970.406	7032.626
50107.965	20355.633	7015.881
57763.156	35924.238	6999.136
64997.512	9357.583	6982.392
9293.722	-22899.086	6965.647
59686.855	-9169.767	6948.902
70578.523	-40187.551	6932.157
21935.566	13100.225	6915.413
104809.508	-2722.398	6898.668
79960.094	4113.719	6881.923
41937.031	58403.223	6865.178
58415.844	-20818.447	6848.434
50344.500	-13384.665	6831.689
80106.977	-46280.008	6814.944
-6795.609	662.712	6798.199
65432.156	60929.195	6781.455
41858.074	-16546.648	6764.710
55837.699	-53788.672	6747.965
45771.977	67380.969	6731.220
74905.602	-35059.387	6714.476
60727.523	-37153.430	6697.731
37836.305	49324.367	6680.986
12238.521	1430.534	6664.241
34007.805	76539.570	6647.497
66211.742	-15015.175	6630.752
71178.047	-37696.039	6614.007
36583.535	45009.688	6597.262
21625.119	-88994.469	6580.518
71381.781	29395.262	6563.773
-8412.015	29640.152	6547.028
40021.418	-28787.781	6530.283
62455.176	14623.554	6513.539
40431.805	-9350.352	6496.794
53664.801	18567.172	6480.049
4872.765	39858.469	6463.304
67843.445	-1213.077	6446.560
20277.822	15615.813	6429.815
57729.891	5991.286	6413.070
29350.221	13051.641	6396.325
77769.531	19774.105	6379.581
4192.264	22493.361	6362.836
49950.840	-27181.988	6346.091
18341.748	4705.432	6329.346
144243.219	10922.648	6312.602
23697.195	19820.420	6295.857
59461.258	32586.363	6279.112
77401.125	75796.391	6262.367
59751.590	3351.296	6245.623
138505.500	12191.158	6228.878
59322.223	34705.988	6212.133
61827.879	-28336.752	6195.388
55748.340	-1493.587	6178.644
-19875.668	51438.078	6161.899
82262.594	-1135.931	6145.154
53648.250	58335.375	6128.409
27878.852	-74702.148	6111.665
6688.327	26601.834	6094.920
66400.313	587.895	6078.175
53257.824	-18602.564	6061.430
80219.797	-45362.188	6044.686
26678.385	19792.004	6027.941
36927.805	27837.012	6011.196
28559.697	-22587.051	5994.451
152255.438	94496.039	5977.707
61285.539	-41951.691	5960.962
24280.750	7517.464	5944.217
29447.145	50299.633	5927.472
56456.922	9336.310	5910.728
98351.656	30216.326	5893.983
67941.852	2780.052	5877.238
15764.684	14163.703	5860.493
53070.078	23287.770	5843.749
-32393.141	76486.008	5827.004
33467.148	33271.930	5810.259
84166.563	23036.463	5793.514
54532.152	92208.492	5776.770
59934.223	72229.414	5760.025
42419.207	-7201.884	5743.280
74137.813	61282.941	5726.535
27967.938	33068.484	5709.791
53309.297	-12382.700	5693.046
28928.496	-21858.615	5676.301
55479.109	-24877.857	5659.556
116315.164	52694.887	5642.812
109501.805	-31740.861	5626.067
84501.523	1951.818	5609.322
71606.875	66766.078	5592.577
101555.477	44397.137	5575.833
39857.016	101430.844	5559.088
35348.852	17827.443	5542.343
73991.797	51506.172	5525.598
66556.992	87293.422	5508.854
61696.977	50616.023	5492.109
53224.098	-21111.105	5475.364
26355.158	37913.570	5458.619
32036.094	1679.925	5441.875
2653.200	4386.290	5425.130
74860.047	136497.938	5408.385
69851.406	-28630.217	5391.640
10550.517	-10149.021	5374.896
115134.406	92177.969	5358.151
88401.883	1728.135	5341.406
70828.461	37486.035	5324.661
-10362.574	6724.458	5307.917
-2589.302	7371.083	5291.172
89284.188	13691.930	5274.427
16798.711	16781.660	5257.682
49412.379	80581.344	5240.938
38163.508	57657.586	5224.193
84611.492	32268.096	5207.448
46819.730	70557.758	5190.703
81077.844	100094.742	5173.959
109036.813	-15047.799	5157.214
30569.828	105311.914	5140.469
97221.508	92480.867	5123.724
41424.527	21812.684	5106.980
31533.121	66523.102	5090.235
-4260.228	-34433.805	5073.490
53400.918	77710.969	5056.745
33494.164	47325.043	5040.001
65863.789	47899.961	5023.256
15305.708	46330.133	5006.511
88811.516	89901.563	4989.766
90798.516	16712.227	4973.022
46664.391	-5407.228	4956.277
7477.123	58693.449	4939.532
46124.625	-2112.615	4922.787
851.615	2829.107	4906.043
67235.813	70638.781	4889.298
62664.207	39485.473	4872.553
8377.229	73032.781	4855.808
-54576.836	55794.797	4839.064
18654.971	19834.566	4822.319
20002.414	12486.833	4805.574
59637.105	80619.867	4788.829
86646.414	19881.484	4772.085
77704.617	-9491.049	4755.340
32465.781	20917.064	4738.595
80990.414	39299.746	4721.850
75559.109	36725.293	4705.106
39653.570	65162.504	4688.361
76266.930	60867.691	4671.616
36329.586	53785.078	4654.871
77546.789	15434.690	4638.127
12868.026	30148.148	4621.382
39115.598	2120.708	4604.637
77651.680	37253.789	4587.892
109355.594	-19503.865	4571.148
61976.793	-28370.559	4554.403
29402.080	116765.961	4537.658
55301.348	-76051.883	4520.913
-14520.772	88864.898	4504.169
8337.579	21162.824	4487.424
61792.047	56675.332	4470.679
69198.836	76493.992	4453.934
62544.902	77103.250	4437.190
58878.391	59733.973	4420.445
112418.133	25126.314	4403.700
79670.086	-39070.434	4386.955
31928.762	82134.586	4370.211
32318.943	17798.148	4353.466
39874.191	19048.551	4336.721
3597.191	11951.845	4319.976
61586.184	75931.133	4303.232
79095.641	45589.434	4286.487
-16215.646	20951.336	4269.742
60262.973	2847.506	4252.997
95810.938	33820.508	4236.253
48854.301	75188.398	4219.508
49155.063	47054.320	4202.763
75487.047	15396.214	4186.018
98697.203	53195.031	4169.274
56230.445	68186.719	4152.529
37324.617	23017.986	4135.784
-15227.158	38932.402	4119.039
31902.648	33070.223	4102.295
63165.754	85610.797	4085.550
87927.086	-12545.660	4068.805
45495.973	100027.711	4052.060
55231.871	75318.000	4035.316
25547.316	59370.074	4018.571
52377.453	86525.063	4001.826
83025.688	-13284.004	3985.081
45681.801	101328.492	3968.337
32231.105	39470.109	3951.592
42605.336	93015.234	3934.847
15934.725	1877.184	3918.102
8768.500	44242.773	3901.358
9419.846	14659.269	3884.613
80391.688	21898.283	3867.868
63455.313	52096.578	3851.123
31283.084	3946.086	3834.379
68320.484	-60425.637	3817.634
29986.959	90442.547	3800.889
84415.117	-24580.693	3784.144
49383.992	24593.680	3767.400
50810.672	60115.879	3750.655
43775.926	102300.078	3733.910
42115.289	77157.398	3717.165
75775.828	61261.469	3700.421
481.584	39515.055	3683.676
72665.719	69322.758	3666.931
81252.656	68568.375	3650.186
91920.797	72344.547	3633.442
95751.023	-27185.213	3616.697
75842.750	31174.236	3599.952
25198.686	73928.414	3583.207
77630.125	74738.016	3566.463
4498.832	21667.605	3549.718
72277.117	-29763.432	3532.973
39609.969	91716.336	3516.228
72518.797	62034.172	3499.484
65500.102	41392.895	3482.739
81986.867	89044.945	3465.994
39843.988	96107.469	3449.249
-13433.832	110963.891	3432.505
67211.883	39168.199	3415.760
62752.801	36495.867	3399.015
83852.813	77564.828	3382.270
60736.652	59362.730	3365.526
15486.343	55494.996	3348.781
33537.992	-21186.193	3332.036
96569.391	52801.246	3315.291
16040.106	85131.563	3298.547
78953.500	92757.125	3281.802
-15249.290	25822.957	3265.057
49681.094	106184.648	3248.312
16922.221	-4241.395	3231.568
76175.789	41471.281	3214.823
28476.211	-24212.621	3198.078
3305.425	85934.672	3181.333
55003.949	86062.508	3164.589
85287.008	2677.811	3147.844
-18730.922	59793.480	3131.099
36839.270	9856.938	3114.354
-252.521	132875.906	3097.610
48269.949	49427.578	3080.865
39989.164	18677.283	3064.120
83779.664	54869.750	3047.375
61550.078	54679.785	3030.631
60879.406	54076.941	3013.886
99365.234	70434.898	2997.141
154221.891	73574.328	2980.396
67738.766	102498.234	2963.652
91823.031	48817.797	2946.907
35556.797	100923.406	2930.162
88827.586	95026.914	2913.417
14641.938	90211.586	2896.673
44714.730	103043.125	2879.928
109909.492	-16785.496	2863.183
30816.498	49914.816	2846.438
55054.535	56383.457	2829.694
47904.223	62173.336	2812.949
50669.086	20131.666	2796.204
17214.951	136189.531	2779.459
66341.344	57327.574	2762.715
67632.250	31131.199	2745.970
-13661.883	119194.086	2729.225
90619.305	72716.875	2712.480
25070.852	62259.555	2695.736
25399.059	149448.797	2678.991
39519.547	49939.512	2662.246
43137.453	119775.414	2645.501
64866.230	86405.961	2628.757
46702.832	60320.047	2612.012
42760.473	17060.547	2595.267
103139.297	64281.734	2578.522
90145.203	34315.844	2561.778
47340.234	145714.109	2545.033
90369.125	46326.590	2528.288
90483.547	160774.625	2511.543
36432.563	109474.609	2494.799
23411.977	27233.457	2478.054
76378.414	124626.148	2461.309
113582.813	132339.891	2444.564
111784.023	134920.625	2427.820
109127.688	67683.961	2411.075
29382.238	79838.453	2394.330
91540.516	130770.547	2377.585
35835.398	113566.523	2360.841
48842.969	26140.242	2344.096
26282.557	63455.855	2327.351
108725.359	82988.055	2310.606
25874.422	119908.742	2293.862
2540.188	80606.969	2277.117
73525.344	13600.990	2260.372
95479.320	76847.945	2243.627
49447.840	90896.773	2226.883
38341.258	73393.266	2210.138
49773.105	9386.622	2193.393
56036.570	98741.180	2176.648
56927.152	154754.234	2159.904
391.452	125143.070	2143.159
69680.484	127887.164	2126.414
-2056.619	92258.133	2109.669
60616.242	114734.023	2092.925
68058.297	110069.789	2076.180
48286.059	141582.109	2059.435
11547.530	45164.785	2042.690
8016.137	113388.570	2025.946
91226.688	161069.094	2009.201
-24479.795	106745.227	1992.456
16581.469	123476.305	1975.711
-1396.179	152403.172	1958.967
53624.715	54449.652	1942.222
73038.586	83226.344	1925.477
13721.168	30785.563	1908.732
72062.891	138660.844	1891.988
13164.333	67355.563	1875.243
65977.719	127416.383	1858.498
78803.266	191182.781	1841.753
-21542.457	89458.320	1825.009
1690.824	167372.063	1808.264
-14945.370	89349.609	1791.519
51155.262	134796.047	1774.774
108256.305	117118.430	1758.030
29973.807	71119.992	1741.285
55382.324	129325.477	1724.540
119958.117	113795.180	1707.795
-11041.548	110102.367	1691.051
50708.965	132658.813	1674.306
55965.156	168705.969	1657.561
6859.033	106423.055	1640.816
84800.531	188327.063	1624.072
114519.148	156755.406	1607.327
-911.030	93756.031	1590.582
30725.932	95914.234	1573.837
91697.336	102572.977	1557.093
91489.219	121074.344	1540.348
109060.078	100593.469	1523.603
-3804.482	165456.656	1506.858
31687.082	146216.328	1490.114
45193.840	97705.188	1473.369
55038.082	134393.109	1456.624
131444.250	206813.313	1439.879
62212.406	139993.469	1423.135
-31773.313	83975.305	1406.390
38032.301	222682.375	1389.645
65394.160	146868.750	1372.900
78958.070	190940.141	1356.156
27248.975	146415.484	1339.411
122457.016	199971.406	1322.666
11665.343	129314.695	1305.921
-64368.488	143295.453	1289.177
44794.035	171462.781	1272.432
-13850.525	128198.375	1255.687
54679.316	132738.188	1238.942
59463.145	104570.219	1222.198
159687.594	119918.789	1205.453
57579.504	161975.484	1188.708
53875.461	174021.000	1171.963
-33716.551	190724.016	1155.219
9559.667	165963.969	1138.474
8234.715	145388.547	1121.729
-26858.082	169743.531	1104.984
74336.844	160465.953	1088.240
97049.938	126193.172	1071.495
64166.520	157706.734	1054.750
80255.719	207521.594	1038.005
61243.969	224005.375	1021.261
57332.355	218399.766	1004.516
102481.000	235908.828	987.771
87844.922	247575.281	971.026
68293.367	139715.438	954.282
85632.859	226097.984	937.537
93264.992	170288.406	920.792
19865.428	205692.391	904.047
-15781.551	225716.563	887.303
84695.875	285896.156	870.558
66340.367	257095.297	853.813
98928.086	250714.875	837.068
126614.398	189135.984	820.324
5219.314	242097.469	803.579
59092.328	197571.438	786.834
39366.234	260615.328	770.089
66522.258	161088.625	753.345
88112.141	155864.703	736.600
42090.531	264728.156	719.855
51479.328	227185.781	703.110
85444.602	251629.141	686.366
-12431.679	236837.094	669.621
82137.836	216685.453	652.876
42968.512	281440.875	636.131
58440.988	237448.578	619.387
88587.633	220616.344	602.642
46241.273	295049.938	585.897
66008.672	251189.109	569.152
78305.414	253530.344	552.408
32636.586	285447.906	535.663
12098.117	294360.250	518.918
58494.738	292070.938	502.173
59749.496	331746.313	485.429
47708.625	239612.625	468.684
48739.441	355459.031	451.939
6217.584	309594.813	435.194
24154.287	372197.594	418.450
68842.711	291622.406	401.705
97774.883	323894.656	384.960
104882.680	328269.438	368.215
77748.070	399691.688	351.471
54962.090	325987.594	334.726
8660.124	384023.156	317.981
88964.523	367991.625	301.236
95442.109	447611.625	284.492
102407.320	359464.031	267.747
136531.484	394204.188	251.002
143014.500	351508.000	234.257
115893.172	452279.281	217.513
70938.242	445445.906	200.768
137203.203	530916.938	184.023
118036.961	507727.375	167.278
96927.555	509058.219	150.534
102086.969	484461.844	133.789
179099.109	572969.250	117.044
111553.648	545543.938	100.299
153171.766	582319.688	83.555
203665.281	637994.063	66.810
151654.000	584211.625	50.065
234302.297	675429.813	33.320
221148.922	675235.688	16.576
313896.719	688771.313	-0.169
311310.469	734884.313	-16.914
287918.500	710368.313	-33.659
305328.125	760442.313	-50.403
385885.313	856812.875	-67.148
374749.219	805426.563	-83.893
464435.281	799889.688	-100.638
452935.250	829147.438	-117.382
548609.688	766817.688	-134.127
584855.500	940531.813	-150.872
703292.125	884279.563	-167.617
700061.500	945030.250	-184.361
802968.688	913412.188	-201.106
880552.813	825280.750	-217.851
928761.750	863498.625	-234.596
1049731.000	845842.250	-251.340
1167042.500	799641.250	-268.085
1246669.000	711376.188	-284.830
1260739.250	745250.625	-301.575
1311252.125	624932.813	-318.319
1403849.500	466288.250	-335.064
1474444.500	450971.594	-351.809
1464812.875	304057.375	-368.554
1409313.000	204443.422	-385.298
1450143.875	151480.734	-402.043
1451329.500	-20898.918	-418.788
1408142.375	-87790.961	-435.533
1343364.625	-63096.660	-452.277
1341137.125	-232407.578	-469.022
1323415.750	-249439.281	-485.767
1292299.125	-335378.500	-502.512
1223039.625	-388109.375	-519.256
1247160.125	-456498.219	-536.001
1081341.750	-440866.188	-552.746
1171801.250	-486985.219	-569.491
1111527.375	-496178.969	-586.235
1093823.375	-536179.875	-602.980
1035009.250	-493596.469	-619.725
1021809.000	-609518.688	-636.470
920257.500	-724028.313	-653.214
890608.938	-701917.375	-669.959
894113.063	-683356.125	-686.704
761121.063	-658103.938	-703.449
793653.875	-690732.438	-720.193
672591.938	-718375.688	-736.938
668110.250	-687998.813	-753.683
672601.313	-666582.500	-770.428
604108.875	-736288.000	-787.172
525424.750	-715478.438	-803.917
538522.563	-646957.250	-820.662
469984.000	-745259.563	-837.407
437885.969	-728020.188	-854.151
348021.125	-692602.500	-870.896
391732.594	-636414.750	-887.641
366657.531	-663720.500	-904.386
299734.938	-553726.813	-921.130
305367.813	-643065.313	-937.875
304143.250	-596045.625	-954.620
280838.188	-577338.000	-971.365
258729.891	-598028.563	-988.109
202852.344	-595380.125	-1004.854
240524.969	-561436.125	-1021.599
243588.547	-580369.000	-1038.344
192460.531	-558444.188	-1055.088
178929.672	-554575.625	-1071.833
138103.953	-513204.813	-1088.578
183541.125	-529847.625	-1105.323
175168.250	-567399.000	-1122.067
185009.109	-469272.906	-1138.812
185280.500	-480838.344	-1155.557
117111.234	-493412.250	-1172.302
119307.258	-397712.281	-1189.046
86802.359	-489362.906	-1205.791
51410.980	-472061.406	-1222.536
107980.234	-384325.219	-1239.281
103117.375	-453597.906	-1256.025
99232.555	-387892.313	-1272.770
54180.227	-356478.438	-1289.515
70151.086	-382202.906	-1306.260
88613.195	-346366.656	-1323.004
110433.766	-382937.719	-1339.749
61161.527	-353937.219	-1356.494
80339.313	-319690.219	-1373.239
36214.324	-329367.000	-1389.983
68952.914	-269802.219	-1406.728
53062.910	-336156.250	-1423.473
80544.023	-364704.344	-1440.218
73417.109	-285116.875	-1456.962
31188.379	-340566.688	-1473.707
34239.973	-232141.781	-1490.452
54948.496	-246654.016	-1507.197
114671.734	-276314.688	-1523.941
72004.805	-258590.906	-1540.686
55053.266	-240355.391	-1557.431
35163.535	-307572.938	-1574.176
76574.172	-280649.125	-1590.920
46585.477	-205802.531	-1607.665
77777.320	-225907.078	-1624.410
68268.742	-209665.953	-1641.155
78471.641	-266290.406	-1657.899
68255.500	-236473.719	-1674.644
48311.359	-229103.000	-1691.389
69690.008	-283450.906	-1708.134
27507.455	-233599.813	-1724.878
-36589.082	-240940.859	-1741.623
61691.566	-184685.750	-1758.368
61662.070	-236378.047	-1775.113
17823.963	-214410.906	-1791.857
34898.582	-205561.359	-1808.602
77143.195	-207538.297	-1825.347
35317.820	-239377.453	-1842.092
44436.758	-193722.047	-1858.836
26013.721	-220248.469	-1875.581
42802.828	-192723.016	-1892.326
50696.453	-212563.906	-1909.071
21715.623	-224642.109	-1925.815
38176.852	-176342.547	-1942.560
56902.953	-244325.125	-1959.305
39189.512	-190373.000	-1976.050
66470.500	-193404.547	-1992.794
30593.965	-180635.859	-2009.539
25313.086	-184523.094	-2026.284
67048.359	-163096.547	-2043.029
68579.609	-184023.969	-2059.773
28099.219	-145326.453	-2076.518
32230.496	-160100.422	-2093.263
74109.633	-162145.953	-2110.008
62238.102	-174874.266	-2126.752
49069.086	-172202.719	-2143.497
55629.898	-142081.922	-2160.242
29711.439	-149710.750	-2176.987
56930.734	-151672.313	-2193.731
19851.455	-115120.875	-2210.476
82092.438	-170673.313	-2227.221
76096.672	-167546.781	-2243.966
-14250.342	-155352.031	-2260.710
59909.773	-139587.531	-2277.455
15613.109	-161201.719	-2294.200
20323.426	-154322.250	-2310.944
12813.188	-128028.070	-2327.689
27603.059	-188779.719	-2344.434
59192.020	-120591.258	-2361.179
82728.195	-156377.031	-2377.923
15677.445	-126446.813	-2394.668
25914.998	-149180.469	-2411.413
61389.336	-128160.359	-2428.158
37287.371	-113787.680	-2444.902
33915.059	-142064.391	-2461.647
71414.945	-139585.297	-2478.392
35806.934	-112932.906	-2495.137
57830.379	-137067.875	-2511.881
54205.473	-180675.250	-2528.626
11204.069	-112010.844	-2545.371
44758.219	-109458.641	-2562.116
23837.680	-144928.281	-2578.860
25927.066	-91236.922	-2595.605
54939.961	-105424.914	-2612.350
36577.660	-91663.961	-2629.095
77571.586	-118973.344	-2645.839
31928.869	-153302.469	-2662.584
69616.688	-100055.305	-2679.329
34035.398	-124366.984	-2696.074
58070.613	-97427.344	-2712.818
11717.848	-110815.422	-2729.563
72062.969	-106358.742	-2746.308
69887.727	-69803.461	-2763.053
92806.539	-79834.797	-2779.797
62439.617	-91526.734	-2796.542
56889.328	-110071.438	-2813.287
56063.605	-105342.547	-2830.032
78517.469	-94100.266	-2846.776
33240.223	-95466.492	-2863.521
31273.617	-88932.977	-2880.266
112932.531	-134917.016	-2897.011
955.470	-110100.844	-2913.755
46334.664	-84118.273	-2930.500
38791.023	-112035.508	-2947.245
29992.541	-113023.867	-2963.990
51463.234	-71377.461	-2980.734
75939.836	-113271.313	-2997.479
65300.516	-169409.766	-3014.224
48889.164	-119131.227	-3030.969
51282.980	-85605.000	-3047.713
69091.219	-111868.758	-3064.458
26073.115	-103292.789	-3081.203
55613.609	-146178.141	-3097.948
-5959.048	-101449.641	-3114.692
43846.387	-66102.969	-3131.437
63971.664	-113294.828	-3148.182
17605.158	-143274.203	-3164.927
93433.234	-73921.656	-3181.671
56182.906	-67576.352	-3198.416
38860.223	-95114.273	-3215.161
17480.297	-84232.625	-3231.906
57104.016	-70926.922	-3248.650
65453.949	-117095.070	-3265.395
61592.641	-77348.125	-3282.140
45682.695	-75345.906	-3298.885
70659.438	-93819.383	-3315.629
18406.209	-77541.438	-3332.374
37293.266	-133811.594	-3349.119
114561.469	-105150.422	-3365.864
36570.203	-106405.523	-3382.608
61550.285	-23568.217	-3399.353
49625.715	-61777.563	-3416.098
79190.617	-80218.414	-3432.843
39348.863	-33993.563	-3449.587
35487.379	-69180.664	-3466.332
65426.699	-69129.000	-3483.077
43510.176	-126871.188	-3499.822
-13995.205	-30632.736	-3516.566
50873.379	-141975.469	-3533.311
94516.188	-66590.258	-3550.056
2861.179	-94924.711	-3566.801
14314.744	-41042.301	-3583.545
30834.967	-95800.414	-3600.290
33100.344	-51468.340	-3617.035
56314.449	-35216.473	-3633.780
74597.367	-92629.727	-3650.524
71942.070	-74407.367	-3667.269
48229.445	-27670.164	-3684.014
63025.977	-74486.047	-3700.759
42684.914	-100434.984	-3717.503
61134.375	-98481.352	-3734.248
58585.254	-62654.430	-3750.993
3768.392	-77050.688	-3767.738
6540.593	-109001.633	-3784.482
44828.438	-95385.953	-3801.227
35295.348	-85907.000	-3817.972
68669.094	-42768.926	-3834.717
56984.590	-71896.203	-3851.461
33280.059	-93438.281	-3868.206
71573.867	-29322.135	-3884.951
91514.609	-59523.586	-3901.696
26202.225	-46089.863	-3918.440
45590.441	-51493.770	-3935.185
22845.811	-56501.441	-3951.930
99129.109	-86878.852	-3968.675
69094.258	-41888.895	-3985.419
45376.488	-93859.305	-4002.164
58611.516	-65577.820	-4018.909
63810.289	-69601.492	-4035.654
47053.785	-72457.180	-4052.398
7371.917	-75064.844	-4069.143
63490.133	-84929.180	-4085.888
68502.984	-72984.352	-4102.633
20597.908	-85158.070	-4119.377
-1374.197	-55225.105	-4136.122
80717.352	-51990.660	-4152.867
109723.578	-76377.898	-4169.612
72092.734	-58122.473	-4186.356
59971.254	-47291.008	-4203.101
57453.383	-54455.988	-4219.846
47449.406	-47445.531	-4236.591
91287.984	-17597.287	-4253.335
33207.660	-51807.328	-4270.080
70579.141	-34783.703	-4286.825
-381.862	-82834.875	-4303.570
40925.711	-64902.340	-4320.314
62450.617	-25859.697	-4337.059
18027.242	-75974.023	-4353.804
60889.445	-56852.895	-4370.549
48777.910	-78484.461	-4387.293
47875.055	-33592.785	-4404.038
82941.914	-34839.535	-4420.783
55912.391	-20237.930	-4437.528
37641.559	-95293.164	-4454.272
43189.270	-49332.840	-4471.017
11440.373	-108484.906	-4487.762
94279.148	8823.698	-4504.507
59720.672	-38802.797	-4521.251
49422.922	-67620.031	-4537.996
50340.547	-54213.508	-4554.741
30257.521	-49853.996	-4571.486
67657.445	-20299.336	-4588.230
60824.379	-47531.539	-4604.975
47068.520	-85269.797	-4621.720
18577.320	-47241.898	-4638.465
24710.926	-52381.273	-4655.209
38693.176	-63162.168	-4671.954
56537.930	-53941.375	-4688.699
74446.336	-48398.270	-4705.444
58383.879	-50675.898	-4722.188
84212.930	-27699.605	-4738.933
72592.859	-32355.426	-4755.678
57841.984	-86262.852	-4772.423
65203.012	-62497.207	-4789.167
102016.297	-28968.656	-4805.912
57790.227	-8153.781	-4822.657
35423.020	-702.656	-4839.402
87390.539	-14740.620	-4856.146
33495.391	-45700.820	-4872.891
35521.086	-29428.738	-4889.636
39279.199	-79877.445	-4906.381
46580.590	-56323.953	-4923.125
53868.008	-40410.660	-4939.870
46384.223	-106529.602	-4956.615
78264.844	-45769.684	-4973.360
70754.859	-26235.527	-4990.104
49759.078	-80810.344	-5006.849
99349.477	-76864.148	-5023.594
54743.910	-46879.121	-5040.339
47648.258	-46078.707	-5057.083
17851.852	-44576.215	-5073.828
63581.215	-45052.820	-5090.573
58214.793	-35958.164	-5107.318
33907.906	-19742.795	-5124.062
81964.180	-31103.953	-5140.807
39542.875	-32548.404	-5157.552
40308.602	-62574.805	-5174.297
84685.594	4505.583	-5191.041
44393.422	-61626.527	-5207.786
68604.547	3388.933	-5224.531
76470.078	-10357.434	-5241.276
95187.516	-33778.879	-5258.020
19802.166	-48667.816	-5274.765
16263.417	-50219.773	-5291.510
60490.961	-53517.836	-5308.255
71797.516	-7967.370	-5324.999
12136.862	-18388.785	-5341.744
36494.703	-43594.129	-5358.489
23682.912	-39809.566	-5375.234
61679.555	-30428.367	-5391.978
56544.773	-3494.113	-5408.723
16636.111	-54957.258	-5425.468
82950.586	-13124.496	-5442.213
61160.496	-44672.141	-5458.957
63451.434	-36379.164	-5475.702
-7130.907	-50128.582	-5492.447
45416.129	-55641.602	-5509.192
13792.161	-50679.559	-5525.936
99433.828	-52111.887	-5542.681
53090.641	-29856.535	-5559.426
17652.121	-19704.213	-5576.171
35590.793	-97945.156	-5592.915
48799.551	-50609.172	-5609.660
62053.805	-30676.539	-5626.405
14384.345	-21839.791	-5643.150
83103.031	-4317.067	-5659.894
76105.648	20107.898	-5676.639
43845.684	-31347.410	-5693.384
30824.908	-23231.646	-5710.129
48312.238	-62452.719	-5726.873
56257.293	-37465.516	-5743.618
92249.391	-100359.734	-5760.363
26022.195	-29928.797	-5777.108
31178.965	-42268.734	-5793.852
45928.988	-10145.951	-5810.597
91267.055	-61299.602	-5827.342
-27229.850	-27212.865	-5844.087
116516.000	-25700.496	-5860.831
34742.613	-11230.061	-5877.576
42034.590	6553.949	-5894.321
51285.176	-42414.957	-5911.066
64213.336	-17274.506	-5927.810
49588.926	-49087.789	-5944.555
41624.793	-24803.469	-5961.300
62428.266	-36365.613	-5978.045
70337.625	-40226.527	-5994.789
62844.672	-51564.449	-6011.534
23685.289	-9173.317	-6028.279
50549.008	-54594.379	-6045.024
32542.121	-29149.174	-6061.768
44265.227	-49225.305	-6078.513
40033.012	-19823.621	-6095.258
35288.766	-48129.410	-6112.003
64425.465	-48793.172	-6128.747
55422.973	-48971.754	-6145.492
-5796.766	-43623.031	-6162.237
51153.855	-41648.809	-6178.982
93195.031	-25277.621	-6195.726
22108.158	-26293.391	-6212.471
59787.316	-57409.340	-6229.216
35922.336	-42763.340	-6245.961
63102.895	13161.647	-6262.705
70755.727	-7450.345	-6279.450
95032.461	967.770	-6296.195
84961.625	-41246.375	-6312.940
65987.000	-55558.715	-6329.684
24853.756	6482.068	-6346.429
-453.044	-41732.996	-6363.174
63988.902	-33702.594	-6379.919
56386.980	-27265.861	-6396.663
46024.242	-69729.102	-6413.408
79715.555	-21141.752	-6430.153
49810.633	-18392.484	-6446.898
20773.615	38304.328	-6463.642
49582.105	-55574.555	-6480.387
35310.160	-1109.428	-6497.132
59348.910	-19377.633	-6513.877
90001.984	-30125.066	-6530.621
107538.695	-39395.258	-6547.366
72294.477	2435.416	-6564.111
42686.891	-14842.624	-6580.856
57591.688	2244.720	-6597.600
19614.301	-19615.787	-6614.345
18836.949	-32624.010	-6631.090
7570.515	-12825.574	-6647.835
25124.715	-38782.508	-6664.579
82401.195	-64229.828	-6681.324
37933.961	-57965.645	-6698.069
56453.863	-20511.834	-6714.814
41550.684	-39266.402	-6731.558
36146.492	-16496.500	-6748.303
44969.945	-20523.643	-6765.048
41263.156	-898.897	-6781.793
81112.844	-35727.855	-6798.537
29240.768	-15797.226	-6815.282
98230.969	24526.459	-6832.027
78487.313	-18721.182	-6848.772
55646.195	-18109.568	-6865.516
50243.559	-25661.955	-6882.261
63171.898	-1539.178	-6899.006
32901.395	17997.178	-6915.751
21858.738	-9391.616	-6932.495
71174.063	-47223.754	-6949.240
79143.758	-48758.922	-6965.985
88759.070	-12078.888	-6982.730
84724.203	-16054.279	-6999.474
31443.512	-30848.805	-7016.219
43329.570	7478.252	-7032.964
85993.133	-11532.330	-7049.709
64674.223	-60247.234	-7066.453
23626.678	-39937.918	-7083.198
104547.750	6844.639	-7099.943
30037.941	-45254.426	-7116.688
88520.203	-25676.449	-7133.432
20335.084	-38536.105	-7150.177
12378.154	-31178.051	-7166.922
34762.766	-37167.582	-7183.667
88176.773	-81445.188	-7200.411
69578.727	-18277.215	-7217.156
9016.634	-27860.273	-7233.901
9082.427	-53576.887	-7250.646
42496.277	6755.848	-7267.390
47558.777	-4992.696	-7284.135
65867.680	5065.798	-7300.880
64516.676	-42042.305	-7317.625
34767.570	-24473.955	-7334.369
72940.742	-19945.320	-7351.114
26659.408	-10791.456	-7367.859
69419.664	-27259.168	-7384.604
66685.203	19612.174	-7401.348
61383.719	-58516.547	-7418.093
66649.922	55500.930	-7434.838
36356.867	-43534.945	-7451.583
72354.430	-15125.828	-7468.327
30351.924	-44132.672	-7485.072
17193.996	-8935.191	-7501.817
103700.656	-37031.055	-7518.562
32539.775	-29359.381	-7535.306
57249.992	-3529.865	-7552.051
65679.172	4309.165	-7568.796
25466.148	-22688.521	-7585.541
43781.195	-30237.039	-7602.285
58717.914	-5146.109	-7619.030
68656.359	-35731.816	-7635.775
-3366.643	-11138.862	-7652.520
66556.398	-22401.246	-7669.264
56187.969	-30195.629	-7686.009
77252.602	-40060.340	-7702.754
62433.242	13831.747	-7719.499
46975.512	17943.295	-7736.243
28857.559	-95190.531	-7752.988
47808.039	-8861.439	-7769.733
72407.422	-24961.303	-7786.478
65634.242	-15034.165	-7803.222
72607.844	-31418.104	-7819.967
81132.813	-11567.368	-7836.712
51538.242	-55780.277	-7853.457
26738.199	5182.823	-7870.201
44538.457	24939.516	-7886.946
4782.834	2059.827	-7903.691
35619.246	17976.230	-7920.436
21032.162	-2547.698	-7937.180
96583.148	25883.117	-7953.925
85535.305	-50070.527	-7970.670
93577.227	-29368.566	-7987.415
57235.270	42410.797	-8004.159
30947.623	-56498.785	-8020.904
84593.766	4369.050	-8037.649
25732.283	-6610.721	-8054.394
26965.879	-27745.697	-8071.138
37863.555	-31382.291	-8087.883
38349.570	-14941.201	-8104.628
68144.813	-2950.574	-8121.373
64967.809	-23997.166	-8138.117
25818.541	11746.568	-8154.862
26357.482	47235.832	-8171.607
94993.164	-14056.974	-8188.352
13120.852	40508.961	-8205.096
60222.840	11443.642	-8221.841
97442.445	2869.069	-8238.586
58386.094	-59216.871	-8255.331
35450.016	11639.389	-8272.075
9498.404	-5268.876	-8288.820
70946.484	-9605.953	-8305.565
75221.414	29897.205	-8322.310
33435.742	-17559.186	-8339.054
75238.742	-41471.004	-8355.799
80843.922	-22006.008	-8372.544
99992.750	-21520.648	-8389.289
73482.750	31107.295	-8406.033
74399.148	-3667.598	-8422.778
59815.195	38831.020	-8439.523
42871.863	-50358.613	-8456.268
46874.992	-27843.934	-8473.012
49142.402	-35948.195	-8489.757
31156.756	18201.369	-8506.502
77446.094	-76.075	-8523.247
49077.898	33469.508	-8539.991
38634.598	15428.266	-8556.736
