Data Point Listing of File C:\NTNMR\data\Dan\LiFe.5Mn.5PO4\[010]\P31 [010] 0deg.tnt
Starting Point:	1	Ending Point:	1024
Real	Imag	Hz
2025050.875	469480.063	2499980.282
490195.594	505314.688	2495097.470
811792.625	110115.359	2490214.657
741542.813	-4268.056	2485331.845
663113.875	528197.875	2480449.032
1207825.500	349911.813	2475566.220
1290391.500	9513.770	2470683.407
1411372.125	343035.875	2465800.595
1108001.750	-338525.750	2460917.782
1571616.625	68623.117	2456034.970
1797940.125	682141.500	2451152.157
1197918.500	-186613.375	2446269.345
763034.250	23733.133	2441386.532
1217629.750	177018.578	2436503.720
1078343.125	269328.781	2431620.907
1069615.375	419948.344	2426738.095
764049.813	-93005.922	2421855.282
789508.125	-146972.203	2416972.470
809136.625	320256.281	2412089.657
886463.438	439579.281	2407206.845
1175869.625	-594581.000	2402324.032
1330508.875	134359.000	2397441.220
970909.375	656610.500	2392558.407
958841.625	-197775.547	2387675.595
386585.156	728600.750	2382792.782
1042312.250	744813.750	2377909.970
831060.438	-289465.563	2373027.157
617967.563	764638.063	2368144.345
806445.313	113495.609	2363261.532
1828327.125	284726.125	2358378.720
1385506.625	-234696.563	2353495.907
1377478.750	402742.031	2348613.095
1195475.000	-318812.781	2343730.282
1476878.375	293844.563	2338847.470
1479930.500	290019.625	2333964.657
945814.063	650962.000	2329081.845
762233.563	377499.531	2324199.032
1359969.375	-19450.994	2319316.220
125756.977	-52953.016	2314433.407
1599502.250	83716.859	2309550.595
1133362.500	817351.250	2304667.782
1524590.625	-616591.938	2299784.970
1087240.125	1213159.750	2294902.157
1207086.250	6145.849	2290019.345
675888.125	639002.313	2285136.532
1735278.500	573164.938	2280253.720
1033746.063	-19425.617	2275370.907
2047074.375	81434.203	2270488.095
1286542.125	-45016.785	2265605.282
1136070.250	-48869.563	2260722.470
1009172.438	330073.406	2255839.657
810047.250	206610.391	2250956.845
150216.672	3710.499	2246074.032
196951.016	607723.000	2241191.220
1729103.625	-347326.781	2236308.407
1302321.500	30251.941	2231425.595
908003.500	-82093.195	2226542.782
955318.313	-440825.219	2221659.970
506510.063	278886.313	2216777.157
1084414.250	522140.281	2211894.345
1219283.250	-729097.188	2207011.532
1030319.563	778506.438	2202128.720
2005770.375	-131342.391	2197245.907
915837.938	-739959.938	2192363.095
385498.344	556383.313	2187480.282
878544.438	648932.063	2182597.470
798304.688	-102773.852	2177714.657
1002324.375	9065.786	2172831.845
1486478.125	637328.500	2167949.032
461721.250	1107817.250	2163066.220
1397551.000	126038.953	2158183.407
1384491.125	327447.188	2153300.595
86862.391	894303.500	2148417.782
887953.250	293862.438	2143534.970
1050227.250	245418.016	2138652.157
1264659.750	167082.547	2133769.345
2278888.750	44147.426	2128886.532
421291.656	1044716.000	2124003.720
1089761.250	-734710.938	2119120.907
1713245.625	1256877.500	2114238.095
674642.375	-1316390.500	2109355.282
225909.313	-934710.563	2104472.470
235355.969	-2146047.500	2099589.657
2606268.500	1293807.750	2094706.845
693655.625	770228.750	2089824.032
-345968.688	-453663.906	2084941.220
13672.776	-152741.422	2080058.407
807487.750	1008938.375	2075175.595
22100.523	-1049253.625	2070292.782
1367476.625	32953.414	2065409.970
1225721.625	501633.188	2060527.157
-1043339.875	-646385.625	2055644.345
-554652.000	327090.000	2050761.532
935732.688	-797122.375	2045878.720
-568716.000	819283.188	2040995.907
-195974.938	1503169.125	2036113.095
1119730.625	876324.188	2031230.282
1717471.625	563873.375	2026347.470
690002.000	352375.531	2021464.657
533581.938	1473686.375	2016581.845
913859.688	933729.250	2011699.032
1534256.500	1106666.875	2006816.220
258434.906	1323761.875	2001933.407
540578.938	969337.813	1997050.595
-300674.000	1479678.125	1992167.782
-510780.719	674685.938	1987284.970
873057.563	954064.500	1982402.157
1464027.125	-359398.531	1977519.345
2184279.750	1105309.750	1972636.532
966701.313	-198615.266	1967753.720
666139.000	563838.813	1962870.907
1620448.750	544569.438	1957988.095
1180611.500	546986.500	1953105.282
542531.313	361913.031	1948222.470
1611013.125	1045986.438	1943339.657
1269964.750	1673379.125	1938456.845
1117125.000	183418.313	1933574.032
825577.875	-361563.031	1928691.220
140149.250	97865.250	1923808.407
-235137.828	359207.219	1918925.595
2172745.500	849037.188	1914042.782
759953.063	-137103.516	1909159.970
1184363.125	530116.875	1904277.157
391203.063	-885662.063	1899394.345
1626835.875	685759.813	1894511.532
382153.656	1854870.625	1889628.720
1392968.000	511422.219	1884745.907
-977445.375	311072.000	1879863.095
151018.344	239784.359	1874980.282
76384.023	809380.250	1870097.470
-430974.406	-10533.748	1865214.657
1067169.875	-728898.000	1860331.845
962213.563	86023.930	1855449.032
578727.125	182831.484	1850566.220
-409184.344	-240149.234	1845683.407
740672.688	1355564.750	1840800.595
1349645.625	1372434.375	1835917.782
214750.703	1854990.000	1831034.970
1093128.250	1077956.875	1826152.157
-564478.500	562496.063	1821269.345
60040.813	887285.438	1816386.532
-104503.258	1993214.625	1811503.720
475837.313	559342.750	1806620.907
193964.563	929089.813	1801738.095
780136.000	1310756.000	1796855.282
2710461.250	689459.938	1791972.470
565068.250	257832.938	1787089.657
1024519.063	1216028.125	1782206.845
540626.688	910612.875	1777324.032
626518.875	2348582.000	1772441.220
583374.563	176818.578	1767558.407
1181134.375	974672.875	1762675.595
1374471.875	1958781.625	1757792.782
1054158.250	1252361.625	1752909.970
1754207.375	671208.688	1748027.157
1013668.750	-647688.000	1743144.345
557902.188	246754.344	1738261.532
-410157.625	1423232.125	1733378.720
420303.219	1345641.125	1728495.907
1215987.000	1088513.125	1723613.095
-513276.063	467572.281	1718730.282
64187.813	894901.625	1713847.470
249291.516	1520469.875	1708964.657
964511.500	2717596.250	1704081.845
1050317.000	2020210.125	1699199.032
1233045.000	751222.938	1694316.220
1609927.375	1107875.125	1689433.407
1785525.500	809844.375	1684550.595
14525.944	-940320.500	1679667.782
152659.813	-707337.000	1674784.970
911838.313	205924.063	1669902.157
891329.250	994809.000	1665019.345
1299557.250	894569.438	1660136.532
934976.375	359429.438	1655253.720
-621888.500	2431005.500	1650370.907
627137.438	489555.125	1645488.095
-415658.563	902176.250	1640605.282
1299358.375	1705813.625	1635722.470
1176140.125	643502.938	1630839.657
440458.531	956205.875	1625956.845
871642.375	1780939.750	1621074.032
2279730.750	667093.375	1616191.220
1324110.625	1015870.938	1611308.407
1043992.750	921976.063	1606425.595
849008.875	921897.125	1601542.782
1476948.375	-175323.969	1596659.970
737181.438	1757664.625	1591777.157
1320873.250	1017699.313	1586894.345
-50371.539	2215083.000	1582011.532
184007.734	1123269.000	1577128.720
2008065.250	1406384.125	1572245.907
257555.453	-314524.344	1567363.095
419315.094	845654.688	1562480.282
107673.188	1604257.500	1557597.470
-706241.813	2473397.500	1552714.657
951432.375	1137214.625	1547831.845
1780011.500	1712548.500	1542949.032
2603454.750	-1947034.250	1538066.220
1690074.875	1538789.750	1533183.407
1026002.438	2937727.000	1528300.595
459746.156	-1809871.125	1523417.782
-1190548.125	-1482103.750	1518534.970
-1005802.625	1193205.500	1513652.157
1547216.625	595018.063	1508769.345
-955873.250	2453548.250	1503886.532
-304999.531	2250840.500	1499003.720
2041740.250	145067.703	1494120.907
1038435.875	-1659293.375	1489238.095
1763794.875	-580933.500	1484355.282
-1145114.875	1405846.000	1479472.470
-383889.375	1603077.875	1474589.657
-1328621.125	2131742.250	1469706.845
1536526.125	1565169.375	1464824.032
-1031907.250	232765.266	1459941.220
1071984.250	1752362.250	1455058.407
-1205415.375	1982350.250	1450175.595
-1721831.375	1453003.125	1445292.782
2794113.250	-28343.268	1440409.970
1141698.875	2657800.500	1435527.157
896507.063	1505921.375	1430644.345
-517525.344	868325.625	1425761.532
166617.688	3730236.250	1420878.720
618783.875	387148.563	1415995.907
879610.938	2868509.250	1411113.095
-94578.367	414388.000	1406230.282
119253.367	2257043.000	1401347.470
157398.875	4110602.500	1396464.657
-1145661.875	968226.625	1391581.845
158896.172	2005949.500	1386699.032
2731014.000	162005.281	1381816.220
1221512.750	-2211041.500	1376933.407
-1165643.250	2160430.000	1372050.595
1293834.250	-1173355.875	1367167.782
-340218.625	1307892.375	1362284.970
1183123.375	3007067.250	1357402.157
-272087.531	3629621.750	1352519.345
446239.094	2434861.750	1347636.532
1446733.500	3627539.750	1342753.720
1735366.375	-272443.969	1337870.907
311072.906	3207708.250	1332988.095
-1147327.875	4436193.500	1328105.282
-327068.406	4476797.500	1323222.470
-2083851.750	2522028.750	1318339.657
571359.563	497310.188	1313456.845
1220079.375	3939527.000	1308574.032
93625.320	5160438.500	1303691.220
614849.375	3961656.000	1298808.407
187465.594	190632.922	1293925.595
257171.109	2488230.250	1289042.782
1652935.250	2073400.125	1284159.970
-882327.688	1744888.625	1279277.157
1840135.500	1148475.375	1274394.345
3266402.500	-153497.594	1269511.532
5126696.500	5015612.500	1264628.720
3781335.500	1187620.875	1259745.907
2260978.500	1578388.125	1254863.095
-156659.328	1713936.875	1249980.282
2909674.500	1046952.938	1245097.470
318178.875	-2795308.500	1240214.657
1588780.125	-27526.623	1235331.845
2201996.000	1115009.000	1230449.032
2227858.750	1974444.250	1225566.220
1589603.625	2323751.000	1220683.407
1246839.250	3371179.000	1215800.595
919338.375	1239420.500	1210917.782
1699280.875	2190490.000	1206034.970
-237007.594	-1110694.500	1201152.157
1709519.875	2571593.000	1196269.345
3079195.750	3544761.750	1191386.532
-1391311.625	1791386.250	1186503.720
2317580.250	281791.031	1181620.907
1238484.250	2752575.750	1176738.095
-2068600.875	1965254.875	1171855.282
592375.875	-341650.563	1166972.470
720746.250	1869507.375	1162089.657
-155123.422	2253536.250	1157206.845
19907.504	19058.334	1152324.032
-1207599.750	1437359.500	1147441.220
1418526.250	1432272.500	1142558.407
1453679.625	2079561.500	1137675.595
-731082.063	1632932.125	1132792.782
509885.406	523650.250	1127909.970
-728421.438	1428899.875	1123027.157
2142603.250	-325826.875	1118144.345
858876.625	3534851.500	1113261.532
-316798.281	914016.688	1108378.720
-274714.875	1095712.500	1103495.907
3121826.500	-1396176.125	1098613.095
-947395.188	2011444.125	1093730.282
-1348949.750	3325739.250	1088847.470
-1625308.750	2358585.000	1083964.657
-1796195.500	3373758.750	1079081.845
535219.000	3257920.250	1074199.032
-108325.266	3101034.750	1069316.220
1496671.625	1373916.000	1064433.407
1293264.125	1933038.875	1059550.595
-361550.406	2809645.500	1054667.782
785944.313	2400913.500	1049784.970
1526222.125	5245724.000	1044902.157
2886546.000	996846.438	1040019.345
1612484.500	4172168.000	1035136.532
-119174.891	2408784.750	1030253.720
354692.719	3185069.000	1025370.907
1838690.000	1777518.000	1020488.095
1410565.125	4833996.000	1015605.282
418017.625	3669091.000	1010722.470
2309746.000	5788249.500	1005839.657
-102156.305	3328308.750	1000956.845
-804852.063	4067465.500	996074.032
23993.498	-321807.156	991191.220
2578147.750	1540225.000	986308.407
2525441.750	-1215066.625	981425.595
-899607.750	842174.188	976542.782
580830.625	1535522.750	971659.970
2235539.500	3437794.000	966777.157
2653186.500	4325577.000	961894.345
-1401611.125	2687442.250	957011.532
3541852.250	1597406.125	952128.720
2382492.250	581865.750	947245.907
-248273.500	3140679.250	942363.095
2956292.500	2422051.750	937480.282
30966.729	-895852.188	932597.470
-1591588.125	380926.313	927714.657
422406.875	175755.281	922831.845
1288879.875	3681326.500	917949.032
2966568.750	3922339.000	913066.220
-1481078.250	4370902.000	908183.407
4941922.000	2082354.875	903300.595
4084723.750	3178942.250	898417.782
2125729.750	2448746.750	893534.970
770709.500	1709341.875	888652.157
-2536080.500	3422571.250	883769.345
-2829115.750	1565587.625	878886.532
-116111.656	1114666.250	874003.720
718148.125	2013826.125	869120.907
330672.000	3036012.000	864238.095
-207063.281	152768.406	859355.282
289091.875	5083586.500	854472.470
-744346.563	2550447.750	849589.657
-1743871.750	2736250.750	844706.845
-1149306.125	1590183.750	839824.032
-582615.563	2754072.250	834941.220
-845606.750	-389162.750	830058.407
1231890.875	3966759.500	825175.595
454899.625	5368804.500	820292.782
-1451077.125	3781792.250	815409.970
-346074.781	6008692.000	810527.157
1603007.125	3774331.500	805644.345
3399030.500	2423773.750	800761.532
708040.313	1755957.875	795878.720
1381340.250	2452375.000	790995.907
923996.000	7189627.000	786113.095
3155360.250	1657043.875	781230.282
2031718.125	2266426.250	776347.470
-1093229.750	4385028.500	771464.657
-2768745.000	4919187.500	766581.845
2733025.250	5500575.000	761699.032
4964342.500	1168761.750	756816.220
2989075.750	3582388.500	751933.407
4977716.500	6277040.500	747050.595
1594281.375	4109336.750	742167.782
1173242.125	2989386.250	737284.970
-1578850.250	1949428.375	732402.157
3117479.750	5254974.000	727519.345
1396022.000	464042.344	722636.532
1656547.375	3305581.750	717753.720
517225.469	5311633.500	712870.907
-610461.125	1957998.500	707988.095
1308291.625	2143728.750	703105.282
161993.938	3769488.750	698222.470
-1259090.875	1039255.250	693339.657
959646.313	3535087.250	688456.845
-1029600.313	6278981.000	683574.032
894485.125	3287469.500	678691.220
232781.500	2828691.000	673808.407
5508646.000	2762124.500	668925.595
-1378536.625	3506793.000	664042.782
1147566.125	3033517.250	659159.970
4003239.500	676312.688	654277.157
53540.414	6079039.000	649394.345
966592.438	-1030844.875	644511.532
59774.281	1855740.500	639628.720
-303750.719	3841246.750	634745.907
286079.156	3532503.750	629863.095
1995547.500	2234076.250	624980.282
-1103336.375	3543174.250	620097.470
2421688.250	5005184.000	615214.657
-881870.625	631112.063	610331.845
-1424721.250	3455747.500	605449.032
211562.328	3382529.500	600566.220
3343483.000	5657431.500	595683.407
1447809.750	4447882.000	590800.595
1826769.125	5507630.000	585917.782
-1416308.125	2564554.250	581034.970
15672.450	4719588.500	576152.157
-1579732.375	6482914.500	571269.345
3466210.500	3830798.750	566386.532
4385992.500	5693493.000	561503.720
683619.813	3394857.250	556620.907
-4219879.500	7960364.500	551738.095
5520891.000	6531937.500	546855.282
-1150962.125	3950704.250	541972.470
1751415.375	7481774.000	537089.657
346739.656	7483539.000	532206.845
752883.125	721922.188	527324.032
-1684899.875	4834791.500	522441.220
-874672.813	4174571.000	517558.407
1583439.500	6613371.500	512675.595
-1199380.500	4422417.500	507792.782
1921505.375	2162734.500	502909.970
-1987405.250	2223958.500	498027.157
1788756.375	7199011.000	493144.345
1215345.375	6631638.500	488261.532
1350545.625	7355681.500	483378.720
1714377.500	8047111.000	478495.907
-219958.344	6889325.000	473613.095
-473091.719	1264618.875	468730.282
2654625.750	2224629.000	463847.470
2905367.500	7427758.000	458964.657
872643.250	9025308.000	454081.845
1317850.625	1612648.000	449199.032
2202242.250	4000603.000	444316.220
-1169312.125	3480788.750	439433.407
5651637.500	9174626.000	434550.595
4163780.000	986076.250	429667.782
-1536651.125	8055280.000	424784.970
5991636.000	9194811.000	419902.157
3251401.000	5724633.000	415019.345
2296225.750	4950772.500	410136.532
-617097.063	2152277.500	405253.720
600269.250	8924297.000	400370.907
-587027.875	4859859.500	395488.095
767856.688	9780087.000	390605.282
4013562.500	6659781.000	385722.470
173553.594	6160753.000	380839.657
179604.750	6033831.500	375956.845
-821649.188	8100621.000	371074.032
129757.328	9322467.000	366191.220
132101.781	7975756.000	361308.407
1835116.125	8427790.000	356425.595
-284320.000	6100263.500	351542.782
1059772.125	7844923.000	346659.970
1672026.625	7877340.500	341777.157
1574883.375	8500769.000	336894.345
5040668.000	6240148.000	332011.532
658340.313	10077250.000	327128.720
-987408.750	8611214.000	322245.907
970124.188	5562658.000	317363.095
557147.500	9891397.000	312480.282
1371631.250	9624158.000	307597.470
2354916.500	9101739.000	302714.657
1306738.250	10014125.000	297831.845
2515922.250	9538774.000	292949.032
5174826.500	9169373.000	288066.220
1177775.125	12362150.000	283183.407
4606898.000	10572004.000	278300.595
4201909.000	14370569.000	273417.782
5499338.000	9537718.000	268534.970
3905805.000	10864668.000	263652.157
5268841.000	8225001.500	258769.345
3488805.250	12448492.000	253886.532
382509.156	12686594.000	249003.720
5131739.000	7741460.000	244120.907
6951476.500	6523745.000	239238.095
6222637.000	11196381.000	234355.282
6308366.500	11513635.000	229472.470
2886607.000	9115185.000	224589.657
7833127.000	12189658.000	219706.845
8837981.000	15340066.000	214824.032
3319380.250	14090439.000	209941.220
7059079.500	15390803.000	205058.407
9620251.000	14696034.000	200175.595
7961796.500	9461226.000	195292.782
6578872.000	15895307.000	190409.970
4633496.000	17308558.000	185527.157
6487105.500	13831500.000	180644.345
5927597.000	12214235.000	175761.532
9616385.000	14378291.000	170878.720
9786570.000	12543422.000	165995.907
8959182.000	12029122.000	161113.095
13221757.000	14877068.000	156230.282
11515975.000	17062966.000	151347.470
13921169.000	14600021.000	146464.657
11632244.000	18329774.000	141581.845
17940604.000	11093065.000	136699.032
17087448.000	13464362.000	131816.220
14789948.000	12170279.000	126933.407
17725116.000	13205407.000	122050.595
22878266.000	13662080.000	117167.782
17863446.000	9005732.000	112284.970
18517934.000	7706890.500	107402.157
18445056.000	11568862.000	102519.345
19660472.000	8690377.000	97636.532
18313114.000	8162405.500	92753.720
22575474.000	6951732.500	87870.907
20001268.000	10752150.000	82988.095
17745180.000	6340348.000	78105.282
19195748.000	4429445.500	73222.470
17009334.000	3722281.750	68339.657
19416852.000	6491651.500	63456.845
16214200.000	2371845.750	58574.032
20836188.000	7892511.500	53691.220
20300770.000	7961560.000	48808.407
25705194.000	5213014.500	43925.595
21709194.000	4221896.000	39042.782
24391150.000	2370271.000	34159.970
23858738.000	3705970.250	29277.157
23404636.000	-17087.111	24394.345
20702564.000	-55386.801	19511.532
28491966.000	-1932807.875	14628.720
23380116.000	-598875.250	9745.907
22625446.000	-2320952.500	4863.095
22183992.000	-5745436.500	-19.718
22413174.000	-2892641.000	-4902.530
24456416.000	-4125091.250	-9785.343
21496086.000	-7005162.500	-14668.155
22789180.000	-5958537.000	-19550.968
20634062.000	-8686338.000	-24433.780
19278180.000	-9102835.000	-29316.593
17095926.000	-4623549.500	-34199.405
12590922.000	-9480399.000	-39082.218
19066954.000	-7814947.500	-43965.030
19808116.000	-3931732.500	-48847.843
17169848.000	-10602789.000	-53730.655
17549286.000	-6176808.500	-58613.468
18863144.000	-11464500.000	-63496.280
19013764.000	-12770739.000	-68379.093
15528369.000	-14717844.000	-73261.905
18973438.000	-12240933.000	-78144.718
18803796.000	-17941926.000	-83027.530
12484460.000	-13195563.000	-87910.343
9397381.000	-10476419.000	-92793.155
13381446.000	-13229208.000	-97675.968
11543462.000	-13904928.000	-102558.780
11918381.000	-13475576.000	-107441.593
9761533.000	-11393761.000	-112324.405
13988152.000	-14477888.000	-117207.218
12610759.000	-13665772.000	-122090.030
4935228.500	-13224289.000	-126972.843
8072680.000	-16242190.000	-131855.655
7467372.500	-11293755.000	-136738.468
7529920.000	-11440348.000	-141621.280
4515340.500	-11359874.000	-146504.093
4909388.500	-13004090.000	-151386.905
4757210.500	-10529158.000	-156269.718
9080464.000	-15062292.000	-161152.530
5806991.500	-10537735.000	-166035.343
5347694.500	-12390346.000	-170918.155
5057878.000	-9822452.000	-175800.968
2559771.500	-11315045.000	-180683.780
4960805.000	-9908521.000	-185566.593
4303288.000	-10683570.000	-190449.405
4814358.500	-13563823.000	-195332.218
1707446.250	-9925203.000	-200215.030
281501.125	-9024628.000	-205097.843
4845291.000	-7774768.500	-209980.655
3920607.750	-8247003.500	-214863.468
2387271.000	-11706906.000	-219746.280
2354157.000	-11539354.000	-224629.093
1295823.125	-8443822.000	-229511.905
3902651.000	-10167407.000	-234394.718
-813503.313	-8039143.000	-239277.530
3953261.750	-5054939.500	-244160.343
2729573.250	-8006896.000	-249043.155
452333.750	-9401747.000	-253925.968
1713538.625	-7022366.500	-258808.780
-1581489.250	-8226443.000	-263691.593
-2043658.125	-5470463.000	-268574.405
-1603809.875	-8407179.000	-273457.218
4033623.500	-4046141.500	-278340.030
1510385.625	-3447184.500	-283222.843
3559405.250	-4849391.500	-288105.655
-129710.352	-6149752.500	-292988.468
-119756.766	-3784052.000	-297871.280
749028.625	-7746538.500	-302754.093
706156.188	-6781407.500	-307636.905
169237.719	-5576684.000	-312519.718
1467435.625	-4195156.500	-317402.530
-1939545.125	-5821547.500	-322285.343
1217244.625	-4746112.500	-327168.155
5436767.500	-4131178.250	-332050.968
-2625416.750	-6270614.500	-336933.780
-1507838.750	-4882247.500	-341816.593
-1200544.750	-7410767.500	-346699.405
3436964.000	-4189637.500	-351582.218
3816047.500	-2071288.125	-356465.030
4090954.250	-3216599.000	-361347.843
-1499699.000	-2335953.500	-366230.655
3699270.000	-7989586.000	-371113.468
2663980.000	-4764431.000	-375996.280
230714.406	587068.688	-380879.093
1915156.000	-1390021.500	-385761.905
3059711.750	-4704021.500	-390644.718
1315191.875	-3909124.250	-395527.530
141081.156	-2322482.250	-400410.343
2455713.750	1896343.875	-405293.155
2193549.250	-436117.406	-410175.968
1522528.375	-3832718.500	-415058.780
2706388.250	-1756579.125	-419941.593
1088236.750	-4758725.500	-424824.405
2689851.000	-3546968.250	-429707.218
3139637.000	-2012955.750	-434590.030
2479033.750	-4525804.500	-439472.843
2027270.250	-3278143.000	-444355.655
605671.438	-3788440.750	-449238.468
2936636.000	-5541603.500	-454121.280
1728670.000	-2105854.250	-459004.093
828277.875	-4738428.500	-463886.905
3030221.000	-3426597.500	-468769.718
-505366.125	-1905735.625	-473652.530
2896448.500	-8156347.500	-478535.343
2879208.250	-3924594.750	-483418.155
1562356.125	-3558662.250	-488300.968
1793096.000	-4443800.500	-493183.780
3337753.500	-3668036.250	-498066.593
-971340.250	-1995465.875	-502949.405
857705.125	-7722914.000	-507832.218
3071796.000	-1928613.000	-512715.030
3928087.250	-1774424.750	-517597.843
-625780.438	-2371084.250	-522480.655
3405072.500	-2212920.250	-527363.468
2133403.750	-4986649.000	-532246.280
2211759.250	327317.750	-537129.093
1031438.875	-5064401.500	-542011.905
1957597.500	1309967.875	-546894.718
-4466167.500	-2184395.250	-551777.530
2367544.000	-4753707.500	-556660.343
2829086.750	-47352.215	-561543.155
3379494.500	-2321358.500	-566425.968
235647.219	-2462398.000	-571308.780
2853363.750	-5355931.000	-576191.593
1755343.875	-4179308.000	-581074.405
-1596978.875	-6770066.500	-585957.218
-575611.438	-672033.375	-590840.030
1971459.000	-3618440.250	-595722.843
1434211.250	897260.688	-600605.655
2853332.750	-1701266.625	-605488.468
2553364.500	-2512184.500	-610371.280
960366.938	-600109.875	-615254.093
479277.500	-516528.250	-620136.905
749308.250	802824.500	-625019.718
-1355856.250	-2779993.750	-629902.530
3176142.500	-928380.625	-634785.343
3441153.000	-4440201.500	-639668.155
1229654.500	-1534888.750	-644550.968
4171231.500	-5059373.500	-649433.780
273555.938	318260.719	-654316.593
3377057.000	204598.656	-659199.405
474930.938	-2011025.750	-664082.218
2376523.000	-3107298.000	-668965.030
4413029.000	-3194061.500	-673847.843
4098805.250	34444.992	-678730.655
921405.313	-1292514.625	-683613.468
2159366.000	-1506005.375	-688496.280
898517.063	-4233303.000	-693379.093
1389202.750	-4235978.000	-698261.905
3848837.000	-1480586.875	-703144.718
1203995.125	-4371705.000	-708027.530
1469522.125	-3100242.000	-712910.343
3211900.000	-620053.625	-717793.155
1653692.125	-433865.000	-722675.968
1298542.500	-4934693.000	-727558.780
4538742.000	-3376499.750	-732441.593
616687.500	-401431.094	-737324.405
2138228.000	-716875.063	-742207.218
525728.438	-4144503.750	-747090.030
3392887.500	-2168217.250	-751972.843
3012166.250	-2450889.750	-756855.655
2651599.500	-2048508.000	-761738.468
2134060.500	-2699256.500	-766621.280
4184490.500	-4631195.500	-771504.093
994857.500	-3558707.750	-776386.905
1266423.625	-1575467.000	-781269.718
1355874.000	-3255104.500	-786152.530
1450193.500	-2555304.250	-791035.343
-109647.953	-4170792.000	-795918.155
837585.875	-3833103.750	-800800.968
-263461.469	-4001843.000	-805683.780
95608.727	-610304.250	-810566.593
3183554.250	-3793909.750	-815449.405
1641053.125	-2850213.000	-820332.218
-1115588.750	-2225846.250	-825215.030
1296407.750	-1235156.375	-830097.843
1697574.250	-2767922.500	-834980.655
-410940.406	14798.896	-839863.468
3165796.500	-3657369.000	-844746.280
-48520.703	418198.750	-849629.093
35443.621	-2993885.500	-854511.905
-2866678.750	-2486572.500	-859394.718
354375.563	-723398.000	-864277.530
924381.250	-2292783.500	-869160.343
911185.750	-3862018.750	-874043.155
2785890.250	-177393.375	-878925.968
372348.625	-3260881.000	-883808.780
1301489.625	-1794375.125	-888691.593
11713.903	-2179144.250	-893574.405
163993.750	-1789274.875	-898457.218
1213718.375	-903263.625	-903340.030
-637269.000	-2270440.000	-908222.843
1019121.438	-749963.250	-913105.655
1663876.000	368761.250	-917988.468
-1679806.750	-2407297.250	-922871.280
-715182.438	-1908110.000	-927754.093
5594087.500	1877272.750	-932636.905
3305460.250	840994.688	-937519.718
2849559.250	-2981309.750	-942402.530
183858.094	-2936230.000	-947285.343
1230079.125	-356291.750	-952168.155
-125208.109	-1866166.875	-957050.968
1038992.375	-970814.250	-961933.780
1867461.625	-1558401.250	-966816.593
2812712.750	656949.125	-971699.405
1760144.375	-4389054.000	-976582.218
1875370.000	-1906094.125	-981465.030
948499.313	-1229011.750	-986347.843
163450.375	-1973719.250	-991230.655
-549889.438	498656.625	-996113.468
2355441.000	-301083.188	-1000996.280
962516.563	-1211498.000	-1005879.093
-464855.031	-195525.750	-1010761.905
2142032.250	-4001351.000	-1015644.718
-63777.426	-298198.625	-1020527.530
-1807452.250	-2591316.500	-1025410.343
1905235.750	-1596290.500	-1030293.155
3152509.250	-522376.688	-1035175.968
1446020.625	-140088.203	-1040058.780
1425987.125	352462.000	-1044941.593
1783759.875	-2148954.250	-1049824.405
-844452.813	-2639585.750	-1054707.218
1081850.375	-2350618.750	-1059590.030
-335663.656	-1748.457	-1064472.843
1074137.625	118253.156	-1069355.655
198063.859	-1743297.250	-1074238.468
2281594.750	-2526191.750	-1079121.280
-203298.969	74173.859	-1084004.093
1353580.875	-4597973.500	-1088886.905
940929.063	-1604783.750	-1093769.718
1650450.875	-177850.234	-1098652.530
1861364.500	190970.344	-1103535.343
1635327.250	-505200.563	-1108418.155
848569.563	222217.547	-1113300.968
1939989.000	-1654294.000	-1118183.780
311693.219	-591265.688	-1123066.593
2242361.000	1341463.500	-1127949.405
1172903.750	211899.094	-1132832.218
-442537.906	-51505.582	-1137715.030
1714030.750	429270.063	-1142597.843
2090869.750	-1340670.125	-1147480.655
1403417.125	-2067220.125	-1152363.468
3104473.000	-1443791.250	-1157246.280
845407.750	-1576385.250	-1162129.093
2476119.250	958030.625	-1167011.905
406676.250	-1819323.375	-1171894.718
-952298.938	-848140.688	-1176777.530
1628057.125	-1225854.875	-1181660.343
2166877.750	611912.188	-1186543.155
1980553.000	-862897.125	-1191425.968
1600202.125	-1488304.875	-1196308.780
1838069.125	-1043195.938	-1201191.593
118776.336	-776506.875	-1206074.405
1964462.375	28769.994	-1210957.218
-330496.656	-569968.750	-1215840.030
-767385.875	-511489.375	-1220722.843
2419060.750	-1551448.875	-1225605.655
1487218.125	-1414490.375	-1230488.468
2236850.750	-1453538.875	-1235371.280
1588573.000	-1942074.375	-1240254.093
1917645.250	-1039470.125	-1245136.905
114636.797	-326566.188	-1250019.718
2505572.000	-1651653.500	-1254902.530
1154188.500	-1991905.000	-1259785.343
920909.625	-1790209.000	-1264668.155
1998101.750	1425474.375	-1269550.968
1388223.250	45979.105	-1274433.780
525778.063	-1418563.375	-1279316.593
2286903.750	265590.625	-1284199.405
1346188.375	-1711443.250	-1289082.218
-137535.094	-1411267.250	-1293965.030
1589868.625	-1235754.875	-1298847.843
585680.375	-151959.672	-1303730.655
626179.813	186721.094	-1308613.468
2232438.250	-664919.125	-1313496.280
2213509.750	-1549286.875	-1318379.093
2765293.250	-798456.875	-1323261.905
1539086.750	547156.938	-1328144.718
1266393.625	241646.641	-1333027.530
1999279.000	758264.313	-1337910.343
218227.531	-1343926.250	-1342793.155
639104.750	-560735.438	-1347675.968
215873.688	1091087.125	-1352558.780
617071.875	-1181696.875	-1357441.593
1553641.375	-1439323.750	-1362324.405
724481.250	-1672546.875	-1367207.218
2841343.750	-959254.750	-1372090.030
684.810	586073.688	-1376972.843
2774203.250	252755.375	-1381855.655
568077.438	-1279612.500	-1386738.468
2603952.500	-1528800.875	-1391621.280
3546793.500	-332746.688	-1396504.093
3063764.250	-811242.188	-1401386.905
2003229.125	-376487.219	-1406269.718
775740.000	-1584826.500	-1411152.530
2059174.000	337898.813	-1416035.343
2612826.750	-1225390.000	-1420918.155
1247621.125	-3095686.500	-1425800.968
335604.031	-2400436.750	-1430683.780
1532875.875	-2866130.000	-1435566.593
1898194.000	-1473193.250	-1440449.405
1593218.250	-308719.969	-1445332.218
-397731.688	-1216506.875	-1450215.030
1713167.500	-118333.305	-1455097.843
-448353.844	-1132679.375	-1459980.655
1298709.750	621227.688	-1464863.468
-871661.563	-1431884.000	-1469746.280
1418226.250	70114.000	-1474629.093
1590071.750	-1754314.250	-1479511.905
-194813.359	-709475.813	-1484394.718
554593.750	-466668.219	-1489277.530
1664034.750	-607496.188	-1494160.343
2073075.750	-2295072.500	-1499043.155
1976739.875	173817.141	-1503925.968
1721738.500	691605.313	-1508808.780
1010167.563	-20241.074	-1513691.593
189566.844	-1443954.500	-1518574.405
-55071.352	-352636.156	-1523457.218
1482173.375	-1629521.250	-1528340.030
-465153.219	-1380564.250	-1533222.843
25446.518	59730.996	-1538105.655
2282289.500	-94390.016	-1542988.468
1856607.375	540899.125	-1547871.280
1944137.875	-926276.313	-1552754.093
1391031.250	-269395.406	-1557636.905
1063671.750	666037.813	-1562519.718
54969.258	-1017797.750	-1567402.530
1689212.125	-1416496.000	-1572285.343
1168666.500	-1704824.500	-1577168.155
2673226.750	-404938.375	-1582050.968
672404.500	1240014.625	-1586933.780
393072.031	447343.594	-1591816.593
1030574.375	-287956.375	-1596699.405
394933.688	-384763.906	-1601582.218
1196001.500	-528416.000	-1606465.030
1688375.875	272752.031	-1611347.843
389554.625	50670.531	-1616230.655
1919295.375	148631.703	-1621113.468
2319409.250	-1183200.375	-1625996.280
310031.531	-442811.563	-1630879.093
1657847.500	391489.656	-1635761.905
648124.063	-587956.938	-1640644.718
1244164.250	-179310.391	-1645527.530
287081.094	-254038.297	-1650410.343
906816.875	495912.125	-1655293.155
1898523.000	-1182369.125	-1660175.968
2263460.250	-2009887.000	-1665058.780
1977162.375	-59730.961	-1669941.593
664874.125	-39758.629	-1674824.405
1972773.125	-885454.000	-1679707.218
1678458.875	-1304895.250	-1684590.030
961956.063	316472.188	-1689472.843
1116131.000	-1067832.750	-1694355.655
2770891.500	-638911.500	-1699238.468
721853.188	1701574.500	-1704121.280
1215843.000	-234822.438	-1709004.093
2219650.500	-1419860.750	-1713886.905
1533786.625	250267.875	-1718769.718
1702104.500	-1100408.125	-1723652.530
1505785.750	294098.313	-1728535.343
1512497.000	-1292271.125	-1733418.155
1967122.375	-1255281.875	-1738300.968
-329358.813	245271.625	-1743183.780
1883020.250	1281536.000	-1748066.593
770350.125	-1621208.625	-1752949.405
472022.156	-656662.875	-1757832.218
2324739.500	-665068.563	-1762715.030
1888999.500	881702.625	-1767597.843
1239671.125	-653950.375	-1772480.655
1050856.500	393890.063	-1777363.468
1343999.625	-585528.625	-1782246.280
767596.750	14970.383	-1787129.093
1992902.125	-695671.063	-1792011.905
1774443.125	-234354.328	-1796894.718
1840848.500	-1010788.375	-1801777.530
1470494.750	-1065118.250	-1806660.343
840677.063	-647684.688	-1811543.155
1612463.750	-500798.750	-1816425.968
931532.938	-891140.813	-1821308.780
608107.750	-1137431.125	-1826191.593
637604.313	-888746.875	-1831074.405
985300.063	-1651332.625	-1835957.218
1467124.375	-169840.578	-1840840.030
958470.563	-828018.500	-1845722.843
1939101.250	-908275.688	-1850605.655
1352248.750	-663506.813	-1855488.468
1119719.875	-704793.563	-1860371.280
-255259.938	312707.563	-1865254.093
795403.063	612347.438	-1870136.905
1270026.625	-817033.688	-1875019.718
1520232.500	61827.672	-1879902.530
1071052.375	-766067.688	-1884785.343
447148.156	-37378.242	-1889668.155
931481.875	105719.289	-1894550.968
1759951.375	-309016.688	-1899433.780
1129447.250	298550.156	-1904316.593
1272085.750	-306914.438	-1909199.405
2116306.250	460692.094	-1914082.218
1328652.500	-987369.063	-1918965.030
1385139.625	236163.734	-1923847.843
776815.438	-379940.906	-1928730.655
1010053.250	-146138.094	-1933613.468
1102742.125	254014.391	-1938496.280
1737885.750	-122149.711	-1943379.093
1339276.500	-191382.453	-1948261.905
527853.000	-858784.250	-1953144.718
622497.813	-607456.000	-1958027.530
2565708.750	-848511.625	-1962910.343
1109061.500	537762.375	-1967793.155
982244.563	-100899.156	-1972675.968
790483.750	-1000125.625	-1977558.780
1804884.500	367527.906	-1982441.593
1106315.750	-697544.375	-1987324.405
1013567.875	-2553.283	-1992207.218
1859486.250	-143333.594	-1997090.030
1471693.250	-813701.438	-2001972.843
1233787.250	65858.430	-2006855.655
410309.125	-757287.750	-2011738.468
542333.375	-822801.875	-2016621.280
1619568.750	-456823.938	-2021504.093
985521.250	436453.813	-2026386.905
1352265.500	-151916.375	-2031269.718
731392.563	376467.813	-2036152.530
1521681.250	-64968.324	-2041035.343
1266255.750	-830803.375	-2045918.155
272655.969	-116665.633	-2050800.968
2002001.375	-807282.125	-2055683.780
1320641.500	-276163.594	-2060566.593
745227.063	467681.000	-2065449.405
1006413.313	409531.906	-2070332.218
2037481.625	510010.438	-2075215.030
1335960.125	-353648.094	-2080097.843
1294307.375	-492425.656	-2084980.655
2234503.750	-500942.250	-2089863.468
1507542.125	-1013709.250	-2094746.280
1093493.625	-965722.875	-2099629.093
1288736.250	-258919.766	-2104511.905
1693976.625	-114794.859	-2109394.718
881114.250	-47981.945	-2114277.530
1566944.000	-145851.188	-2119160.343
662557.375	-1417253.125	-2124043.155
572817.500	-596858.000	-2128925.968
1337535.125	-826072.250	-2133808.780
1450212.875	-1140049.000	-2138691.593
1102653.375	-297089.063	-2143574.405
1194626.625	-215543.344	-2148457.218
1086852.500	-161547.328	-2153340.030
625656.813	-98259.219	-2158222.843
1164286.750	-265633.125	-2163105.655
640766.500	-98756.781	-2167988.468
1481915.000	-353812.875	-2172871.280
847917.500	151683.063	-2177754.093
794894.125	-396691.656	-2182636.905
522428.938	99199.414	-2187519.718
258390.328	24466.758	-2192402.530
1172019.375	-28336.766	-2197285.343
5127.165	-706739.313	-2202168.155
1091315.500	-214991.141	-2207050.968
1254014.125	172171.797	-2211933.780
532382.063	4740.402	-2216816.593
645753.750	244949.516	-2221699.405
844719.750	-214728.375	-2226582.218
873979.438	-422538.031	-2231465.030
619024.250	-132506.469	-2236347.843
637496.875	135910.203	-2241230.655
990790.813	313703.125	-2246113.468
1227587.625	-184577.578	-2250996.280
1389502.625	377214.313	-2255879.093
1264593.375	559099.563	-2260761.905
679027.438	23119.486	-2265644.718
85841.703	-804704.313	-2270527.530
1093991.750	38171.184	-2275410.343
1335390.500	-399898.375	-2280293.155
1055897.250	-105870.258	-2285175.968
1831770.750	-532686.438	-2290058.780
1325899.875	675310.750	-2294941.593
981831.125	858863.063	-2299824.405
1435408.750	-493922.219	-2304707.218
2202097.500	-217066.266	-2309590.030
747309.375	494906.969	-2314472.843
1011297.625	148774.031	-2319355.655
523365.594	-410835.031	-2324238.468
805507.125	433085.125	-2329121.280
1335514.250	217250.984	-2334004.093
1093329.375	373819.563	-2338886.905
905232.875	124047.922	-2343769.718
1205911.500	530699.875	-2348652.530
966898.000	111446.594	-2353535.343
869245.063	-438846.000	-2358418.155
938466.625	-12495.189	-2363300.968
1002083.000	-187514.875	-2368183.780
891063.438	179745.531	-2373066.593
885361.563	213104.891	-2377949.405
687286.063	-332294.469	-2382832.218
1125983.125	419819.031	-2387715.030
1075129.500	-448417.281	-2392597.843
1255204.875	-40862.637	-2397480.655
927759.063	752414.063	-2402363.468
851813.688	200907.125	-2407246.280
750722.625	176199.906	-2412129.093
1078463.875	234998.078	-2417011.905
644497.000	-52414.086	-2421894.718
1480082.500	429755.469	-2426777.530
1080305.250	614128.688	-2431660.343
1605438.000	60836.586	-2436543.155
943340.625	45226.105	-2441425.968
1268116.750	-247187.188	-2446308.780
1352304.250	59862.801	-2451191.593
1271197.625	175656.219	-2456074.405
1175998.875	121221.492	-2460957.218
663497.500	-18413.467	-2465840.030
647556.000	-175883.484	-2470722.843
1050777.250	78680.000	-2475605.655
1516027.000	-13204.305	-2480488.468
925445.438	235805.359	-2485371.280
1301640.125	-28451.389	-2490254.093
1164594.125	383111.313	-2495136.905
