Data Point Listing of File C:\NTNMR\data\Dan\LiFe.5Mn.5PO4\Li7 [100] 150deg.tnt
Starting Point:	1	Ending Point:	1024
Real	Imag	ppm
2316.781	-6975.375	8573.054
46125.781	-22467.492	8556.309
44329.438	-58618.926	8539.564
31682.000	6961.807	8522.820
67009.875	-62686.078	8506.075
6192.813	-31984.295	8489.331
35058.938	7099.945	8472.586
24595.156	-23356.006	8455.842
-8270.344	4085.715	8439.097
45579.219	-102874.875	8422.352
56482.688	-30536.809	8405.608
16774.094	-35061.016	8388.863
26006.125	-21464.453	8372.119
39392.500	-20743.461	8355.374
-8214.375	-29831.844	8338.629
6175.469	-55711.383	8321.885
74207.750	-55652.391	8305.140
-20096.688	-69907.938	8288.396
6756.625	15091.656	8271.651
-7584.844	-4020.438	8254.907
-30655.000	-52595.297	8238.162
3047.125	-18586.625	8221.417
26079.063	-88617.594	8204.673
-2573.313	18490.250	8187.928
44948.250	-12331.063	8171.184
-36913.344	-27610.156	8154.439
26061.563	-81004.063	8137.695
36008.438	-27322.281	8120.950
59576.656	-15754.281	8104.205
21978.828	-54235.750	8087.461
65100.641	31428.219	8070.716
90264.672	-3242.938	8053.972
34114.188	2447.344	8037.227
125256.094	-87555.969	8020.483
45586.672	-44869.063	8003.738
75458.281	6280.625	7986.993
18763.789	13982.219	7970.249
72335.688	-40049.938	7953.504
50651.891	108.688	7936.760
-5930.750	-121156.938	7920.015
-34714.859	-45982.375	7903.271
-25336.641	-68986.719	7886.526
-27281.527	-53105.875	7869.781
-30069.539	-34436.438	7853.037
15694.414	-40146.031	7836.292
-19523.545	-9828.594	7819.548
93028.570	-52221.000	7802.803
46293.098	-44634.531	7786.059
44888.879	-12930.281	7769.314
51602.484	-3926.469	7752.569
-33922.195	-47590.125	7735.825
22840.246	-18593.844	7719.080
23512.125	10633.031	7702.336
44497.648	-58098.250	7685.591
9394.891	-51298.844	7668.846
-9585.133	-57215.188	7652.102
40426.148	9946.750	7635.357
47345.418	-109408.703	7618.613
35781.098	-59851.625	7601.868
23791.000	-38843.531	7585.124
76666.422	7844.750	7568.379
20642.258	-60564.578	7551.634
44877.781	-19463.563	7534.890
11733.063	-56455.609	7518.145
57477.832	-38849.234	7501.401
-20162.391	-19550.938	7484.656
9898.797	-36119.391	7467.912
-7632.852	-42867.906	7451.167
58189.617	6833.906	7434.422
45837.688	-98688.641	7417.678
58157.445	-46509.641	7400.933
-39192.234	6555.016	7384.189
23971.063	-8750.156	7367.444
62146.609	-31399.375	7350.700
-41714.164	-290.672	7333.955
21565.219	-75315.859	7317.210
82615.344	9788.281	7300.466
10943.766	42269.594	7283.721
31479.109	-52971.438	7266.977
55219.438	-22621.156	7250.232
34324.141	-18686.672	7233.488
55809.203	43915.063	7216.743
29920.156	9166.109	7199.998
16733.570	19837.656	7183.254
59714.391	-9129.688	7166.509
52481.750	13870.953	7149.765
35996.828	-20290.281	7133.020
8091.555	-33184.875	7116.275
43931.992	-34736.711	7099.531
22392.453	-17934.180	7082.786
-19753.070	-52848.195	7066.042
-19489.039	-15679.914	7049.297
106957.859	-69196.414	7032.553
64464.055	28616.836	7015.808
25507.750	40178.063	6999.063
104988.234	-10007.898	6982.319
18620.891	-85665.688	6965.574
24007.133	-83299.305	6948.830
57994.219	-48408.852	6932.085
26817.285	-50628.563	6915.341
8407.883	11311.453	6898.596
16587.875	-64068.066	6881.851
74505.172	-464.641	6865.107
22143.727	46901.770	6848.362
103826.805	-78267.422	6831.618
51570.035	-29014.570	6814.873
-39426.848	-31592.754	6798.129
48626.039	-2119.535	6781.384
22436.797	-45110.797	6764.639
27074.141	-53073.914	6747.895
62287.840	-54095.711	6731.150
21273.047	805.852	6714.406
60229.266	11007.695	6697.661
71478.906	-17296.688	6680.917
10855.924	-52115.523	6664.172
-3992.387	-79156.594	6647.427
12213.695	-83453.219	6630.683
20601.914	13126.996	6613.938
42582.930	-50221.969	6597.194
35612.543	-32529.594	6580.449
93557.844	-55688.848	6563.704
70892.734	-46261.215	6546.960
35422.469	-33132.297	6530.215
60515.777	-21952.297	6513.471
74283.000	38326.941	6496.726
19917.484	-53746.418	6479.982
105906.750	18783.867	6463.237
30082.297	-27926.508	6446.492
49958.563	45388.258	6429.748
57084.070	-17198.645	6413.003
57985.617	-56551.395	6396.259
10422.414	14670.527	6379.514
81405.445	-23812.340	6362.770
30393.775	7804.891	6346.025
80202.875	-84806.070	6329.280
-16530.229	32594.664	6312.536
51573.871	-27223.445	6295.791
92759.133	17018.727	6279.047
100667.500	-55459.059	6262.302
19856.363	-47840.898	6245.558
20787.750	-37727.207	6228.813
-59292.098	12454.547	6212.068
29409.770	-35020.250	6195.324
99692.859	6827.371	6178.579
56941.836	-55989.992	6161.835
96395.234	-17470.910	6145.090
52845.164	-6735.750	6128.346
103661.563	-55216.383	6111.601
-27534.592	-88695.641	6094.856
-2594.836	-27664.305	6078.112
32489.207	-96769.969	6061.367
37157.004	10328.645	6044.623
75848.898	999.822	6027.878
18600.176	-26722.453	6011.134
6350.988	-31084.576	5994.389
23591.691	5687.129	5977.644
15758.543	-20148.184	5960.900
39803.109	-20220.605	5944.155
77714.203	-40067.914	5927.411
84604.711	-39157.914	5910.666
39657.188	22524.645	5893.921
23265.305	-48237.617	5877.177
-6817.926	-115616.227	5860.432
47358.867	-10397.150	5843.688
76099.625	-2278.086	5826.943
18797.598	-46124.316	5810.199
17135.547	-42766.172	5793.454
-33030.383	-93862.148	5776.709
50978.262	-35534.727	5759.965
51915.570	64600.004	5743.220
28284.781	21907.219	5726.476
108179.438	-53376.840	5709.731
58985.172	7377.646	5692.987
43378.895	-7090.422	5676.242
73225.375	-45611.180	5659.497
73418.281	-37558.672	5642.753
90154.359	-7731.301	5626.008
101172.094	-25002.748	5609.264
42081.289	10882.129	5592.519
-356.615	-73358.555	5575.775
88014.867	-74283.266	5559.030
82721.727	23965.102	5542.285
61883.492	-45614.684	5525.541
52028.941	-6613.188	5508.796
39118.934	-133633.281	5492.052
48975.070	-52583.664	5475.307
31807.143	-23946.885	5458.563
60514.098	22806.363	5441.818
31468.340	11644.816	5425.073
16653.010	-21753.510	5408.329
-19002.848	63620.859	5391.584
81765.266	-17062.848	5374.840
-27487.240	1632.271	5358.095
134315.188	34792.258	5341.350
77869.203	-82707.570	5324.606
70629.711	64799.102	5307.861
64868.227	-26931.402	5291.117
96695.734	-52802.664	5274.372
35170.020	-78560.625	5257.628
27719.414	-29281.703	5240.883
39887.461	-9821.898	5224.138
19670.609	-58910.961	5207.394
26248.297	-25919.266	5190.649
66728.625	9901.440	5173.905
-3033.476	-34289.477	5157.160
-31236.490	-117289.078	5140.416
92547.969	-69591.828	5123.671
4272.359	-49614.156	5106.926
26345.727	-20463.332	5090.182
50505.594	18146.570	5073.437
31379.887	-16118.535	5056.693
7016.105	-44674.168	5039.948
59704.402	-44253.590	5023.204
46458.910	38018.344	5006.459
71200.852	17920.996	4989.714
53762.707	-86520.047	4972.970
14666.584	49290.922	4956.225
-20179.504	-8815.703	4939.481
33342.555	-33218.965	4922.736
33309.477	37759.133	4905.992
112674.656	-40323.375	4889.247
71152.516	-12048.602	4872.502
77564.391	33700.121	4855.758
41550.207	-8893.037	4839.013
94409.875	-20820.066	4822.269
123171.094	-15693.533	4805.524
49596.887	11263.559	4788.780
30323.762	-73299.375	4772.035
37432.914	-32409.746	4755.290
83644.422	-36627.766	4738.546
33406.277	19150.426	4721.801
-18505.221	-33728.641	4705.057
53719.992	-25825.883	4688.312
39683.016	6391.365	4671.567
97773.797	-32797.203	4654.823
27417.168	-32642.268	4638.078
51083.859	-26147.492	4621.334
88962.242	21554.195	4604.589
84528.016	-48172.008	4587.845
45007.055	8053.582	4571.100
93795.922	46261.996	4554.355
-16134.645	45332.609	4537.611
25300.912	27242.910	4520.866
49488.977	-33379.797	4504.122
110185.563	8006.896	4487.377
58570.273	28973.242	4470.633
44933.723	30517.535	4453.888
74400.375	-60276.723	4437.143
91178.953	-87984.969	4420.399
85167.047	34262.984	4403.654
148861.250	-7374.084	4386.910
-22058.609	28185.266	4370.165
-48971.688	-6468.883	4353.421
6948.717	-71370.211	4336.676
64115.902	12504.727	4319.931
121265.766	-74744.055	4303.187
6298.750	-80566.469	4286.442
104931.375	-28974.461	4269.698
56315.887	-25767.879	4252.953
-16446.070	-51149.551	4236.209
77393.641	24765.779	4219.464
84229.672	-48345.086	4202.719
62633.242	-36851.961	4185.975
52869.320	-41288.730	4169.230
80575.672	-43403.430	4152.486
41238.102	-12108.902	4135.741
50276.598	27426.479	4118.996
128819.219	5665.209	4102.252
-5398.904	-109422.242	4085.507
52800.367	-1507.910	4068.763
129148.594	-15438.246	4052.018
77912.914	-28091.941	4035.274
102859.859	37304.156	4018.529
91602.266	-20952.535	4001.784
32521.514	8469.016	3985.040
88842.391	14803.199	3968.295
-13802.204	40039.184	3951.551
93045.922	-61703.133	3934.806
71566.844	-28876.000	3918.062
52151.348	65557.086	3901.317
33187.309	-13865.035	3884.572
4894.403	15588.672	3867.828
14761.510	17843.547	3851.083
1717.106	-48733.797	3834.339
86272.203	-19482.809	3817.594
51686.535	-52730.805	3800.850
88703.766	-4528.883	3784.105
30635.498	49235.480	3767.360
66997.047	50923.625	3750.616
74033.094	13857.961	3733.871
74341.617	-8063.406	3717.127
-21184.715	39821.711	3700.382
27444.541	41972.168	3683.638
44087.820	-22296.498	3666.893
19268.400	-40491.371	3650.148
65988.063	61823.516	3633.404
80526.578	1140.166	3616.659
95734.250	2752.496	3599.915
51163.254	45489.910	3583.170
74434.391	-10348.359	3566.426
36531.410	2999.836	3549.681
63448.230	8169.863	3532.936
106134.453	-14127.786	3516.192
134164.078	-4388.168	3499.447
90748.563	89014.891	3482.703
61478.238	76867.484	3465.958
48162.438	-51874.785	3449.213
160078.000	-72900.219	3432.469
64448.738	-7411.256	3415.724
30783.850	-100594.125	3398.980
131419.375	50210.527	3382.235
50623.523	-50132.328	3365.491
68064.438	-32682.791	3348.746
76201.734	-57630.035	3332.001
43685.977	-43068.023	3315.257
68897.961	-13462.592	3298.512
111847.602	-35281.207	3281.768
175573.484	9335.156	3265.023
60977.961	11119.668	3248.279
34644.348	13124.645	3231.534
84969.938	9812.829	3214.789
71227.711	49573.074	3198.045
68103.516	-87482.133	3181.300
-10342.187	-3697.906	3164.556
144512.703	-5447.711	3147.811
32887.891	14433.344	3131.067
148064.531	50055.465	3114.322
59451.398	21876.984	3097.577
90850.969	37065.895	3080.833
28109.721	86207.508	3064.088
131892.609	13949.266	3047.344
61988.555	-29481.955	3030.599
73758.484	-22449.162	3013.855
124271.938	-13964.501	2997.110
132087.094	44347.641	2980.365
99376.313	-28045.373	2963.621
39626.969	5616.426	2946.876
44593.676	-26477.961	2930.132
42730.309	6935.078	2913.387
47380.934	-47057.430	2896.642
107988.797	-23885.914	2879.898
115103.031	33749.660	2863.153
46097.133	29421.250	2846.409
97593.906	4460.641	2829.664
93453.828	22927.293	2812.920
101871.203	-12596.428	2796.175
73119.297	37375.855	2779.430
46142.793	16491.574	2762.686
34459.086	40615.469	2745.941
107677.484	9432.938	2729.197
41435.039	47517.602	2712.452
50769.773	-7384.676	2695.708
131513.094	47848.512	2678.963
64148.422	54187.176	2662.218
64411.070	30922.617	2645.474
72069.688	-61358.375	2628.729
88088.023	-22007.369	2611.985
115324.359	-12880.699	2595.240
28580.754	20698.914	2578.496
129103.750	62024.902	2561.751
112687.813	78941.664	2545.006
106213.641	-38475.680	2528.262
126505.813	69859.430	2511.517
136986.297	-29650.164	2494.773
94774.844	14070.988	2478.028
68481.094	-41371.316	2461.284
94762.188	407.170	2444.539
71188.422	-145.121	2427.794
54551.984	1336.502	2411.050
92185.445	2180.162	2394.305
65580.000	-87321.945	2377.561
59963.797	23033.371	2360.816
157735.438	3875.793	2344.072
94840.102	7540.270	2327.327
90885.680	-5930.391	2310.582
64344.473	33472.246	2293.838
138848.188	5875.232	2277.093
98919.984	42366.668	2260.349
120487.375	-26073.531	2243.604
91656.328	11181.188	2226.859
97679.297	36478.273	2210.115
192087.641	9680.979	2193.370
70913.023	-23502.770	2176.626
53527.457	-11285.103	2159.881
74709.094	10794.049	2143.137
94937.141	89962.703	2126.392
94729.328	53779.840	2109.647
147008.500	-20053.488	2092.903
144707.547	12298.949	2076.158
125164.250	-29566.355	2059.414
145050.813	4578.178	2042.669
57560.563	30886.018	2025.925
136650.625	76278.516	2009.180
130105.906	8794.383	1992.435
109636.867	52490.863	1975.691
127258.453	11072.510	1958.946
116177.219	15995.438	1942.202
100998.203	43858.555	1925.457
112743.031	12763.852	1908.713
137868.969	42817.418	1891.968
102350.930	91617.992	1875.223
93716.656	-1251.629	1858.479
97149.547	-33497.945	1841.734
108370.500	20130.676	1824.990
154328.969	94188.703	1808.245
128144.844	24270.400	1791.501
25841.572	-22675.422	1774.756
118380.531	29910.902	1758.011
151909.078	12215.906	1741.267
93605.281	22215.959	1724.522
120841.266	-18516.691	1707.778
167152.469	23840.848	1691.033
100377.797	19588.348	1674.288
94065.813	18506.619	1657.544
71564.359	12552.459	1640.799
70108.555	20053.199	1624.055
149202.969	20370.633	1607.310
95767.031	72667.297	1590.566
84412.578	49985.680	1573.821
55385.492	-41056.430	1557.076
92969.977	44519.676	1540.332
101664.859	6073.850	1523.587
82107.445	14654.188	1506.843
170838.484	22334.766	1490.098
101828.469	10268.469	1473.354
93674.813	-8386.646	1456.609
132674.328	46710.531	1439.864
93831.555	64083.266	1423.120
206185.063	25306.344	1406.375
185530.422	92465.734	1389.631
145464.594	65851.250	1372.886
97464.609	14536.400	1356.142
125776.055	-2291.303	1339.397
110966.656	16594.484	1322.652
156704.969	40806.313	1305.908
186737.906	43135.656	1289.163
75652.477	-8018.602	1272.419
127830.656	124076.188	1255.674
146321.781	123289.180	1238.930
114521.016	17131.727	1222.185
197019.938	29549.438	1205.440
229410.406	62811.082	1188.696
95984.297	-3537.899	1171.951
177287.016	57888.461	1155.207
73871.000	38170.340	1138.462
195096.234	82260.648	1121.718
149731.500	119352.203	1104.973
109304.688	59429.020	1088.228
118053.734	18715.746	1071.484
161872.031	140876.906	1054.739
183806.875	15901.031	1037.995
152101.469	51614.469	1021.250
122861.188	13128.055	1004.505
191400.781	65193.488	987.761
146417.453	110279.477	971.016
177392.563	45239.938	954.272
199826.188	90813.969	937.527
159334.531	126276.516	920.783
214693.172	86157.586	904.038
146260.969	82360.766	887.293
108082.484	121151.539	870.549
230863.281	157797.891	853.804
181896.188	128028.102	837.060
269404.563	82181.109	820.315
164244.688	50922.336	803.571
216447.531	41620.680	786.826
194158.281	66728.078	770.081
110666.438	34779.113	753.337
175613.688	106853.188	736.592
298422.844	116648.523	719.848
175786.563	60589.141	703.103
192315.938	94032.844	686.359
246047.078	60476.691	669.614
214640.922	135664.063	652.869
223861.656	60719.238	636.125
256895.141	136056.375	619.380
190702.250	163696.031	602.636
203281.031	109109.922	585.891
228108.531	81889.867	569.147
233730.656	145506.266	552.402
200937.875	151074.813	535.657
231380.875	96475.523	518.913
337044.688	118219.594	502.168
255415.844	112873.141	485.424
300209.813	94410.578	468.679
285965.469	95746.391	451.934
235547.188	127056.625	435.190
290858.344	101111.922	418.445
313911.938	101596.289	401.701
279137.813	189520.750	384.956
279229.438	198334.000	368.212
297236.438	112786.281	351.467
392556.563	150410.938	334.722
351553.500	108120.438	317.978
377423.469	197447.078	301.233
398715.031	173395.906	284.489
446737.625	142613.938	267.744
405186.625	135512.703	251.000
435171.469	201506.063	234.255
470006.719	168744.781	217.510
421742.313	140853.031	200.766
415523.500	152767.531	184.021
445418.938	152670.266	167.277
426446.563	74059.594	150.532
472940.656	47612.707	133.788
455629.750	188905.328	117.043
510369.219	83074.375	100.298
563628.750	99263.664	83.554
545657.313	73860.352	66.809
578179.875	110578.219	50.065
602960.438	166607.156	33.320
636782.375	104374.516	16.576
757459.875	-59807.313	-0.169
597920.875	123655.758	-16.914
646411.563	58605.816	-33.658
692248.875	65365.797	-50.403
709406.375	-18845.346	-67.147
713465.938	-31415.283	-83.892
705376.750	-70151.242	-100.636
827956.250	-65312.391	-117.381
814857.875	47.492	-134.126
792633.250	-181471.625	-150.870
787264.938	-99400.203	-167.615
850956.375	-172311.172	-184.359
836084.688	-156505.531	-201.104
825388.500	-225813.313	-217.849
739929.750	-272765.156	-234.593
852157.000	-264832.656	-251.338
827029.375	-403491.625	-268.082
807031.688	-438330.656	-284.827
792787.500	-396664.344	-301.571
786686.250	-490233.594	-318.316
863056.750	-497462.500	-335.061
798705.688	-563130.000	-351.805
793161.250	-630434.875	-368.550
787079.063	-665193.125	-385.294
639615.750	-727042.063	-402.039
685429.875	-761744.125	-418.783
571605.188	-754747.063	-435.528
604388.813	-782518.750	-452.273
585875.000	-748097.625	-469.017
486256.750	-809807.438	-485.762
540236.125	-792439.750	-502.506
440713.063	-848021.813	-519.251
450165.344	-765903.000	-535.995
386858.375	-765892.500	-552.740
418670.000	-842604.500	-569.485
367039.719	-848222.938	-586.229
205192.000	-720203.125	-602.974
250507.813	-762907.438	-619.718
256568.984	-793876.813	-636.463
225301.328	-747225.688	-653.207
197110.172	-823400.125	-669.952
181367.734	-824960.250	-686.697
120203.547	-772283.125	-703.441
104783.289	-769003.500	-720.186
81787.164	-827547.625	-736.930
1240.875	-743864.875	-753.675
34473.070	-754216.250	-770.420
81712.031	-710569.625	-787.164
65836.477	-727794.125	-803.909
5884.100	-714744.625	-820.653
-14231.699	-686430.375	-837.398
-2240.003	-741085.375	-854.142
-88406.477	-680493.250	-870.887
-36874.156	-726938.875	-887.632
-145213.641	-616082.875	-904.376
-125350.117	-684704.125	-921.121
-96584.633	-569110.125	-937.865
-134291.250	-613190.813	-954.610
-119516.016	-664397.813	-971.354
-116731.172	-620918.000	-988.099
-96943.156	-554750.500	-1004.844
-156718.219	-582374.250	-1021.588
-153683.203	-638874.063	-1038.333
-193844.859	-526974.625	-1055.077
-169551.438	-499522.875	-1071.822
-230991.391	-494453.656	-1088.566
-137211.938	-522223.563	-1105.311
-185822.938	-453430.813	-1122.056
-162475.500	-535054.500	-1138.800
-218862.969	-444745.000	-1155.545
-234333.156	-411356.500	-1172.289
-243955.922	-465383.563	-1189.034
-176446.766	-449225.469	-1205.778
-243050.703	-329792.438	-1222.523
-294139.844	-370120.125	-1239.268
-241368.438	-422705.625	-1256.012
-220292.531	-434949.031	-1272.757
-236804.141	-263321.531	-1289.501
-230029.516	-360860.375	-1306.246
-176017.891	-411932.969	-1322.990
-198755.375	-288713.688	-1339.735
-242709.641	-288467.500	-1356.480
-219226.500	-298105.688	-1373.224
-179719.125	-316423.750	-1389.969
-205120.828	-278114.063	-1406.713
-168477.078	-226104.359	-1423.458
-182189.984	-337772.125	-1440.203
-214802.719	-270991.438	-1456.947
-213199.313	-202595.375	-1473.692
-202540.531	-237492.688	-1490.436
-154678.688	-262787.469	-1507.181
-205988.438	-255943.375	-1523.925
-172137.734	-241541.781	-1540.670
-231761.344	-232060.344	-1557.415
-309506.750	-278184.094	-1574.159
-224592.766	-244141.531	-1590.904
-208658.578	-155787.203	-1607.648
-192746.188	-259065.813	-1624.393
-227247.313	-249351.531	-1641.137
-129541.438	-248941.813	-1657.882
-149860.781	-196205.344	-1674.627
-140912.500	-133994.453	-1691.371
-143713.188	-184709.672	-1708.116
-141633.000	-167533.453	-1724.860
-139462.719	-125175.422	-1741.605
-113969.125	-200021.563	-1758.349
-144698.406	-99965.344	-1775.094
-117661.195	-99537.297	-1791.839
-141745.766	-221903.734	-1808.583
-140488.578	-197443.875	-1825.328
-129657.391	-158174.688	-1842.072
-128600.781	-178327.000	-1858.817
-107536.859	-174740.813	-1875.561
-152394.594	-211587.969	-1892.306
-62645.945	-85021.758	-1909.051
-81721.891	-193490.375	-1925.795
-151251.781	-171281.609	-1942.540
-102453.289	-135935.344	-1959.284
-140301.563	-105228.609	-1976.029
-129157.031	-187395.344	-1992.774
-112561.313	-128244.234	-2009.518
-85721.203	-158770.031	-2026.263
-95231.430	-84399.023	-2043.007
-72379.094	-177840.953	-2059.752
-165411.344	-62878.184	-2076.496
-169349.109	-167969.813	-2093.241
-127586.703	-141524.781	-2109.986
-101038.594	-140729.844	-2126.730
-152438.688	-140428.125	-2143.475
-94397.883	-125471.469	-2160.219
-96002.586	-147767.578	-2176.964
-133772.781	-75038.938	-2193.708
-117563.305	-89792.172	-2210.453
-64252.414	-134593.266	-2227.198
-112215.234	-139676.328	-2243.942
-38712.086	-158082.094	-2260.687
-79965.078	-166042.063	-2277.431
-87761.492	-147559.813	-2294.176
-35567.910	-95785.531	-2310.920
-89570.016	-105475.008	-2327.665
-127931.344	-123965.609	-2344.410
-122476.109	-135535.891	-2361.154
-74240.828	-197507.250	-2377.899
-58994.074	-127297.328	-2394.643
-127787.492	-148570.000	-2411.388
-159986.141	-145091.047	-2428.132
-54856.195	-137814.250	-2444.877
-71276.391	-63425.406	-2461.622
-60743.063	-51796.746	-2478.366
-103150.719	-25685.004	-2495.111
-49458.238	-143256.125	-2511.855
-70402.203	-89009.297	-2528.600
-10555.123	-43289.688	-2545.344
-72935.234	-155860.656	-2562.089
-115368.641	-74848.313	-2578.834
-118264.109	-78396.172	-2595.578
-26621.473	-143902.922	-2612.323
-80448.008	-72441.984	-2629.067
-58342.500	-131927.156	-2645.812
-36790.711	-54946.938	-2662.557
12604.367	-72099.828	-2679.301
-103768.375	-77420.422	-2696.046
-85918.391	-87377.195	-2712.790
-12995.105	-69933.633	-2729.535
-38065.547	-138802.156	-2746.279
-96568.250	-170664.688	-2763.024
-30413.977	-59282.406	-2779.769
-77389.125	18254.188	-2796.513
-73188.500	-105474.727	-2813.258
-83259.883	-127093.109	-2830.002
-51144.219	-89484.281	-2846.747
-58535.234	-45517.426	-2863.491
-94816.594	-27736.275	-2880.236
-46167.371	-138104.141	-2896.981
-63487.109	-105215.102	-2913.725
-49744.910	-129944.484	-2930.470
-18102.219	-138306.141	-2947.214
-89008.547	-79160.461	-2963.959
13019.118	-98664.891	-2980.703
-52664.586	-129811.586	-2997.448
-56315.758	-90200.906	-3014.193
-15851.906	-86308.703	-3030.937
-20233.961	-154080.266	-3047.682
-16705.004	-80793.438	-3064.426
18696.934	-95701.891	-3081.171
-44143.445	-13422.029	-3097.915
-6250.033	-80363.336	-3114.660
-82702.125	-29859.922	-3131.405
-101066.750	-130618.406	-3148.149
-73170.883	-64066.477	-3164.894
-34741.445	-34317.164	-3181.638
-31060.207	-129043.969	-3198.383
-44877.008	-43411.109	-3215.128
-28150.680	-110301.789	-3231.872
9925.918	-152829.313	-3248.617
-64846.820	-135593.594	-3265.361
-45908.375	-62237.332	-3282.106
-50151.262	-130132.180	-3298.850
-17557.754	-39021.672	-3315.595
-58228.125	-155595.328	-3332.340
-18015.600	-115362.773	-3349.084
-61277.188	-117678.852	-3365.829
-90275.875	1809.560	-3382.573
-54282.898	-33591.707	-3399.318
-26308.297	-85516.836	-3416.062
-28023.580	-78661.516	-3432.807
-32986.078	-97538.656	-3449.552
4120.547	-83379.063	-3466.296
-99162.023	-141765.094	-3483.041
-52423.539	-94691.914	-3499.785
-56780.918	-65485.324	-3516.530
-28196.012	-55131.629	-3533.274
-82793.078	-81133.813	-3550.019
6890.730	-85068.086	-3566.764
41968.254	-107037.750	-3583.508
-34603.551	-38736.602	-3600.253
-49652.430	-83348.313	-3616.997
-19191.652	-80114.664	-3633.742
-19071.922	-58043.098	-3650.486
-69003.258	-40880.141	-3667.231
-45505.000	-91422.297	-3683.976
-19235.176	-72752.891	-3700.720
8373.711	-57499.137	-3717.465
-10234.527	-66839.234	-3734.209
-38451.418	-73126.578	-3750.954
23501.340	-30715.717	-3767.698
-50366.340	-41712.852	-3784.443
6710.958	-74546.250	-3801.188
-19579.945	-13627.995	-3817.932
-81241.813	-84643.305	-3834.677
-9806.754	-72842.969	-3851.421
-69036.063	-76631.461	-3868.166
-15640.070	-112011.180	-3884.911
-39383.641	-37321.852	-3901.655
-75914.016	-51145.117	-3918.400
-36013.230	-67687.656	-3935.144
21022.844	-64507.297	-3951.889
37295.828	-35925.777	-3968.633
-45895.332	-124413.555	-3985.378
2060.963	-71853.297	-4002.123
-20714.938	-36022.285	-4018.867
54107.004	-41626.711	-4035.612
-14084.428	-66174.906	-4052.356
57552.195	-48601.156	-4069.101
-473.750	-71508.563	-4085.845
-1772.631	-130291.492	-4102.590
-4855.504	-76818.359	-4119.335
-33433.691	-40230.871	-4136.079
26213.875	-112297.156	-4152.824
6465.750	-83688.063	-4169.568
-23856.836	-71982.148	-4186.313
-2322.079	-64194.055	-4203.057
-11291.908	-130277.461	-4219.802
-10779.311	-83971.477	-4236.547
-6983.293	-116450.133	-4253.291
-31535.703	-61927.664	-4270.036
-56631.313	-12909.844	-4286.780
2426.504	-137145.344	-4303.525
-20013.418	7966.684	-4320.269
-63362.711	-73300.281	-4337.014
-36036.270	-73034.969	-4353.759
-15851.082	-133991.625	-4370.503
-35371.055	-79742.008	-4387.248
20226.617	-88805.625	-4403.992
1843.453	-90296.273	-4420.737
-47940.602	-67067.688	-4437.482
-17639.504	-91309.180	-4454.226
23377.848	-33000.234	-4470.971
-10780.783	-91689.148	-4487.715
-5758.555	-113040.281	-4504.460
-42798.500	-46224.605	-4521.204
-4216.258	-46162.020	-4537.949
-16643.480	-38057.984	-4554.694
12908.449	-121157.875	-4571.438
30356.955	-87768.625	-4588.183
-57058.297	-62229.043	-4604.927
9706.923	-81779.500	-4621.672
13366.645	-67756.211	-4638.416
-76048.344	-54044.625	-4655.161
-18207.973	-68213.367	-4671.906
15419.224	-125770.406	-4688.650
-7123.497	-95950.109	-4705.395
-26319.666	-76703.297	-4722.139
-18106.480	-46449.891	-4738.884
-13415.984	-82931.031	-4755.628
-26411.598	-67197.633	-4772.373
-375.750	-69969.711	-4789.118
28551.783	3913.113	-4805.862
-17711.770	-90854.031	-4822.607
-12891.066	8020.665	-4839.351
18403.461	-50263.469	-4856.096
-13336.472	-94142.711	-4872.840
-33037.234	-30950.230	-4889.585
-34168.461	-75217.406	-4906.330
-35871.820	-113451.500	-4923.074
-18209.797	-112646.641	-4939.819
-32206.305	-62137.820	-4956.563
-35920.125	-74261.813	-4973.308
17866.941	21407.246	-4990.053
-11420.053	-84448.703	-5006.797
-38995.152	-71076.711	-5023.542
-8003.590	-44400.926	-5040.286
5558.926	-25436.184	-5057.031
17862.918	-83855.297	-5073.775
-20192.992	-40708.793	-5090.520
-58908.277	-80201.484	-5107.265
-3598.764	36954.848	-5124.009
24773.133	-17033.156	-5140.754
-10867.941	-42584.742	-5157.498
-13307.377	-58195.406	-5174.243
6992.746	-57716.277	-5190.987
-25684.922	-77269.734	-5207.732
-36816.426	-32570.240	-5224.477
-36352.836	-90391.875	-5241.221
88882.430	-82061.289	-5257.966
29053.443	-58081.375	-5274.710
-10205.664	-28928.902	-5291.455
22891.109	-105829.781	-5308.199
-4987.080	-106266.328	-5324.944
-45464.535	-85317.031	-5341.689
12679.289	3474.265	-5358.433
-16369.742	-36335.230	-5375.178
20844.734	6127.992	-5391.922
915.038	-90439.875	-5408.667
43075.535	-83911.602	-5425.411
-35247.742	-70101.188	-5442.156
2577.516	-63379.449	-5458.901
75502.914	-80259.547	-5475.645
21840.176	-34986.738	-5492.390
-1827.182	-63155.367	-5509.134
-8228.266	-95505.953	-5525.879
-7460.078	-74563.953	-5542.623
-6930.660	-37722.430	-5559.368
8893.004	-35539.086	-5576.113
25434.102	-45377.875	-5592.857
-15354.012	-88369.484	-5609.602
-5149.490	-97202.391	-5626.346
9607.059	-124993.008	-5643.091
3533.324	-49187.703	-5659.836
-12872.090	-45887.875	-5676.580
-73225.484	-47072.891	-5693.325
15655.285	-42221.754	-5710.069
34069.078	-65063.281	-5726.814
25538.715	-65369.422	-5743.558
-53724.512	-66232.391	-5760.303
10322.438	-55450.133	-5777.048
33608.438	-71373.391	-5793.792
30013.271	-68939.734	-5810.537
-27945.080	-37896.047	-5827.281
9559.594	-77760.563	-5844.026
39183.906	-79284.883	-5860.770
20163.797	-96162.141	-5877.515
-35870.762	-24083.152	-5894.260
-34699.172	-43225.457	-5911.004
-52623.828	-59626.680	-5927.749
20236.883	-99312.297	-5944.493
-22761.904	-8256.178	-5961.238
865.246	-75096.906	-5977.982
33091.828	-68964.266	-5994.727
-42802.031	-52178.098	-6011.472
56488.656	-60898.039	-6028.216
-1289.605	6816.197	-6044.961
8038.594	-14838.625	-6061.705
22807.262	-67399.219	-6078.450
43777.734	-46297.270	-6095.194
16598.125	-31828.561	-6111.939
11974.520	-36068.375	-6128.684
-25449.141	-95798.547	-6145.428
8576.879	-1274.932	-6162.173
-11283.680	-59666.445	-6178.917
-41835.773	-110764.930	-6195.662
-20806.795	-60497.496	-6212.407
-7928.227	7409.566	-6229.151
-68030.914	-60574.637	-6245.896
40287.961	-72964.969	-6262.640
-28097.887	-100659.906	-6279.385
8708.941	-61331.734	-6296.129
4063.504	-105062.266	-6312.874
-1890.879	-80926.523	-6329.619
17135.410	-80544.430	-6346.363
32207.361	-28705.230	-6363.108
-22914.734	9946.396	-6379.852
30176.609	-24066.648	-6396.597
-2878.352	-43946.563	-6413.341
-29263.844	-51493.172	-6430.086
29261.738	-27560.578	-6446.831
-7128.172	-84337.297	-6463.575
193.141	-50508.848	-6480.320
-4156.031	-78388.641	-6497.064
-62228.641	-51655.238	-6513.809
25352.223	-21892.264	-6530.553
-4385.123	-95221.734	-6547.298
13991.563	-38697.246	-6564.043
80448.203	-46133.840	-6580.787
-2629.609	-24118.434	-6597.532
23056.262	-30192.697	-6614.276
-11122.223	-83498.188	-6631.021
34870.379	-37109.242	-6647.765
-19669.480	-89105.250	-6664.510
-3229.336	15252.167	-6681.255
6446.695	-22722.648	-6697.999
9609.355	-65312.746	-6714.744
63636.359	-31243.611	-6731.488
18981.426	-2672.402	-6748.233
-2084.844	-31453.152	-6764.977
-41613.691	-65817.469	-6781.722
17793.021	-48861.367	-6798.467
6304.414	-36280.223	-6815.211
39037.434	-45043.227	-6831.956
-8804.324	-80489.102	-6848.700
26827.270	-53100.168	-6865.445
-1703.023	-42609.059	-6882.190
39994.172	-89344.516	-6898.934
-17012.922	-37598.430	-6915.679
29212.342	-72840.203	-6932.423
-12953.646	-69000.063	-6949.168
37342.148	-57155.695	-6965.912
-21413.492	-11309.004	-6982.657
-13451.598	-81967.695	-6999.402
10395.477	-20327.104	-7016.146
24653.883	-34316.043	-7032.891
-11835.785	-13619.857	-7049.635
68093.680	-43953.480	-7066.380
-23649.141	-108050.461	-7083.124
45575.379	-55951.203	-7099.869
25003.250	-35527.785	-7116.614
50443.082	-42693.336	-7133.358
-74560.039	-57156.836	-7150.103
58119.758	-22360.371	-7166.847
-34894.609	-76899.875	-7183.592
-12131.070	-68009.078	-7200.336
34717.168	-40607.273	-7217.081
19703.570	-55786.000	-7233.826
25336.871	-71083.492	-7250.570
10061.500	-38150.305	-7267.315
36761.859	-16228.326	-7284.059
11117.025	-70468.711	-7300.804
-15476.762	7032.184	-7317.548
6559.969	-100049.039	-7334.293
-33521.422	-38002.004	-7351.038
-43525.164	-48624.078	-7367.782
27510.031	-63356.387	-7384.527
-11236.000	-9306.633	-7401.271
51191.859	-33805.938	-7418.016
49926.621	20240.090	-7434.761
-61719.016	-44786.289	-7451.505
28435.770	-20422.457	-7468.250
-17051.160	-47337.957	-7484.994
31750.645	-64674.910	-7501.739
12676.164	-60784.617	-7518.483
-74798.422	-64061.352	-7535.228
-19720.219	-52474.141	-7551.973
39672.316	-14921.160	-7568.717
-30472.688	-46324.902	-7585.462
29286.906	-42886.148	-7602.206
13032.031	-28113.180	-7618.951
11981.414	-47013.703	-7635.695
-4452.742	-2832.699	-7652.440
-13974.563	8736.836	-7669.185
36996.031	-54337.875	-7685.929
10742.773	-50161.570	-7702.674
5037.242	20036.797	-7719.418
45551.820	-21463.492	-7736.163
44990.945	-18883.930	-7752.907
26077.352	-55763.570	-7769.652
12061.727	-17809.496	-7786.397
-14077.609	-23031.574	-7803.141
99109.469	-79773.781	-7819.886
-19838.992	-51766.770	-7836.630
77386.531	-34789.023	-7853.375
1071.922	-68122.500	-7870.119
7852.102	-113609.797	-7886.864
100830.953	-59558.910	-7903.609
12046.703	-27693.121	-7920.353
4300.367	-59504.113	-7937.098
-1615.609	318.164	-7953.842
11400.742	-15611.148	-7970.587
22565.594	-14567.199	-7987.331
-773.805	-49565.930	-8004.076
25337.094	-48965.535	-8020.821
10820.523	7961.609	-8037.565
38965.508	-93646.742	-8054.310
17941.953	-19433.031	-8071.054
29287.813	-29210.215	-8087.799
14084.000	30469.445	-8104.544
18446.406	-15842.898	-8121.288
11736.430	-9758.645	-8138.033
74091.070	-52080.035	-8154.777
-2626.141	8879.008	-8171.522
40221.203	-82589.469	-8188.266
14717.922	-4560.219	-8205.011
28893.984	34247.457	-8221.756
-8046.125	-250.086	-8238.500
27284.031	-77524.672	-8255.245
27961.125	-15290.172	-8271.989
3613.344	-52611.102	-8288.734
13851.953	-94623.516	-8305.478
58166.609	-72871.906	-8322.223
32878.031	-26647.711	-8338.968
33227.469	-13430.117	-8355.712
-728.203	-87972.430	-8372.457
38717.484	-68998.602	-8389.201
59288.328	-44655.668	-8405.946
62616.766	-24298.188	-8422.690
16179.656	-50101.316	-8439.435
36507.000	-38399.906	-8456.180
-21344.906	-36291.734	-8472.924
-7074.906	-109171.742	-8489.669
1917.313	-80756.758	-8506.413
54034.609	-41436.496	-8523.158
-48322.438	-26914.070	-8539.902
715.500	-105209.563	-8556.647
