Data Point Listing of File C:\NTNMR\data\Dan\LiFe.25Mn.75PO4_redux\[010]\Li7 [010] 60deg.tnt
Starting Point:	1	Ending Point:	512
Real	Imag	ppm
10413.506	-32116.523	8573.054
44543.781	53575.070	8539.564
-42270.102	-84878.180	8506.075
-59921.789	12964.316	8472.586
12083.549	22893.244	8439.097
-40512.816	-1611.541	8405.608
2850.922	-51830.309	8372.119
11205.167	323.634	8338.629
-17921.797	-26115.795	8305.140
-15646.107	-18365.949	8271.651
14213.553	4029.492	8238.162
-27801.361	17454.975	8204.673
3347.001	47457.293	8171.184
-3207.635	14247.538	8137.695
3237.532	25397.420	8104.205
-9180.854	11224.171	8070.716
-10669.181	54423.180	8037.227
-9172.810	55755.723	8003.738
-28750.166	19273.344	7970.249
-25420.576	-6460.127	7936.760
-4443.017	24118.264	7903.271
-7872.131	-18732.672	7869.781
27277.262	-69220.539	7836.292
-8643.673	9384.942	7802.803
-20104.371	-11800.860	7769.314
-16269.466	-17104.957	7735.825
-3579.728	1235.266	7702.336
20593.248	44168.508	7668.846
-20209.289	37005.570	7635.357
-14365.404	7318.555	7601.868
8929.609	-24431.645	7568.379
-25773.070	39014.527	7534.890
-1954.708	34265.156	7501.401
45444.781	-38450.168	7467.912
22090.061	31751.303	7434.422
-19028.686	6081.560	7400.933
-28666.992	4128.354	7367.444
4807.111	-23884.211	7333.955
-1174.814	-1809.928	7300.466
25171.875	1256.352	7266.977
-9359.685	31417.947	7233.488
21299.791	28297.971	7199.998
-14963.374	29404.902	7166.509
11717.742	-2858.700	7133.020
-11318.642	58258.039	7099.531
8346.776	12166.037	7066.042
-69106.727	-14661.903	7032.553
-4549.007	11636.149	6999.063
9170.992	37976.539	6965.574
39437.816	11672.786	6932.085
3534.357	38844.559	6898.596
-41482.164	45569.848	6865.107
8410.755	-10655.878	6831.618
-27230.195	36361.086	6798.129
-15125.997	4879.015	6764.639
5251.726	61946.176	6731.150
1270.366	30335.963	6697.661
-1582.062	38577.977	6664.172
-2740.088	9512.817	6630.683
47543.203	31168.936	6597.194
458.368	76081.484	6563.704
-74269.594	86972.938	6530.215
-51599.758	23798.342	6496.726
40877.582	49936.809	6463.237
-15275.418	-15798.003	6429.748
-33440.695	54824.992	6396.259
-17248.488	29339.914	6362.770
-22499.381	19939.416	6329.280
-5332.168	63010.484	6295.791
-33793.156	74265.656	6262.302
-7937.975	19160.461	6228.813
6986.173	32949.176	6195.324
28211.990	-13915.176	6161.835
5774.841	38425.719	6128.346
40233.469	-19759.834	6094.856
-77841.617	70054.148	6061.367
38616.254	45511.215	6027.878
-16347.771	17416.670	5994.389
25714.006	15086.366	5960.900
-19079.904	79860.695	5927.411
42106.777	16640.609	5893.921
-47172.734	27626.904	5860.432
13702.229	49995.199	5826.943
-40535.633	76882.031	5793.454
-39507.637	61387.508	5759.965
-23467.570	-1201.501	5726.476
-7199.390	5792.265	5692.987
-11657.219	59922.625	5659.497
-2972.702	75672.453	5626.008
-44800.773	80945.641	5592.519
-10777.847	79486.656	5559.030
-27346.873	118061.000	5525.541
-41631.168	36551.102	5492.052
-47995.207	54302.906	5458.563
-55279.000	84635.313	5425.073
-5299.260	29389.777	5391.584
-18032.582	84870.133	5358.095
-28248.457	37404.488	5324.606
-30496.703	44338.910	5291.117
-109704.242	103997.055	5257.628
30509.045	89483.180	5224.138
-43421.047	26281.445	5190.649
-25294.451	94377.141	5157.160
-38679.129	79459.398	5123.671
-19363.574	124390.586	5090.182
-56479.426	49541.680	5056.693
63351.121	6764.946	5023.204
-62999.242	81283.234	4989.714
79103.578	96698.109	4956.225
12427.117	32876.121	4922.736
22024.404	103294.695	4889.247
-17891.508	19103.191	4855.758
-10078.108	98962.797	4822.269
-27718.326	32248.637	4788.780
-63336.395	101434.852	4755.290
-28016.857	33217.656	4721.801
-15738.070	76608.508	4688.312
-34757.523	109016.477	4654.823
11858.491	32102.266	4621.334
58586.641	45176.125	4587.845
-20813.082	97152.047	4554.355
-88014.781	87958.969	4520.866
-30809.496	104118.414	4487.377
37360.363	121438.656	4453.888
-38047.934	30089.117	4420.399
20117.762	83944.000	4386.910
17418.877	72052.000	4353.421
-1680.771	112250.039	4319.931
-29588.070	110799.766	4286.442
-3405.726	78910.102	4252.953
-39544.418	66191.914	4219.464
-33798.324	112897.695	4185.975
-25752.119	126333.156	4152.486
-4991.824	92772.984	4118.996
-43280.711	91531.328	4085.507
-2459.644	89192.219	4052.018
-42111.258	53649.051	4018.529
-30793.125	60257.164	3985.040
-69590.258	117225.398	3951.551
-28862.203	118209.656	3918.062
-40407.570	159226.453	3884.572
-82986.547	86907.773	3851.083
16646.938	102071.938	3817.594
-30087.225	109537.258	3784.105
-5552.030	99687.039	3750.616
39480.539	94004.781	3717.127
31427.258	128163.398	3683.638
-28879.533	185602.203	3650.148
-28483.078	113991.117	3616.659
8362.318	138308.688	3583.170
-8905.559	110430.953	3549.681
-16240.314	99944.727	3516.192
-27539.510	121349.859	3482.703
30511.547	103665.766	3449.213
36433.605	154174.203	3415.724
-42682.164	110014.156	3382.235
-9887.085	148920.438	3348.746
40546.984	69739.227	3315.257
-29611.688	122935.484	3281.768
-26824.203	114735.664	3248.279
2511.802	113610.594	3214.789
-52399.125	68365.820	3181.300
15649.775	153696.406	3147.811
17625.619	145737.016	3114.322
3034.337	81262.578	3080.833
-7656.249	99826.094	3047.344
67107.938	130687.461	3013.855
-16192.444	120240.773	2980.365
-66012.969	144884.844	2946.876
-17007.654	195638.891	2913.387
6706.953	147787.406	2879.898
-3918.706	140562.156	2846.409
5333.052	178629.641	2812.920
-2566.571	131134.625	2779.430
24684.166	126552.477	2745.941
-42154.734	150155.719	2712.452
-11803.805	154484.672	2678.963
7933.462	148706.906	2645.474
-21494.277	184108.344	2611.985
80602.180	190145.688	2578.496
16526.188	125794.813	2545.006
-59378.926	83782.031	2511.517
26077.818	185247.031	2478.028
-26370.719	184370.047	2444.539
27436.906	74620.563	2411.050
69427.109	121724.531	2377.561
-62709.707	175765.281	2344.072
-39407.496	153985.625	2310.582
-1743.060	192162.625	2277.093
-33753.105	204579.422	2243.604
10594.586	118624.539	2210.115
-28409.273	176690.297	2176.626
61771.047	243120.625	2143.137
-75474.930	160705.156	2109.647
-9468.706	100090.695	2076.158
19476.721	195911.313	2042.669
-30568.248	229494.594	2009.180
-6357.406	183013.219	1975.691
-61925.793	200073.828	1942.202
13925.341	170274.219	1908.713
-25245.639	217174.391	1875.223
-24056.156	184564.375	1841.734
-23106.420	191092.063	1808.245
-32395.395	193572.969	1774.756
-48987.098	174623.547	1741.267
-46017.488	208928.500	1707.778
-3001.536	169784.813	1674.288
43918.547	233367.547	1640.799
-48845.688	183857.422	1607.310
71116.633	290449.594	1573.821
32583.783	234909.891	1540.332
-24973.197	185455.234	1506.843
-55756.934	204022.688	1473.354
-7862.502	315284.625	1439.864
-5667.029	291963.000	1406.375
-42889.242	302335.969	1372.886
-17618.961	283606.500	1339.397
769.465	263188.906	1305.908
11556.970	239946.391	1272.419
9575.510	329845.594	1238.930
-18562.404	350685.750	1205.440
-8294.665	361416.188	1171.951
-88613.227	240542.609	1138.462
14693.836	302943.688	1104.973
-15444.712	283153.750	1071.484
-307.913	364182.844	1037.995
19380.086	299752.656	1004.505
-46831.891	286294.375	971.016
23274.768	412182.156	937.527
-9313.074	388616.281	904.038
3348.291	255525.250	870.549
-8495.281	393296.313	837.060
3194.055	361350.813	803.571
9591.530	337657.594	770.081
28369.416	354842.844	736.592
-4760.045	424420.469	703.103
-34322.094	407744.094	669.614
10690.419	421910.531	636.125
-89985.961	377571.375	602.636
-85785.953	437313.531	569.147
31602.789	412275.594	535.657
-46503.883	480605.438	502.168
-16755.359	496699.094	468.679
11221.494	549511.500	435.190
-27255.330	448592.156	401.701
-3530.952	608175.375	368.212
62604.504	486209.656	334.722
3401.269	555276.688	301.233
99691.164	548019.875	267.744
45463.613	589036.750	234.255
48034.973	603507.125	200.766
22739.070	640357.000	167.277
4974.866	694041.813	133.788
33516.418	675579.000	100.298
65285.090	742564.188	66.809
146778.000	690671.125	33.320
94490.922	837642.813	-0.169
102682.805	787094.313	-33.658
139653.516	854618.375	-67.147
60021.184	837736.625	-100.636
190989.344	911407.750	-134.126
137391.891	991986.313	-167.615
222232.594	1040857.875	-201.104
278733.625	1072935.750	-234.593
274194.969	1088431.750	-268.082
318494.344	1124956.625	-301.571
394421.906	1235560.000	-335.061
411081.156	1255347.000	-368.550
517906.906	1291590.750	-402.039
619301.063	1433518.125	-435.528
755811.938	1424731.000	-469.017
852878.438	1537868.125	-502.506
992667.063	1545947.875	-535.995
1168877.875	1599445.625	-569.485
1418964.250	1699305.500	-602.974
1598096.625	1671392.000	-636.463
1889902.250	1570627.625	-669.952
2124018.250	1498591.750	-703.441
2364015.250	1313470.375	-736.930
2551926.500	1031270.500	-770.420
2833146.750	764962.625	-803.909
3044278.750	479965.281	-837.398
3069314.000	111992.500	-870.887
3163530.000	-262036.969	-904.376
3030966.500	-634292.375	-937.865
2824605.000	-1007294.250	-971.354
2678309.250	-1369389.625	-1004.844
2282249.750	-1658772.750	-1038.333
2081621.250	-1770065.750	-1071.822
1789008.000	-1845822.375	-1105.311
1407425.625	-1912969.125	-1138.800
1133698.500	-1836633.125	-1172.289
969464.750	-1808304.625	-1205.778
734340.000	-1713176.125	-1239.268
601934.063	-1654225.000	-1272.757
471382.313	-1559309.500	-1306.246
415987.469	-1454204.500	-1339.735
306112.656	-1294973.625	-1373.224
233137.406	-1242213.125	-1406.713
197899.031	-1155183.375	-1440.203
124352.594	-1118498.875	-1473.692
125696.273	-1019721.063	-1507.181
25684.902	-939418.063	-1540.670
35047.184	-924357.750	-1574.159
62455.754	-853939.813	-1607.648
-38277.828	-863215.438	-1641.137
66208.984	-800924.250	-1674.627
28772.479	-745362.813	-1708.116
-45538.316	-727308.250	-1741.605
-14691.237	-650647.563	-1775.094
1814.665	-662186.813	-1808.583
25343.381	-640931.000	-1842.072
40452.074	-600692.125	-1875.561
-8142.631	-582811.625	-1909.051
-10401.602	-612320.938	-1942.540
-11780.073	-610638.563	-1976.029
-68303.188	-526184.125	-2009.518
-58058.422	-506015.250	-2043.007
-15089.368	-564676.250	-2076.496
10055.730	-471825.531	-2109.986
-30307.934	-437403.000	-2143.475
-40767.078	-455268.250	-2176.964
-32432.744	-443124.375	-2210.453
-6912.132	-437128.188	-2243.942
-39096.500	-477067.688	-2277.431
6640.365	-387962.875	-2310.920
12049.271	-352997.594	-2344.410
-28563.090	-373127.500	-2377.899
-16075.999	-401945.031	-2411.388
-109852.055	-317761.594	-2444.877
-36086.398	-391056.875	-2478.366
-35715.652	-391274.875	-2511.855
-14608.897	-368606.906	-2545.344
-9239.307	-382048.719	-2578.834
-45732.277	-329900.188	-2612.323
16057.478	-298006.469	-2645.812
-53396.477	-389156.313	-2679.301
-53518.973	-230949.047	-2712.790
-78594.961	-289359.125	-2746.279
19886.889	-309532.750	-2779.769
-56484.816	-258632.516	-2813.258
95139.352	-181902.891	-2846.747
-28013.172	-311568.906	-2880.236
-47971.719	-255217.719	-2913.725
-92972.539	-228468.453	-2947.214
-39301.852	-256910.688	-2980.703
-11872.419	-275587.250	-3014.193
-51061.438	-253287.875	-3047.682
-83458.141	-243025.922	-3081.171
-53643.191	-245351.422	-3114.660
-58306.410	-242936.891	-3148.149
42934.102	-279492.000	-3181.638
-14123.799	-232385.781	-3215.128
-47020.633	-251602.781	-3248.617
-13420.044	-242760.672	-3282.106
45193.016	-254627.375	-3315.595
45137.809	-203761.078	-3349.084
-78205.000	-243781.906	-3382.573
2334.183	-230028.797	-3416.062
-33152.004	-274158.125	-3449.552
227.612	-166778.234	-3483.041
10451.796	-117299.758	-3516.530
-31383.086	-168712.500	-3550.019
-39742.332	-215378.672	-3583.508
-74907.063	-190555.063	-3616.997
-14959.678	-215768.188	-3650.486
22374.543	-201414.672	-3683.976
-1722.071	-194486.453	-3717.465
-74157.492	-132541.203	-3750.954
-9054.471	-167873.531	-3784.443
-5184.827	-93286.688	-3817.932
-40172.652	-169146.531	-3851.421
-71471.711	-221499.734	-3884.911
-9512.267	-209833.625	-3918.400
-17289.234	-130322.359	-3951.889
-26062.387	-146224.516	-3985.378
-36541.387	-98932.633	-4018.867
23312.016	-156482.094	-4052.356
-26851.525	-136501.984	-4085.845
-27969.172	-195486.922	-4119.335
-63800.320	-156295.656	-4152.824
25572.146	-140029.016	-4186.313
-29338.453	-110698.125	-4219.802
-36575.973	-70854.172	-4253.291
-3715.520	-168010.484	-4286.780
-31436.311	-151191.078	-4320.269
10833.397	-95777.656	-4353.759
-37105.590	-111271.922	-4387.248
25953.766	-127472.172	-4420.737
-34293.535	-86830.555	-4454.226
-43866.262	-107137.039	-4487.715
-21180.527	-115325.156	-4521.204
-23350.146	-150737.906	-4554.694
-23497.273	-148190.484	-4588.183
-42379.172	-128208.797	-4621.672
-32879.574	-79491.984	-4655.161
-5704.298	-112572.914	-4688.650
-14001.700	-88645.492	-4722.139
-24220.580	-21831.756	-4755.628
26578.693	-86842.227	-4789.118
5695.042	-122536.133	-4822.607
25666.092	-46366.117	-4856.096
-16581.197	-103655.695	-4889.585
-3063.750	-98452.883	-4923.074
-7908.790	-147929.063	-4956.563
11164.523	-65845.492	-4990.053
-8261.845	-97721.109	-5023.542
-2320.266	-86424.180	-5057.031
-52934.102	-94126.477	-5090.520
9635.677	-103006.453	-5124.009
29080.719	-113649.273	-5157.498
12916.504	-103575.797	-5190.987
1796.370	-101831.531	-5224.477
-35605.016	-45575.836	-5257.966
39560.590	-54905.895	-5291.455
-5020.793	-138869.125	-5324.944
-19713.234	-112333.555	-5358.433
-14996.813	-94222.063	-5391.922
-39659.984	-78866.656	-5425.411
-49119.934	-106225.836	-5458.901
-11649.681	-110499.586	-5492.390
-9461.259	-99528.227	-5525.879
-13487.570	-53943.574	-5559.368
-24079.496	-16195.407	-5592.857
-15185.626	-26497.938	-5626.346
-28877.475	-57895.969	-5659.836
1027.480	-107233.766	-5693.325
-72867.781	-68138.164	-5726.814
5963.725	-69978.047	-5760.303
-61507.691	-127864.336	-5793.792
3328.779	-82214.805	-5827.281
-77348.258	-110460.945	-5860.770
1156.768	-38542.070	-5894.260
-26590.771	-19829.848	-5927.749
-8803.022	-53952.148	-5961.238
-69180.375	-54212.902	-5994.727
-5741.231	-84596.516	-6028.216
-59713.309	-96718.797	-6061.705
-20335.803	-9561.398	-6095.194
13940.266	-74743.969	-6128.684
-31440.355	-22256.104	-6162.173
-24642.367	-90392.320	-6195.662
30669.928	-36188.223	-6229.151
41249.992	-48560.492	-6262.640
48187.891	-70866.852	-6296.129
26772.281	-44425.539	-6329.619
-30886.617	-79544.492	-6363.108
-2102.119	-26317.646	-6396.597
-34234.121	-73298.773	-6430.086
-51782.355	-52387.832	-6463.575
-24029.629	-45711.703	-6497.064
5608.331	-54331.887	-6530.553
-21109.922	-70537.250	-6564.043
-75249.141	-66109.555	-6597.532
-42449.695	-7016.952	-6631.021
-21007.318	-60149.207	-6664.510
-9860.620	-35974.586	-6697.999
2833.921	-57964.879	-6731.488
47840.887	-37239.590	-6764.977
-20393.670	-58958.719	-6798.467
14935.285	-60738.051	-6831.956
-354.860	-24048.082	-6865.445
-6538.582	-65198.082	-6898.934
-13658.944	-14037.273	-6932.423
-18036.992	4949.106	-6965.912
22303.100	-14344.678	-6999.402
14782.426	-90096.805	-7032.891
-46253.945	-11760.854	-7066.380
-28791.686	-38594.289	-7099.869
-38082.434	-34414.355	-7133.358
-19328.605	-28592.260	-7166.847
-13647.620	-25935.826	-7200.336
-23439.586	-42640.980	-7233.826
-4378.836	-17911.080	-7267.315
-63154.328	9019.710	-7300.804
-6758.324	-60615.977	-7334.293
11273.554	-7569.633	-7367.782
-22668.104	-42389.027	-7401.271
-8123.558	-30860.869	-7434.761
-66049.375	-10749.956	-7468.250
25938.082	-81201.680	-7501.739
4008.253	-32390.838	-7535.228
-21090.199	-88594.047	-7568.717
8546.863	-31028.242	-7602.206
-48052.754	4286.216	-7635.695
-39544.965	3257.773	-7669.185
-15026.467	-22398.734	-7702.674
-116.506	10703.895	-7736.163
21319.266	3216.529	-7769.652
-34173.430	-36733.113	-7803.141
-33077.867	25328.918	-7836.630
-50011.961	-26307.332	-7870.119
-43158.988	-36653.961	-7903.609
-17931.631	14380.452	-7937.098
9301.442	-16184.713	-7970.587
-20458.650	-7417.727	-8004.076
-22756.982	-25283.729	-8037.565
-29182.018	-39577.230	-8071.054
36776.480	-10008.058	-8104.544
-35844.941	-46809.781	-8138.033
7106.198	-43983.609	-8171.522
-14868.384	-22509.439	-8205.011
-9561.166	14090.340	-8238.500
-56572.121	-17414.715	-8271.989
-28438.309	-6622.077	-8305.478
-47530.734	-21356.768	-8338.968
-11947.248	-28427.813	-8372.457
-48733.223	-27578.533	-8405.946
4285.639	-3669.354	-8439.435
-12222.048	-9957.787	-8472.924
-15421.150	-2512.881	-8506.413
-43911.285	-39535.996	-8539.902
