Data Point Listing of File C:\NTNMR\data\Dan\LiFe.25Mn.75PO4_redux\[010]\P31 [010] 75deg.tnt
Starting Point:	1	Ending Point:	1024
Real	Imag	Hz
8036.000	-52545.250	2499980.282
164648.500	-66264.750	2495097.470
105177.500	21792.625	2490214.657
113142.000	25592.000	2485331.845
172168.500	-24710.500	2480449.032
-32595.500	3039.250	2475566.220
62702.000	-133485.750	2470683.407
193124.000	254811.250	2465800.595
138810.000	249282.000	2460917.782
101679.000	-77269.250	2456034.970
-45873.500	74050.000	2451152.157
9432.000	-40753.500	2446269.345
100346.500	-21251.000	2441386.532
5195.000	-142071.500	2436503.720
50091.500	-292.500	2431620.907
25583.750	-128891.250	2426738.095
-13078.500	18590.000	2421855.282
120228.750	-24690.750	2416972.470
-71005.500	23459.500	2412089.657
117322.500	-66522.000	2407206.845
-16633.375	194904.000	2402324.032
80682.625	-17151.500	2397441.220
-75793.750	-139110.250	2392558.407
319249.375	-104330.750	2387675.595
-49577.875	-205719.000	2382792.782
209141.625	76355.000	2377909.970
191182.938	101220.500	2373027.157
82661.750	-79781.500	2368144.345
199259.000	8078.000	2363261.532
155843.188	124140.250	2358378.720
17301.656	55206.000	2353495.907
-73826.000	-73565.750	2348613.095
63225.000	127563.500	2343730.282
-103099.906	85726.750	2338847.470
219067.375	192618.250	2333964.657
-27234.688	-80617.000	2329081.845
167085.563	-26977.500	2324199.032
88902.484	4227.750	2319316.220
121785.938	-7244.250	2314433.407
24316.371	-210301.000	2309550.595
108640.531	9896.750	2304667.782
89146.734	20173.875	2299784.970
50039.188	-212345.125	2294902.157
-79811.703	133290.500	2290019.345
-117752.547	125489.750	2285136.532
117006.656	161017.375	2280253.720
51983.750	167793.375	2275370.907
154359.891	-205579.125	2270488.095
-467429.781	140368.250	2265605.282
109540.281	126103.625	2260722.470
-83526.391	205974.000	2255839.657
25297.219	350657.625	2250956.845
268531.406	146096.375	2246074.032
-24161.984	334007.625	2241191.220
113044.648	78179.125	2236308.407
127123.656	157632.750	2231425.595
77281.789	7043.250	2226542.782
357612.313	193461.500	2221659.970
124449.711	359159.875	2216777.157
78758.961	-116148.438	2211894.345
87940.156	200464.000	2207011.532
-47837.813	343284.000	2202128.720
348633.250	40641.438	2197245.907
-6600.984	279850.688	2192363.095
-48465.617	-82678.375	2187480.282
-78595.555	58099.500	2182597.470
232955.141	49448.625	2177714.657
-31191.973	211837.813	2172831.845
57073.656	90517.625	2167949.032
46525.797	-157932.875	2163066.220
323756.875	-56799.375	2158183.407
-155152.656	3499.125	2153300.595
104543.094	43353.875	2148417.782
70284.875	-137501.375	2143534.970
-29462.930	231636.250	2138652.157
95974.953	142792.375	2133769.345
262139.000	79212.063	2128886.532
-83850.250	135166.000	2124003.720
300516.938	-31427.188	2119120.907
-145808.469	40096.625	2114238.095
-112561.469	-69197.875	2109355.282
-32162.910	74360.688	2104472.470
105090.344	273372.625	2099589.657
-16539.141	-179441.563	2094706.845
-201047.625	104226.375	2089824.032
240379.188	184434.375	2084941.220
117185.266	63808.813	2080058.407
-194301.188	9135.875	2075175.595
94264.992	263727.625	2070292.782
127292.594	-88229.063	2065409.970
174404.531	4452.250	2060527.157
209067.547	121739.563	2055644.345
80350.250	-123084.500	2050761.532
277278.188	115252.313	2045878.720
414662.094	-74549.688	2040995.907
-41469.078	456379.250	2036113.095
-336361.125	-98265.563	2031230.282
-141581.391	37304.875	2026347.470
-357350.313	178992.813	2021464.657
71145.563	62748.688	2016581.845
-28152.469	-227778.250	2011699.032
162350.234	117847.438	2006816.220
-153465.688	-69729.188	2001933.407
-121092.695	-98821.313	1997050.595
73234.438	207980.250	1992167.782
185447.031	224434.500	1987284.970
-222786.406	229430.125	1982402.157
457013.906	-210166.500	1977519.345
143665.922	381147.031	1972636.532
-328417.000	127551.000	1967753.720
-5050.984	322447.563	1962870.907
98232.195	-22335.625	1957988.095
451342.750	144183.875	1953105.282
114360.141	-176677.594	1948222.470
-74443.516	211869.313	1943339.657
188190.547	296734.625	1938456.845
469574.125	-293641.188	1933574.032
218008.719	504893.750	1928691.220
126230.250	39658.563	1923808.407
-186556.328	225588.688	1918925.595
424087.000	-68529.938	1914042.782
246389.625	97469.438	1909159.970
290354.750	141948.000	1904277.157
157395.406	237667.250	1899394.345
294799.656	7022.563	1894511.532
-125956.406	123740.563	1889628.720
-477039.656	-192275.000	1884745.907
5448.344	-133654.125	1879863.095
161302.469	559455.375	1874980.282
27318.938	330599.625	1870097.470
-424171.750	47973.188	1865214.657
230516.016	135990.188	1860331.845
233420.438	107000.688	1855449.032
-126029.563	-71018.188	1850566.220
138143.750	-18555.313	1845683.407
606193.500	476783.125	1840800.595
229300.313	-182739.125	1835917.782
204125.422	430320.125	1831034.970
-133538.328	166496.875	1826152.157
-128042.492	200205.938	1821269.345
203264.266	-150753.344	1816386.532
144810.219	192749.906	1811503.720
162771.250	457103.625	1806620.907
192190.625	93944.938	1801738.095
474928.438	468180.563	1796855.282
-60156.941	272604.781	1791972.470
229834.438	338624.344	1787089.657
450990.188	-217294.938	1782206.845
-400227.563	436169.313	1777324.032
233839.500	97642.844	1772441.220
328547.563	144469.688	1767558.407
10527.336	490118.563	1762675.595
65424.156	687387.563	1757792.782
115666.984	117270.625	1752909.970
-255959.750	-39993.438	1748027.157
-284322.969	68205.531	1743144.345
167357.031	566285.563	1738261.532
96249.766	-270797.813	1733378.720
132675.266	-20246.063	1728495.907
232187.375	-237875.094	1723613.095
-77646.234	331923.125	1718730.282
750296.500	572539.375	1713847.470
31524.250	-52672.781	1708964.657
40925.043	246264.156	1704081.845
240722.000	675850.125	1699199.032
291453.844	539890.125	1694316.220
-78821.156	550905.125	1689433.407
-81426.133	-150001.781	1684550.595
185924.375	173394.500	1679667.782
-125808.398	348441.688	1674784.970
-195483.375	124205.875	1669902.157
441963.375	630351.563	1665019.345
87857.266	15011.281	1660136.532
-359106.813	-16700.625	1655253.720
458413.188	63169.188	1650370.907
305018.688	-55145.219	1645488.095
-57516.496	401029.531	1640605.282
669909.188	316712.875	1635722.470
154787.594	360348.531	1630839.657
-12769.803	256050.656	1625956.845
206263.188	267521.281	1621074.032
226091.406	-337322.719	1616191.220
-560458.625	479812.781	1611308.407
403332.000	148120.594	1606425.595
364437.031	417388.625	1601542.782
-296733.344	393279.281	1596659.970
100140.289	-138510.625	1591777.157
-267521.625	-471106.688	1586894.345
-185950.078	19576.875	1582011.532
147600.906	-25380.703	1577128.720
292701.938	160541.281	1572245.907
32562.219	-21377.719	1567363.095
326956.438	686918.313	1562480.282
403581.344	730706.938	1557597.470
279570.188	-240946.344	1552714.657
451729.406	177698.313	1547831.845
181730.063	554160.438	1542949.032
183300.000	491627.188	1538066.220
301884.688	601059.125	1533183.407
401677.969	997853.125	1528300.595
508829.000	200600.875	1523417.782
-56840.953	201382.625	1518534.970
-481858.125	322226.594	1513652.157
-80699.609	291968.344	1508769.345
-251384.906	734970.000	1503886.532
-264299.688	941652.188	1499003.720
-724494.375	229323.063	1494120.907
137189.406	529595.813	1489238.095
18322.492	466128.813	1484355.282
-273205.125	183272.438	1479472.470
-73930.750	256642.594	1474589.657
127349.508	546382.750	1469706.845
447448.250	273396.531	1464824.032
514522.469	98381.594	1459941.220
47972.578	451788.563	1455058.407
431578.406	-216143.953	1450175.595
-717533.125	461302.688	1445292.782
-95173.609	-681407.125	1440409.970
-318590.188	459901.688	1435527.157
-268553.813	659942.125	1430644.345
-399442.094	552689.563	1425761.532
199321.125	-66613.188	1420878.720
33907.203	139689.688	1415995.907
-276500.875	616096.313	1411113.095
198928.766	414551.125	1406230.282
-287018.844	162960.063	1401347.470
4048.707	1131519.625	1396464.657
-124183.797	1219864.750	1391581.845
265795.656	535030.500	1386699.032
-283611.000	450672.500	1381816.220
67570.047	623759.250	1376933.407
-55445.750	606048.625	1372050.595
253105.125	-40799.773	1367167.782
289477.188	-9225.969	1362284.970
-10571.594	494108.750	1357402.157
80726.602	-308606.656	1352519.345
11883.992	-218560.938	1347636.532
-347647.906	685733.813	1342753.720
492916.156	321155.563	1337870.907
-101585.750	69311.281	1332988.095
103093.914	537765.375	1328105.282
96623.859	702137.125	1323222.470
-433279.031	927410.250	1318339.657
-731711.500	63209.563	1313456.845
-173799.156	991625.375	1308574.032
275036.250	-50330.906	1303691.220
168866.500	1184303.000	1298808.407
342187.156	635108.438	1293925.595
-313740.750	-85304.367	1289042.782
17546.344	330325.000	1284159.970
614740.125	979080.813	1279277.157
414120.094	300224.250	1274394.345
6145.258	812214.500	1269511.532
234911.406	-25473.609	1264628.720
-360295.625	-142627.688	1259745.907
-688030.625	1068755.750	1254863.095
-81480.000	1016163.125	1249980.282
55419.680	880334.000	1245097.470
189315.969	106378.844	1240214.657
680588.063	525365.188	1235331.845
43800.836	-381714.781	1230449.032
65878.594	335362.438	1225566.220
-153995.781	518010.250	1220683.407
324756.375	793519.750	1215800.595
210097.906	1084685.500	1210917.782
18519.723	1301703.250	1206034.970
-255665.531	152749.500	1201152.157
-337625.375	1793157.250	1196269.345
136140.328	1071436.625	1191386.532
-243689.297	584750.750	1186503.720
-139416.406	248916.656	1181620.907
105078.125	703562.125	1176738.095
346113.875	1059601.500	1171855.282
524701.875	256977.844	1166972.470
201927.234	162964.781	1162089.657
-267782.750	501719.406	1157206.845
804918.000	504776.188	1152324.032
362295.375	418606.281	1147441.220
-50361.617	968339.313	1142558.407
-27910.563	662582.250	1137675.595
96792.141	661174.500	1132792.782
263418.375	1112256.125	1127909.970
251107.156	-87386.875	1123027.157
-107281.180	631860.500	1118144.345
438809.719	1663534.875	1113261.532
121543.852	1434528.250	1108378.720
134023.484	662659.500	1103495.907
81673.094	303240.750	1098613.095
277894.375	509727.313	1093730.282
37035.906	1120627.750	1088847.470
-326367.125	1313948.000	1083964.657
-14439.273	1005161.438	1079081.845
829593.625	251826.250	1074199.032
-135050.219	1485617.000	1069316.220
-103329.094	624139.375	1064433.407
327941.906	835644.813	1059550.595
-322364.063	523733.625	1054667.782
-476138.125	364055.469	1049784.970
-689911.125	854739.875	1044902.157
302551.188	1347187.500	1040019.345
231977.172	1051178.250	1035136.532
-300809.875	1635870.250	1030253.720
25059.074	448487.031	1025370.907
-181022.484	-262559.563	1020488.095
318219.938	972517.375	1015605.282
304528.594	1640609.500	1010722.470
-555190.125	553665.250	1005839.657
655169.500	792852.438	1000956.845
489651.938	1510464.125	996074.032
-134652.875	1397301.750	991191.220
-788225.750	2022142.000	986308.407
114300.938	97032.625	981425.595
208056.016	912996.750	976542.782
-901221.250	1732228.250	971659.970
-360229.094	362042.219	966777.157
-81434.516	1114501.750	961894.345
-201056.141	663034.625	957011.532
170986.719	643841.875	952128.720
-299278.063	758424.000	947245.907
-210129.188	550193.563	942363.095
-117642.227	985404.188	937480.282
653759.500	423176.250	932597.470
110321.133	715292.250	927714.657
197829.422	156439.406	922831.845
-157168.109	386524.281	917949.032
-61762.605	1629986.750	913066.220
194446.125	782524.375	908183.407
479793.469	651525.000	903300.595
-245874.563	588893.813	898417.782
220588.844	943254.000	893534.970
199595.188	399294.375	888652.157
-20312.988	807240.313	883769.345
-781149.375	1093047.500	878886.532
-368202.156	1460024.625	874003.720
-523852.125	1222059.750	869120.907
186528.313	1617872.125	864238.095
78501.781	723743.938	859355.282
284235.531	1511551.250	854472.470
810864.125	713756.625	849589.657
-252352.141	698079.375	844706.845
100177.742	603392.438	839824.032
969854.563	1126964.500	834941.220
354888.438	560901.375	830058.407
532877.500	964471.250	825175.595
-12233.430	584661.750	820292.782
427760.500	661289.688	815409.970
304970.188	953013.938	810527.157
-302713.625	298907.969	805644.345
1291544.000	2334324.250	800761.532
-1373792.750	669367.375	795878.720
-288810.500	876896.313	790995.907
-392853.313	472638.219	786113.095
-501369.969	1687393.500	781230.282
323369.250	958380.250	776347.470
5930.809	1090955.750	771464.657
256779.750	644939.313	766581.845
-89020.188	646705.500	761699.032
159439.484	2013378.500	756816.220
22221.074	859447.188	751933.407
60931.637	865514.188	747050.595
-560154.313	1121190.500	742167.782
-387633.813	441983.563	737284.970
137376.188	1069303.250	732402.157
-671162.375	1247275.250	727519.345
-227584.094	790073.750	722636.532
-1036685.125	299342.406	717753.720
-450133.500	69728.125	712870.907
-159037.000	1205739.250	707988.095
338356.688	1489565.625	703105.282
199590.281	765112.250	698222.470
502735.719	1440911.000	693339.657
-781468.250	1243029.250	688456.845
-101810.883	1582992.125	683574.032
198260.609	1234898.125	678691.220
246985.047	1569463.375	673808.407
853006.375	1083223.125	668925.595
-40480.430	925846.125	664042.782
-509392.188	1168637.000	659159.970
-467512.219	981521.063	654277.157
-481487.094	941349.750	649394.345
544636.250	1424317.000	644511.532
170056.625	1558339.500	639628.720
-876970.750	1105782.125	634745.907
-694034.688	841385.000	629863.095
699333.500	1690469.000	624980.282
165445.094	471729.375	620097.470
498129.625	1508097.375	615214.657
113902.344	1315435.125	610331.845
850977.000	2046268.875	605449.032
350233.875	909390.063	600566.220
499268.906	486348.156	595683.407
-36383.695	2085783.000	590800.595
865156.875	1707285.375	585917.782
219175.016	1997564.500	581034.970
31329.441	1125287.250	576152.157
47946.070	1896047.750	571269.345
247978.500	1208757.750	566386.532
293494.625	1886541.000	561503.720
195087.906	576666.938	556620.907
-578393.688	430467.688	551738.095
1035510.500	144105.672	546855.282
-67587.633	537270.125	541972.470
-580076.875	1824360.500	537089.657
462657.938	1615384.000	532206.845
-403446.313	2023914.500	527324.032
457280.313	1038797.125	522441.220
-48060.055	1532381.500	517558.407
973611.000	1433739.875	512675.595
767841.938	1995645.500	507792.782
696093.875	1215649.250	502909.970
611429.188	973201.125	498027.157
146318.047	1629137.000	493144.345
147450.875	2004214.875	488261.532
-643669.563	1406007.000	483378.720
-242822.063	1517425.750	478495.907
-84127.602	1255750.000	473613.095
-1332635.375	1680930.250	468730.282
650654.000	1529442.125	463847.470
454142.188	1342087.500	458964.657
24120.086	1241339.625	454081.845
587211.000	1530568.750	449199.032
-500347.344	1487017.500	444316.220
83154.844	1741300.500	439433.407
195231.281	2787030.500	434550.595
-420039.094	1396087.125	429667.782
194528.922	2423661.500	424784.970
604871.500	1935603.875	419902.157
97333.203	1557057.000	415019.345
-1419413.500	1807900.375	410136.532
-570011.750	1568089.750	405253.720
407163.969	1427065.125	400370.907
-179345.844	1708976.250	395488.095
739633.000	1944042.875	390605.282
-507563.656	1925549.250	385722.470
-194148.031	1675173.500	380839.657
964132.000	3184750.500	375956.845
575993.375	2016374.250	371074.032
-45100.480	1976817.625	366191.220
-379299.656	2276917.000	361308.407
371671.813	2789003.000	356425.595
111977.859	2343395.000	351542.782
-866900.000	1773591.500	346659.970
177565.125	2062808.250	341777.157
-251677.234	2072647.875	336894.345
-999032.438	2960268.500	332011.532
108732.844	1683505.750	327128.720
98809.180	2248118.250	322245.907
162904.875	2779970.500	317363.095
-325008.125	2933222.750	312480.282
-288573.875	3573418.000	307597.470
80800.313	2839557.000	302714.657
311507.375	2974100.000	297831.845
662063.625	2948889.000	292949.032
401796.031	2743950.500	288066.220
464645.813	1948868.750	283183.407
-217359.563	2477890.500	278300.595
-176687.422	3832847.500	273417.782
-105720.828	4131381.500	268534.970
-408535.281	3120313.750	263652.157
-280633.000	3473866.000	258769.345
732896.750	3154979.500	253886.532
532436.125	3773724.250	249003.720
68986.086	3695730.000	244120.907
-517358.125	4371793.000	239238.095
131790.734	3762669.500	234355.282
-230923.469	3925606.500	229472.470
-319227.969	5251085.500	224589.657
-337738.063	3723503.250	219706.845
1093088.125	5075118.000	214824.032
32373.184	5289962.000	209941.220
85571.906	4416753.000	205058.407
210618.938	4698316.000	200175.595
-139247.922	5433217.000	195292.782
1298123.875	5988576.000	190409.970
468884.125	5296173.000	185527.157
-140617.125	7081196.000	180644.345
1415548.250	6856583.000	175761.532
2158973.000	6823045.000	170878.720
2674415.000	7106679.000	165995.907
1604282.000	6801515.500	161113.095
1914722.500	7738383.000	156230.282
2826329.500	7389089.000	151347.470
1620098.250	6668101.000	146464.657
2619657.000	7334098.000	141581.845
3901990.000	7979264.000	136699.032
3198354.500	8529436.000	131816.220
3797118.000	8131299.000	126933.407
4383667.000	8131496.000	122050.595
4500409.000	8784276.000	117167.782
6047716.000	8833338.000	112284.970
6373791.000	8921492.000	107402.157
8031501.000	8123938.000	102519.345
7385614.000	8000717.000	97636.532
8248547.000	7477879.000	92753.720
8766898.000	6991975.000	87870.907
8063912.500	7211121.000	82988.095
9155271.000	6221750.500	78105.282
9516641.000	6655442.500	73222.470
10283335.000	6452318.000	68339.657
9341762.000	5541780.000	63456.845
10578381.000	4692219.500	58574.032
10932226.000	5089399.500	53691.220
10629403.000	5297109.000	48808.407
11464921.000	4469061.000	43925.595
11645152.000	4003303.000	39042.782
12499395.000	3150612.000	34159.970
12411432.000	3441794.500	29277.157
13567046.000	2615844.000	24394.345
13600433.000	1827619.750	19511.532
14822620.000	266753.531	14628.720
14229514.000	293434.063	9745.907
14321542.000	-1571050.500	4863.095
13176534.000	-2402343.500	-19.718
13151218.000	-3179936.500	-4902.530
13380440.000	-3215315.000	-9785.343
12586471.000	-3832266.000	-14668.155
11542490.000	-4961277.000	-19550.968
11691732.000	-5746590.000	-24433.780
10202889.000	-4844348.000	-29316.593
10676579.000	-5929495.000	-34199.405
9891846.000	-6626128.500	-39082.218
8732952.000	-7249757.000	-43965.030
9324170.000	-6288688.000	-48847.843
8428221.000	-6648590.500	-53730.655
8847308.000	-6848011.500	-58613.468
7483015.500	-7150262.500	-63496.280
7003379.500	-7897698.500	-68379.093
7719945.000	-8093923.000	-73261.905
6136626.000	-8237599.000	-78144.718
5394869.000	-8313208.000	-83027.530
5639827.500	-8007246.500	-87910.343
4321532.500	-8572505.000	-92793.155
4146772.500	-8355143.000	-97675.968
3825976.500	-8315084.500	-102558.780
4110219.750	-7449304.000	-107441.593
3418362.000	-7721577.000	-112324.405
3252251.500	-7538133.500	-117207.218
2703705.500	-6886087.000	-122090.030
2115647.000	-6523056.000	-126972.843
2688973.000	-7323973.000	-131855.655
2655658.500	-6440273.500	-136738.468
1378441.500	-6984937.000	-141621.280
754280.500	-7149796.000	-146504.093
1198561.750	-6631540.000	-151386.905
1911400.250	-5901158.000	-156269.718
758292.250	-6107497.000	-161152.530
869475.625	-4749878.000	-166035.343
1215988.750	-5725048.000	-170918.155
165770.688	-4424199.500	-175800.968
246956.797	-4260869.000	-180683.780
81597.578	-4642185.000	-185566.593
77140.063	-4183775.500	-190449.405
621814.125	-4722613.000	-195332.218
354247.500	-3869961.500	-200215.030
-648674.500	-3887674.500	-205097.843
426855.938	-3886361.500	-209980.655
44999.484	-3883642.500	-214863.468
481980.469	-3318344.500	-219746.280
675897.750	-3312590.000	-224629.093
-533572.875	-3192956.000	-229511.905
122127.469	-3443383.250	-234394.718
95092.906	-2931299.500	-239277.530
-12318.738	-4225849.500	-244160.343
-348785.969	-2715686.000	-249043.155
-190330.313	-2722879.000	-253925.968
-182467.063	-3654075.500	-258808.780
-93481.117	-2913150.000	-263691.593
422075.719	-3037829.750	-268574.405
211871.250	-2982332.750	-273457.218
79662.984	-3194591.750	-278340.030
-146884.031	-2757833.000	-283222.843
-295573.938	-2079088.500	-288105.655
139963.813	-2552070.500	-292988.468
867526.813	-3000220.250	-297871.280
231816.141	-1970303.750	-302754.093
-360564.063	-1896213.250	-307636.905
14361.010	-2578596.000	-312519.718
-122503.508	-2462644.500	-317402.530
509577.500	-2197664.000	-322285.343
-139382.125	-1838595.000	-327168.155
333931.063	-2279698.000	-332050.968
215111.594	-2941023.500	-336933.780
-400138.063	-2016361.625	-341816.593
-474065.281	-2979261.500	-346699.405
-520740.781	-2315223.000	-351582.218
-715942.500	-2236759.000	-356465.030
-197435.813	-2439551.750	-361347.843
-286771.375	-2020872.125	-366230.655
44702.219	-1940536.750	-371113.468
312983.969	-2254827.000	-375996.280
186042.359	-1835029.000	-380879.093
-107834.984	-1984249.375	-385761.905
-187038.000	-2790026.500	-390644.718
-73732.703	-1876742.000	-395527.530
158236.719	-1995554.875	-400410.343
-495440.375	-2240194.750	-405293.155
49606.633	-1156171.875	-410175.968
535971.313	-1977371.625	-415058.780
-176014.859	-1194928.500	-419941.593
632334.250	-1870841.375	-424824.405
82756.758	-2381820.500	-429707.218
644158.375	-1715264.250	-434590.030
396706.406	-1652064.125	-439472.843
-90979.078	-1440528.250	-444355.655
114460.438	-1556861.250	-449238.468
212153.703	-1486654.250	-454121.280
255540.656	-2006686.250	-459004.093
144738.578	-1455468.375	-463886.905
425491.250	-1685389.750	-468769.718
646193.188	-1466001.125	-473652.530
741444.563	-898149.188	-478535.343
397591.531	-1391257.000	-483418.155
-445435.938	-1760265.125	-488300.968
-264184.531	-1419035.500	-493183.780
534210.063	-988701.688	-498066.593
-87309.789	-1698323.000	-502949.405
469812.625	-1086878.875	-507832.218
-22546.023	-1582529.000	-512715.030
167505.625	-1883100.125	-517597.843
283471.969	-1565570.875	-522480.655
653251.688	-1289240.375	-527363.468
76959.516	-1311205.750	-532246.280
208613.359	-1688987.000	-537129.093
-52863.914	-1071132.625	-542011.905
175744.359	-1958016.375	-546894.718
142600.953	-726054.500	-551777.530
-277149.063	-1448915.500	-556660.343
408165.563	-1144823.125	-561543.155
-69148.000	-1725367.500	-566425.968
383472.406	-595356.000	-571308.780
-490964.688	-759919.875	-576191.593
387604.688	-1717331.250	-581074.405
-9636.781	-1366438.250	-585957.218
251114.406	-1128058.750	-590840.030
-241350.063	-1026870.625	-595722.843
-92415.609	-1796954.875	-600605.655
-64791.742	-641100.563	-605488.468
523077.781	-601637.938	-610371.280
165074.469	-1360429.125	-615254.093
284714.688	-1198547.250	-620136.905
-90452.289	-886908.375	-625019.718
567610.438	-1083304.750	-629902.530
32206.984	-1180833.750	-634785.343
-67365.609	-652806.750	-639668.155
336338.250	-738610.813	-644550.968
16825.000	-1318682.500	-649433.780
-67134.555	-1072687.250	-654316.593
286038.875	-1303035.000	-659199.405
678986.188	-995707.125	-664082.218
-369774.250	-1057326.000	-668965.030
182534.516	-1531033.625	-673847.843
277127.906	-1456232.750	-678730.655
188510.141	-1173560.375	-683613.468
-484633.906	-817962.000	-688496.280
-24183.391	-1266726.000	-693379.093
38284.523	-657414.938	-698261.905
-359126.875	-866696.063	-703144.718
15701.855	-1117350.750	-708027.530
-127794.781	-421477.594	-712910.343
-1657.813	-1627393.750	-717793.155
-182709.438	-727795.438	-722675.968
336971.063	-549655.250	-727558.780
358596.563	-1243762.000	-732441.593
177244.344	-1055646.750	-737324.405
338341.938	-1080142.750	-742207.218
-221752.703	-797943.063	-747090.030
229992.156	-426161.313	-751972.843
29312.633	-677007.750	-756855.655
-507361.469	-1186268.500	-761738.468
428591.125	-1275980.000	-766621.280
-37046.188	-1215985.750	-771504.093
-15957.133	-703794.625	-776386.905
396262.125	-998983.750	-781269.718
-38933.625	-800092.125	-786152.530
-351149.688	-677893.375	-791035.343
68243.938	-441805.844	-795918.155
-310200.875	-911247.000	-800800.968
82819.539	-983196.125	-805683.780
48820.402	-1159982.500	-810566.593
-242118.875	-989335.250	-815449.405
-543846.625	-978610.250	-820332.218
137733.406	-941041.563	-825215.030
270799.063	-629235.938	-830097.843
64982.828	-1135690.250	-834980.655
-12277.324	-705378.500	-839863.468
367164.375	-702237.750	-844746.280
-75461.188	-969345.250	-849629.093
332384.688	-994257.875	-854511.905
68857.781	-696474.500	-859394.718
467157.188	-611837.813	-864277.530
434359.406	-816622.750	-869160.343
-62502.945	-694220.750	-874043.155
-87077.086	-643195.500	-878925.968
25537.367	-639915.125	-883808.780
656990.875	-1071026.500	-888691.593
266885.125	-558610.000	-893574.405
145276.938	-870191.875	-898457.218
427104.156	-729581.125	-903340.030
246060.750	-794656.625	-908222.843
285980.500	-887533.813	-913105.655
90671.484	-811889.125	-917988.468
118147.469	-509524.063	-922871.280
-137957.609	-1127945.500	-927754.093
646141.875	-1042798.625	-932636.905
247434.453	-738548.563	-937519.718
260815.656	-518152.688	-942402.530
390311.500	-807045.500	-947285.343
423704.969	-1225141.500	-952168.155
28133.398	-1152028.500	-957050.968
171712.875	-725767.813	-961933.780
92561.031	-908942.875	-966816.593
-190801.594	-615728.000	-971699.405
273606.000	-1168072.875	-976582.218
-345713.750	-1020453.875	-981465.030
208006.047	-722155.625	-986347.843
165819.531	-287863.594	-991230.655
326258.844	-723969.750	-996113.468
158256.219	-787854.813	-1000996.280
93622.375	-725018.688	-1005879.093
-4290.000	-901652.438	-1010761.905
33672.227	-396181.688	-1015644.718
114476.648	-760723.688	-1020527.530
426850.563	-644721.625	-1025410.343
203422.313	-511026.250	-1030293.155
-39815.000	-640072.500	-1035175.968
418375.094	-773534.625	-1040058.780
241403.703	-722761.063	-1044941.593
523998.969	-639539.563	-1049824.405
-176522.125	-950532.938	-1054707.218
-284428.438	-1038954.625	-1059590.030
10985.422	-204974.438	-1064472.843
106666.227	-273659.344	-1069355.655
-171044.344	-821262.813	-1074238.468
340063.813	-653923.063	-1079121.280
-298192.563	-543905.188	-1084004.093
-394590.625	-319873.563	-1088886.905
217455.109	-965865.125	-1093769.718
471971.344	-759319.563	-1098652.530
-67826.641	-670544.875	-1103535.343
85216.172	-540436.938	-1108418.155
156033.219	-419906.250	-1113300.968
-202270.141	-644088.000	-1118183.780
38435.953	-638447.750	-1123066.593
504039.750	-513639.875	-1127949.405
-374116.875	-234625.969	-1132832.218
-143157.938	-830568.000	-1137715.030
364869.094	-769593.250	-1142597.843
325548.656	-762196.375	-1147480.655
-156560.250	-427195.063	-1152363.468
268184.906	-1124535.000	-1157246.280
607969.875	-196216.828	-1162129.093
13.746	-230211.031	-1167011.905
115975.586	-470200.125	-1171894.718
203138.141	-974108.125	-1176777.530
-335681.469	-747370.250	-1181660.343
-174837.031	-783796.063	-1186543.155
51094.648	-4718.094	-1191425.968
114518.750	-603697.875	-1196308.780
-492020.500	-708388.438	-1201191.593
-235049.656	-401783.438	-1206074.405
-243055.250	-50866.508	-1210957.218
383765.156	-168314.109	-1215840.030
-164480.125	-487001.063	-1220722.843
402129.406	-468165.125	-1225605.655
124913.742	-666629.625	-1230488.468
536163.625	-541808.500	-1235371.280
314719.625	-668150.313	-1240254.093
-40636.406	-292993.500	-1245136.905
603714.500	-411059.406	-1250019.718
-58463.180	-206911.750	-1254902.530
324553.031	71523.656	-1259785.343
-121913.063	-445064.813	-1264668.155
185479.156	-627325.750	-1269550.968
187864.906	-577865.688	-1274433.780
-36059.227	-715769.250	-1279316.593
219401.641	-684406.000	-1284199.405
173297.594	-691723.000	-1289082.218
96431.281	69093.188	-1293965.030
93942.531	-328427.250	-1298847.843
141511.141	-682202.000	-1303730.655
-199508.828	-874795.125	-1308613.468
-53742.703	-225545.469	-1313496.280
13044.656	-353769.656	-1318379.093
114018.875	-394231.875	-1323261.905
105018.609	-546697.500	-1328144.718
210808.156	-335032.094	-1333027.530
-210428.734	-503921.781	-1337910.343
-133515.125	-528728.375	-1342793.155
404388.000	-527828.188	-1347675.968
275149.000	-251393.281	-1352558.780
-98838.883	-146946.813	-1357441.593
412775.063	-259184.281	-1362324.405
-343891.500	-631261.000	-1367207.218
30007.359	-477771.375	-1372090.030
151218.906	-591256.625	-1376972.843
53783.930	-912334.000	-1381855.655
-18291.344	-187747.375	-1386738.468
116718.398	-30967.938	-1391621.280
65840.953	-21940.531	-1396504.093
305231.094	-260553.750	-1401386.905
-5441.391	-408502.813	-1406269.718
73458.281	-271510.688	-1411152.530
98208.219	-344072.000	-1416035.343
-164597.125	-283090.188	-1420918.155
34065.500	-326730.500	-1425800.968
-26754.586	-288515.563	-1430683.780
113205.203	-352830.844	-1435566.593
169186.031	-510722.938	-1440449.405
85136.859	-132539.125	-1445332.218
-80488.172	-558325.750	-1450215.030
95401.156	-330711.125	-1455097.843
371117.000	-569566.563	-1459980.655
316959.906	-280066.438	-1464863.468
34910.266	-750778.750	-1469746.280
57660.832	-265907.781	-1474629.093
-351807.750	-470902.063	-1479511.905
-208316.813	-60920.344	-1484394.718
438592.969	-138836.313	-1489277.530
30783.281	-258403.906	-1494160.343
162149.594	-112125.688	-1499043.155
188337.953	-311923.125	-1503925.968
405362.875	-178360.000	-1508808.780
276682.250	-179146.250	-1513691.593
304916.875	-470648.125	-1518574.405
186711.766	-352040.375	-1523457.218
144481.594	-461649.000	-1528340.030
-148516.531	-395275.219	-1533222.843
-125699.625	-715133.938	-1538105.655
153396.984	-244207.031	-1542988.468
-27155.117	5325.875	-1547871.280
52312.258	-248694.938	-1552754.093
-149368.156	-418286.938	-1557636.905
-23674.977	-259260.938	-1562519.718
207769.219	-277183.875	-1567402.530
96469.586	-161461.875	-1572285.343
-75429.453	-594773.625	-1577168.155
415961.875	-268922.469	-1582050.968
52521.121	-71006.500	-1586933.780
100101.844	-163714.406	-1591816.593
-137416.281	-367459.750	-1596699.405
149584.719	-616552.938	-1601582.218
355555.781	-187050.000	-1606465.030
49953.852	-311688.125	-1611347.843
54718.176	-326930.813	-1616230.655
297276.500	-12674.875	-1621113.468
337388.594	-415848.000	-1625996.280
254303.938	-306188.750	-1630879.093
-275875.844	-21563.125	-1635761.905
-119971.375	26760.563	-1640644.718
198087.203	-112977.250	-1645527.530
414316.875	-340252.719	-1650410.343
-87213.516	-22898.594	-1655293.155
110790.320	-371984.750	-1660175.968
38309.688	-327143.000	-1665058.780
-21632.953	-522810.031	-1669941.593
11364.188	-294909.281	-1674824.405
-71980.195	-287640.594	-1679707.218
302669.000	-390804.063	-1684590.030
188034.500	-177752.813	-1689472.843
-30228.859	-177762.656	-1694355.655
229477.563	-484057.000	-1699238.468
355913.938	-379351.656	-1704121.280
170528.484	-79431.938	-1709004.093
67454.250	-362480.344	-1713886.905
41620.844	-322146.813	-1718769.718
97645.836	-349572.500	-1723652.530
102901.688	-198522.063	-1728535.343
263687.969	-78220.125	-1733418.155
-46361.531	-32997.156	-1738300.968
-80161.172	-295123.750	-1743183.780
-78306.438	-501998.313	-1748066.593
142535.844	-225457.688	-1752949.405
-114561.016	-231712.438	-1757832.218
98039.047	-380900.875	-1762715.030
3701.094	-244221.250	-1767597.843
-64528.031	-261626.625	-1772480.655
165152.938	-197600.438	-1777363.468
-91069.406	-122756.469	-1782246.280
-79188.891	-40567.063	-1787129.093
15701.969	-252881.031	-1792011.905
44182.719	-151489.875	-1796894.718
-11982.367	-30759.969	-1801777.530
10607.344	-216488.938	-1806660.343
8774.625	-414029.188	-1811543.155
-3145.742	-133472.625	-1816425.968
-212908.703	-121375.375	-1821308.780
241209.391	-458420.875	-1826191.593
237438.781	-184375.906	-1831074.405
198464.719	-326668.906	-1835957.218
150019.172	-48924.688	-1840840.030
106825.031	-272331.188	-1845722.843
216488.281	-327717.125	-1850605.655
36860.797	-205695.188	-1855488.468
89671.516	11568.688	-1860371.280
-34302.563	81138.500	-1865254.093
6862.188	-103432.906	-1870136.905
3571.844	-201821.000	-1875019.718
-120472.469	-175426.750	-1879902.530
41964.641	-164425.375	-1884785.343
-137076.250	73307.125	-1889668.155
-45165.688	57710.625	-1894550.968
188630.672	-142515.563	-1899433.780
105529.906	-319686.344	-1904316.593
-107866.680	-435153.063	-1909199.405
357536.844	-250944.375	-1914082.218
166832.328	-312573.313	-1918965.030
79141.859	-286320.938	-1923847.843
171378.000	-227122.438	-1928730.655
90820.602	-247843.750	-1933613.468
117791.578	-188958.688	-1938496.280
259343.219	-398922.563	-1943379.093
-77305.172	-190740.141	-1948261.905
7291.719	-76930.922	-1953144.718
29731.719	-293647.188	-1958027.530
-2826.219	-16855.438	-1962910.343
70011.438	-17126.313	-1967793.155
-39033.906	-130460.188	-1972675.968
128697.641	-127172.719	-1977558.780
-44235.414	-402503.063	-1982441.593
133187.250	-4460.125	-1987324.405
-71601.813	-116485.250	-1992207.218
-14944.375	-141438.750	-1997090.030
26585.938	-91790.125	-2001972.843
-68213.594	-290105.813	-2006855.655
-71179.547	-211255.625	-2011738.468
46626.313	-64849.750	-2016621.280
55320.633	-291665.375	-2021504.093
-66334.648	-144076.813	-2026386.905
-60571.750	-178730.375	-2031269.718
-14282.906	-129911.750	-2036152.530
203827.578	-246155.500	-2041035.343
-92954.875	-442646.656	-2045918.155
-40762.750	-104762.688	-2050800.968
87125.719	-245931.750	-2055683.780
65169.156	-96311.000	-2060566.593
65670.867	-210488.125	-2065449.405
383328.281	68436.875	-2070332.218
204133.578	-81362.375	-2075215.030
-121968.781	-298354.625	-2080097.843
124067.156	-284867.375	-2084980.655
-6802.750	-317618.875	-2089863.468
-42034.094	-83945.625	-2094746.280
80594.656	-186847.375	-2099629.093
-52254.809	101208.938	-2104511.905
-79506.594	-191343.875	-2109394.718
88386.531	-81504.188	-2114277.530
-27517.992	-134681.063	-2119160.343
6696.094	-216409.500	-2124043.155
4330.594	-144861.250	-2128925.968
127918.734	-241330.125	-2133808.780
98251.844	-79753.750	-2138691.593
-2438.625	-154352.625	-2143574.405
-72032.141	-15226.375	-2148457.218
-7556.969	-101488.000	-2153340.030
76694.281	-192553.000	-2158222.843
-17952.516	-84801.625	-2163105.655
4649.813	-76264.250	-2167988.468
39505.719	-165802.188	-2172871.280
47033.883	-69335.750	-2177754.093
153077.375	-321340.375	-2182636.905
99133.109	-131028.250	-2187519.718
7983.734	79123.875	-2192402.530
168224.609	-154407.875	-2197285.343
60476.898	-2741.125	-2202168.155
158272.359	-31102.125	-2207050.968
24338.719	-10832.500	-2211933.780
220535.672	38377.938	-2216816.593
-74559.102	-229397.250	-2221699.405
-28542.078	35860.125	-2226582.218
146840.438	-71083.125	-2231465.030
82528.125	-9422.500	-2236347.843
71879.320	-46314.500	-2241230.655
120900.469	-52170.000	-2246113.468
-42448.563	-55526.750	-2250996.280
14163.010	30475.375	-2255879.093
52806.203	42698.500	-2260761.905
-6311.641	56196.125	-2265644.718
67244.805	-147841.250	-2270527.530
-59323.023	-85254.500	-2275410.343
77599.188	-113422.250	-2280293.155
61192.844	-207808.000	-2285175.968
93171.500	-66092.750	-2290058.780
217941.688	-74389.500	-2294941.593
-7142.063	-37408.750	-2299824.405
119470.547	11348.250	-2304707.218
-21567.125	-69042.250	-2309590.030
-25268.453	-45161.750	-2314472.843
-136053.313	3277.750	-2319355.655
-64527.063	-50802.250	-2324238.468
-64037.500	-123461.750	-2329121.280
-83680.125	-76661.500	-2334004.093
75204.188	-158374.500	-2338886.905
68630.563	-96802.250	-2343769.718
52103.500	-254305.750	-2348652.530
-76627.063	-95987.250	-2353535.343
107702.000	-36366.250	-2358418.155
102635.875	18953.250	-2363300.968
-144683.000	100771.500	-2368183.780
-110624.125	61387.750	-2373066.593
99728.500	60753.750	-2377949.405
22234.000	-138638.500	-2382832.218
6382.750	-63917.500	-2387715.030
70762.000	-114578.500	-2392597.843
115596.000	-91993.250	-2397480.655
23823.750	-168812.250	-2402363.468
124041.750	-27762.750	-2407246.280
67563.500	38724.000	-2412129.093
43557.500	-13403.000	-2417011.905
95697.000	-25769.500	-2421894.718
63874.000	-71287.500	-2426777.530
84189.000	37200.250	-2431660.343
-32146.500	-69709.000	-2436543.155
76659.000	-38983.500	-2441425.968
92028.500	-154705.500	-2446308.780
107665.000	-44318.250	-2451191.593
109693.000	-94059.000	-2456074.405
-82391.500	-15492.000	-2460957.218
-65835.000	-115437.375	-2465840.030
61860.500	-286418.125	-2470722.843
-14526.000	38696.000	-2475605.655
-9423.000	52759.063	-2480488.468
145974.500	40615.039	-2485371.280
-39272.500	-69650.109	-2490254.093
-176241.000	197379.313	-2495136.905
