Data Point Listing of File C:\NTNMR\data\Dan\LiFe.25Mn.75PO4_redux\[010]\P31 [010] 45deg.tnt
Starting Point:	1	Ending Point:	1024
Real	Imag	Hz
343104.000	-26857.000	2499980.282
673704.000	284830.000	2495097.470
36908.000	-66822.000	2490214.657
44260.000	273362.000	2485331.845
131760.000	216839.000	2480449.032
596790.000	-266761.000	2475566.220
499486.000	357001.000	2470683.407
524228.000	-27545.000	2465800.595
324530.000	353082.000	2460917.782
400646.000	420148.000	2456034.970
341612.000	419792.000	2451152.157
206750.000	108390.000	2446269.345
571666.000	120688.000	2441386.532
655838.000	60070.000	2436503.720
530134.000	-248000.000	2431620.907
684362.000	-56542.000	2426738.095
289372.000	-528270.000	2421855.282
162126.000	2988.000	2416972.470
529082.000	431428.000	2412089.657
-122754.000	112642.000	2407206.845
172305.000	591048.000	2402324.032
451172.000	684.000	2397441.220
20893.000	555226.000	2392558.407
365261.000	372732.000	2387675.595
468770.000	708832.000	2382792.782
446740.500	498856.000	2377909.970
282288.500	287294.000	2373027.157
286672.000	-198094.000	2368144.345
431673.500	261038.000	2363261.532
965464.250	-67064.000	2358378.720
461500.500	611792.000	2353495.907
418536.750	254226.000	2348613.095
636334.750	1156368.000	2343730.282
998839.000	190949.000	2338847.470
790950.500	780216.000	2333964.657
269420.125	480873.000	2329081.845
408008.750	369686.000	2324199.032
377769.000	77322.000	2319316.220
1114359.625	654577.000	2314433.407
238117.250	301299.000	2309550.595
764224.625	144413.000	2304667.782
420953.250	761521.000	2299784.970
574422.000	110118.000	2294902.157
544195.875	555554.000	2290019.345
25853.563	605644.000	2285136.532
412581.563	123603.000	2280253.720
308914.594	310003.000	2275370.907
590679.125	365408.000	2270488.095
503847.563	145908.000	2265605.282
394400.250	274219.000	2260722.470
-148519.750	-9146.000	2255839.657
895037.500	458963.000	2250956.845
257126.750	685861.000	2246074.032
530700.000	369267.000	2241191.220
666352.750	533776.000	2236308.407
516695.281	439126.000	2231425.595
313122.500	459190.000	2226542.782
-232260.938	380541.000	2221659.970
465023.969	36909.500	2216777.157
417529.063	437336.000	2211894.345
86513.188	354824.000	2207011.532
55798.125	545236.000	2202128.720
375035.750	532894.500	2197245.907
-293882.563	973274.500	2192363.095
233872.625	678808.000	2187480.282
448550.438	1048245.500	2182597.470
461273.813	543220.000	2177714.657
700477.500	557535.000	2172831.845
768865.125	767768.000	2167949.032
-41274.906	728289.500	2163066.220
572524.500	805517.500	2158183.407
245839.344	678615.500	2153300.595
418176.813	1068388.500	2148417.782
479662.938	239225.500	2143534.970
557992.750	995581.500	2138652.157
728668.688	413405.500	2133769.345
2988.750	817916.500	2128886.532
1220057.375	1339626.500	2124003.720
121303.781	327549.000	2119120.907
810704.563	1530572.000	2114238.095
-155284.625	596438.500	2109355.282
456538.875	686453.500	2104472.470
274755.250	479448.500	2099589.657
-119844.000	909553.500	2094706.845
-184058.531	1227938.500	2089824.032
436770.438	1710993.750	2084941.220
1450761.500	914094.000	2080058.407
161640.891	1416873.000	2075175.595
308229.063	68349.500	2070292.782
557406.688	1150627.500	2065409.970
-624818.625	224470.500	2060527.157
999167.500	143878.000	2055644.345
432157.750	951851.000	2050761.532
221375.734	506799.000	2045878.720
1080116.625	1250188.000	2040995.907
199240.438	144323.500	2036113.095
71751.563	888995.500	2031230.282
299169.188	1290062.750	2026347.470
612237.438	992298.500	2021464.657
-40778.125	890973.500	2016581.845
129437.906	693577.000	2011699.032
98087.188	155739.000	2006816.220
31817.211	633038.000	2001933.407
1663384.875	719154.500	1997050.595
255669.438	615798.750	1992167.782
92300.094	308051.000	1987284.970
-648325.500	656244.000	1982402.157
330146.000	1875439.250	1977519.345
518951.313	1128215.500	1972636.532
596871.500	431645.000	1967753.720
18914.688	251948.750	1962870.907
298049.313	1152620.750	1957988.095
442942.000	506593.750	1953105.282
607033.688	1394475.500	1948222.470
171141.891	2256625.500	1943339.657
644252.750	1546115.500	1938456.845
-606770.750	207993.250	1933574.032
1291761.875	1332930.500	1928691.220
940422.000	1520759.500	1923808.407
395520.500	1725628.750	1918925.595
130424.609	708348.750	1914042.782
386160.500	1105804.500	1909159.970
303404.031	1245310.500	1904277.157
22323.109	1072319.250	1899394.345
513467.438	1075057.500	1894511.532
-636286.000	1383877.750	1889628.720
471222.938	906843.750	1884745.907
498451.938	1917040.750	1879863.095
709312.813	1341433.500	1874980.282
505851.688	2138821.250	1870097.470
-2404.344	725320.000	1865214.657
101181.828	566951.750	1860331.845
-263671.656	478356.500	1855449.032
-408460.344	1632754.500	1850566.220
509057.875	227391.250	1845683.407
1527550.750	1412684.000	1840800.595
-328706.250	1523643.250	1835917.782
-310505.125	1743983.500	1831034.970
83038.063	1498901.000	1826152.157
103379.188	1497768.750	1821269.345
-126751.594	1002943.250	1816386.532
-225641.188	1754485.000	1811503.720
-548092.875	1967497.000	1806620.907
728624.875	415352.000	1801738.095
-656587.500	1848871.750	1796855.282
670181.438	1096438.500	1791972.470
-621843.375	1421079.250	1787089.657
611135.500	1707811.250	1782206.845
928314.313	1184459.500	1777324.032
1472165.125	1723580.000	1772441.220
21727.438	1436702.250	1767558.407
-116605.578	1550327.750	1762675.595
588583.625	2296325.750	1757792.782
918705.500	2074160.000	1752909.970
-828861.750	1273874.500	1748027.157
236818.188	615617.000	1743144.345
-153952.922	1969379.500	1738261.532
499309.594	2569320.500	1733378.720
200483.828	1361778.000	1728495.907
-177103.719	1114427.750	1723613.095
-1663821.500	701797.750	1718730.282
326173.125	279964.250	1713847.470
475716.625	1607353.000	1708964.657
-164808.281	1665139.250	1704081.845
717449.375	2287885.500	1699199.032
1124919.000	2194289.500	1694316.220
63022.094	841035.750	1689433.407
71428.844	2074935.750	1684550.595
1352653.500	2429829.000	1679667.782
1009747.250	771574.125	1674784.970
-660882.125	2048740.250	1669902.157
670689.063	2288623.250	1665019.345
-281517.250	1702905.500	1660136.532
531825.125	1632319.000	1655253.720
-214523.375	2000694.000	1650370.907
1462437.250	2443885.000	1645488.095
2107078.500	1991636.250	1640605.282
524106.219	3183713.000	1635722.470
1777486.500	1093189.625	1630839.657
-52470.375	1691598.500	1625956.845
-974843.063	3103450.750	1621074.032
506637.531	1937369.750	1616191.220
-327892.000	1464043.000	1611308.407
427031.813	1420095.000	1606425.595
165221.219	2296506.500	1601542.782
739871.250	1747562.250	1596659.970
-497346.250	2098450.500	1591777.157
-47778.531	1024653.250	1586894.345
765959.750	1976122.750	1582011.532
-701714.125	1038033.750	1577128.720
632450.938	1602684.000	1572245.907
687967.625	1625849.500	1567363.095
531969.875	2185574.750	1562480.282
-722416.000	1619860.000	1557597.470
547316.000	2839348.000	1552714.657
38690.813	1605034.750	1547831.845
-752806.625	1932985.000	1542949.032
266414.813	1733424.000	1538066.220
-1191737.875	3117714.750	1533183.407
-503489.781	2254503.750	1528300.595
767468.688	3699900.500	1523417.782
711710.563	884979.250	1518534.970
877272.813	1461105.000	1513652.157
1127267.875	2876405.250	1508769.345
93960.938	3281221.500	1503886.532
1093788.125	2162930.000	1499003.720
-763562.375	3340257.500	1494120.907
-1549137.000	2480885.750	1489238.095
177626.781	2463172.250	1484355.282
1040623.563	2865737.750	1479472.470
1101892.625	2519849.500	1474589.657
46259.594	2619247.250	1469706.845
489063.156	2705306.750	1464824.032
596304.875	2023678.250	1459941.220
-315975.688	1489048.000	1455058.407
1347643.625	1984139.750	1450175.595
213125.766	2548632.250	1445292.782
1119404.625	4080729.000	1440409.970
125178.688	3563149.500	1435527.157
723549.063	3605206.000	1430644.345
1011944.750	2643321.750	1425761.532
1157119.500	2356439.750	1420878.720
1916669.750	1461084.250	1415995.907
1971272.250	1699314.250	1411113.095
987928.375	2568912.500	1406230.282
1396215.250	720059.500	1401347.470
132501.578	2425485.250	1396464.657
40615.531	2188155.500	1391581.845
183166.875	2194276.000	1386699.032
-220461.375	2536070.000	1381816.220
2148636.500	2909676.500	1376933.407
1786024.625	3202705.000	1372050.595
42091.148	1785370.000	1367167.782
896952.563	1335837.750	1362284.970
503150.750	1798392.250	1357402.157
1674982.500	2316472.750	1352519.345
632501.375	1577590.500	1347636.532
-1763010.000	922310.250	1342753.720
172490.938	5210970.000	1337870.907
780624.875	2469818.500	1332988.095
-659163.375	2534932.000	1328105.282
659059.125	2491234.250	1323222.470
-1023843.125	2007961.500	1318339.657
-851843.625	2749755.000	1313456.845
859503.750	2734833.500	1308574.032
1482715.250	1283510.500	1303691.220
1271690.500	2090484.750	1298808.407
772643.438	3306691.000	1293925.595
-436706.469	1007717.500	1289042.782
-216621.766	2895889.250	1284159.970
-45217.797	2967321.750	1279277.157
632715.813	707470.250	1274394.345
-637121.250	3954733.250	1269511.532
468644.156	4089646.500	1264628.720
700858.625	2125743.750	1259745.907
-730201.313	3091209.000	1254863.095
-1433525.500	3239248.500	1249980.282
531016.375	2171481.000	1245097.470
281854.156	2328724.250	1240214.657
913503.938	942423.000	1235331.845
1586408.000	4720016.500	1230449.032
1208437.750	4725642.500	1225566.220
109776.375	4369992.500	1220683.407
-30727.453	2716148.250	1215800.595
286833.906	4744139.500	1210917.782
234949.688	4114546.250	1206034.970
853683.625	4145149.000	1201152.157
1555538.875	5995426.500	1196269.345
-1038643.688	2318535.500	1191386.532
-162600.500	3652815.250	1186503.720
1123158.500	1419742.625	1181620.907
752222.625	4300402.000	1176738.095
1412849.750	4181701.750	1171855.282
-226556.531	3115448.000	1166972.470
-336248.500	3088720.250	1162089.657
-2326825.500	4646308.000	1157206.845
-273996.688	5060221.000	1152324.032
926544.188	4136647.500	1147441.220
1135183.750	3809520.750	1142558.407
285375.781	4030521.000	1137675.595
-469419.750	5864011.000	1132792.782
2159339.500	3034166.250	1127909.970
205226.734	3594059.000	1123027.157
1261776.000	3115150.750	1118144.345
-683770.375	2966112.000	1113261.532
992819.125	3507145.500	1108378.720
446885.125	5112782.000	1103495.907
1668007.250	4284280.500	1098613.095
-755612.750	5243939.500	1093730.282
1661659.125	1267925.000	1088847.470
-741347.875	1806247.125	1083964.657
1611421.750	3873267.750	1079081.845
-2045719.625	1666860.500	1074199.032
571707.000	6072337.500	1069316.220
-2114330.000	3643608.000	1064433.407
315662.406	3934479.500	1059550.595
1341264.625	5265775.000	1054667.782
1581988.250	5296371.000	1049784.970
259762.594	3232392.750	1044902.157
691289.188	3841335.750	1040019.345
-169918.688	3700017.000	1035136.532
-1614.484	3513929.000	1030253.720
1644241.000	2425623.750	1025370.907
562571.500	3552729.500	1020488.095
1876519.125	3983673.750	1015605.282
2951244.500	5824686.000	1010722.470
-1463891.000	3286142.500	1005839.657
201103.219	2499969.750	1000956.845
1503009.000	3959632.750	996074.032
1324419.250	3517590.000	991191.220
-193194.313	3105666.500	986308.407
1153365.000	4439533.000	981425.595
1524386.625	3588323.000	976542.782
-2359719.750	3350559.000	971659.970
-1274515.125	2558175.250	966777.157
-37737.500	3919728.750	961894.345
476079.813	4289020.000	957011.532
2787603.500	5239229.500	952128.720
-151392.188	4859749.000	947245.907
15351.027	6251480.000	942363.095
-759284.000	5508754.000	937480.282
670523.000	3585569.750	932597.470
-360785.969	5266470.000	927714.657
188625.563	3085987.750	922831.845
-1084824.500	2588108.250	917949.032
-692090.375	4931295.000	913066.220
455604.813	3021121.000	908183.407
761778.625	4224861.000	903300.595
-237990.438	5752042.500	898417.782
180211.141	4041442.750	893534.970
-382792.719	6238676.000	888652.157
-388154.844	4969986.000	883769.345
2105731.500	4424195.000	878886.532
-2974405.500	5075124.500	874003.720
-247168.438	6741492.000	869120.907
-949076.375	4802549.000	864238.095
199072.000	2593384.250	859355.282
96892.859	5108650.000	854472.470
562355.188	5081098.000	849589.657
1270226.375	6888948.000	844706.845
-1836242.875	5463504.000	839824.032
384349.656	4079971.500	834941.220
-352930.281	5118660.000	830058.407
872365.563	4055358.250	825175.595
-1551936.375	5260830.500	820292.782
-1453479.500	4053313.000	815409.970
383529.250	5872685.000	810527.157
-1296148.750	6417180.500	805644.345
817905.125	5523436.000	800761.532
1533145.750	4826104.000	795878.720
1696065.750	4780924.000	790995.907
975091.688	6859837.500	786113.095
840753.250	5009523.500	781230.282
1162116.125	5028815.500	776347.470
389814.500	5861016.000	771464.657
1027858.750	6879444.000	766581.845
1614166.000	5115772.000	761699.032
-192800.141	6216749.000	756816.220
-2299373.250	6073895.500	751933.407
-61023.355	8031631.000	747050.595
983604.938	6177141.000	742167.782
-708020.313	4225189.500	737284.970
-1300205.375	4958612.500	732402.157
-129189.875	5378799.000	727519.345
292749.219	7422247.000	722636.532
-1518524.500	8094395.000	717753.720
1924812.750	7583801.000	712870.907
997359.875	5142575.000	707988.095
-447095.938	7734122.000	703105.282
2102824.250	5903237.000	698222.470
-861189.500	7095840.000	693339.657
1086729.875	5425993.000	688456.845
-885743.250	7713650.000	683574.032
168969.484	6654296.500	678691.220
-1753208.250	6906420.000	673808.407
1468215.625	6635817.500	668925.595
-2027213.000	6289490.000	664042.782
102920.875	5155553.000	659159.970
881073.313	7573835.000	654277.157
615837.750	7669253.000	649394.345
-892813.313	8059969.000	644511.532
658319.625	7011721.000	639628.720
1025094.000	8557388.000	634745.907
-655347.688	5204969.500	629863.095
398399.156	7623951.500	624980.282
-1221125.750	7459475.000	620097.470
2037718.750	6614795.000	615214.657
3248303.500	7685209.000	610331.845
-306512.125	6210930.500	605449.032
1211522.875	6102881.000	600566.220
324069.688	5831495.000	595683.407
337169.063	8547761.000	590800.595
-2436454.250	8629128.000	585917.782
2838372.750	7711431.000	581034.970
-1539512.500	7641717.500	576152.157
857127.625	7493084.000	571269.345
2183692.500	7035904.000	566386.532
511033.781	9732272.000	561503.720
460117.594	9825544.000	556620.907
-2756998.000	8836461.000	551738.095
369405.438	8167732.000	546855.282
-766415.250	7387046.500	541972.470
-1047949.375	8488342.000	537089.657
-669083.250	7538878.000	532206.845
-1494587.000	10455326.000	527324.032
491322.906	10169386.000	522441.220
436744.594	9077105.000	517558.407
-935586.375	8105014.500	512675.595
-887192.625	8556469.000	507792.782
978012.813	10377976.000	502909.970
1988230.250	10690976.000	498027.157
-334445.281	9562480.000	493144.345
-522039.500	9092990.000	488261.532
-2239709.000	11162090.000	483378.720
-502642.625	10256433.000	478495.907
-820403.125	9228401.000	473613.095
-676657.500	12288072.000	468730.282
-15980.188	9507334.000	463847.470
1472946.125	11444364.000	458964.657
-1630972.375	12309316.000	454081.845
200972.234	10590682.000	449199.032
142673.453	10221960.000	444316.220
-713300.188	13287313.000	439433.407
340891.250	11605672.000	434550.595
3326365.500	10918633.000	429667.782
-21379.547	10716981.000	424784.970
670830.250	12678122.000	419902.157
-93993.203	11825410.000	415019.345
2320418.000	10817793.000	410136.532
1153517.875	11917632.000	405253.720
-272527.688	13284219.000	400370.907
-1752308.125	13150038.000	395488.095
3669539.500	12721829.000	390605.282
1254915.500	12156460.000	385722.470
1957410.875	12242889.000	380839.657
1306742.500	13115051.000	375956.845
1871341.625	13262548.000	371074.032
-425203.938	13498861.000	366191.220
1301547.625	13918707.000	361308.407
-2125312.500	11380762.000	356425.595
1314443.500	14441906.000	351542.782
-2787244.000	15172286.000	346659.970
-1028606.813	16803472.000	341777.157
-1640187.000	14612476.000	336894.345
-362351.250	15498147.000	332011.532
-746537.625	16613855.000	327128.720
271836.000	16810704.000	322245.907
-26487.781	15684511.000	317363.095
958376.188	17254984.000	312480.282
-1711000.500	17176340.000	307597.470
241141.875	15287894.000	302714.657
157218.469	18461850.000	297831.845
-1988524.500	17342176.000	292949.032
-607404.563	17633474.000	288066.220
1273462.250	16719793.000	283183.407
-1097905.375	19813000.000	278300.595
24627.656	19500160.000	273417.782
403828.563	18375844.000	268534.970
316761.438	21191796.000	263652.157
-1130054.625	19840008.000	258769.345
-1746372.625	21068772.000	253886.532
-980294.250	21816392.000	249003.720
-68103.031	25395242.000	244120.907
1724604.875	24354894.000	239238.095
-1795548.750	27383272.000	234355.282
761952.375	27446924.000	229472.470
476925.344	25417818.000	224589.657
169190.344	26943166.000	219706.845
591739.500	26540272.000	214824.032
1764024.500	31841666.000	209941.220
656802.688	30174724.000	205058.407
2006502.750	31233208.000	200175.595
2553378.000	31931836.000	195292.782
3556122.000	35636208.000	190409.970
4019311.250	32892336.000	185527.157
3546416.500	37272312.000	180644.345
7434272.000	37382328.000	175761.532
6936039.000	37619288.000	170878.720
12578446.000	39918700.000	165995.907
12395701.000	40025056.000	161113.095
14060952.000	41249088.000	156230.282
17005204.000	40810616.000	151347.470
15548401.000	38754836.000	146464.657
16912978.000	42598160.000	141581.845
17100244.000	42328708.000	136699.032
18534820.000	44464212.000	131816.220
19719318.000	47441400.000	126933.407
23158316.000	49216472.000	122050.595
27611974.000	48963872.000	117167.782
27846408.000	49470108.000	112284.970
34446320.000	51447264.000	107402.157
36559032.000	53808764.000	102519.345
42193648.000	51822352.000	97636.532
45868560.000	48865708.000	92753.720
50790824.000	48958572.000	87870.907
54010584.000	44377276.000	82988.095
57818344.000	39510164.000	78105.282
60629436.000	35713648.000	73222.470
59655168.000	32090232.000	68339.657
59630312.000	28569068.000	63456.845
58533280.000	26981838.000	58574.032
58012508.000	29003346.000	53691.220
58778200.000	28907564.000	48808.407
61633168.000	29755056.000	43925.595
64963880.000	31699380.000	39042.782
71596384.000	27706844.000	34159.970
73993160.000	26144188.000	29277.157
79423264.000	21420712.000	24394.345
82277024.000	15725106.000	19511.532
85635528.000	11325277.000	14628.720
87535152.000	1243488.750	9745.907
85951680.000	-5380199.500	4863.095
84063536.000	-12602306.000	-19.718
80407656.000	-19341766.000	-4902.530
75774576.000	-22246198.000	-9785.343
70954496.000	-26434190.000	-14668.155
70147792.000	-27202056.000	-19550.968
62989544.000	-29040936.000	-24433.780
63452112.000	-27667156.000	-29316.593
62434948.000	-29321360.000	-34199.405
60888752.000	-29147458.000	-39082.218
60605680.000	-34554452.000	-43965.030
59133852.000	-37525896.000	-48847.843
56169216.000	-40434560.000	-53730.655
53200728.000	-42653556.000	-58613.468
49070032.000	-44351120.000	-63496.280
46282424.000	-45275648.000	-68379.093
43735936.000	-46629304.000	-73261.905
41871100.000	-46603712.000	-78144.718
35878752.000	-47934228.000	-83027.530
34253224.000	-48364144.000	-87910.343
29929828.000	-49347568.000	-92793.155
25221704.000	-47650480.000	-97675.968
25788920.000	-43738012.000	-102558.780
19823268.000	-45033016.000	-107441.593
19008112.000	-45996896.000	-112324.405
18333532.000	-43703224.000	-117207.218
15508010.000	-43532276.000	-122090.030
13746034.000	-41205168.000	-126972.843
14000752.000	-38802008.000	-131855.655
12321044.000	-40081368.000	-136738.468
8820359.000	-36653016.000	-141621.280
7263389.500	-38791404.000	-146504.093
7475410.000	-36060264.000	-151386.905
6558624.000	-35914192.000	-156269.718
5112759.000	-31735924.000	-161152.530
6264434.000	-32409636.000	-166035.343
4197965.000	-30642028.000	-170918.155
4195966.000	-28730066.000	-175800.968
3158894.000	-28897550.000	-180683.780
3334551.000	-27849352.000	-185566.593
2557780.500	-27004844.000	-190449.405
1805355.375	-26037888.000	-195332.218
3554248.000	-23322560.000	-200215.030
2684958.500	-24411096.000	-205097.843
2605953.000	-24110838.000	-209980.655
2023946.750	-22296844.000	-214863.468
1690913.250	-21909896.000	-219746.280
1275062.875	-21794288.000	-224629.093
-34462.844	-20104844.000	-229511.905
1980809.000	-21944224.000	-234394.718
2217719.000	-19030352.000	-239277.530
1162587.875	-18837022.000	-244160.343
1082328.750	-19872824.000	-249043.155
825876.000	-19573108.000	-253925.968
-1567981.750	-17924404.000	-258808.780
-15772.188	-18617156.000	-263691.593
757068.438	-17217962.000	-268574.405
1906927.250	-16806586.000	-273457.218
1565900.500	-14792279.000	-278340.030
437925.844	-14111394.000	-283222.843
676341.438	-15743755.000	-288105.655
682883.375	-14501027.000	-292988.468
1880937.500	-15653716.000	-297871.280
1972051.750	-14779924.000	-302754.093
1764203.750	-14131518.000	-307636.905
1386432.500	-13657500.000	-312519.718
1754580.250	-13367486.000	-317402.530
1156286.500	-14522902.000	-322285.343
-205931.797	-14052670.000	-327168.155
-371978.750	-15145143.000	-332050.968
832662.875	-13862920.000	-336933.780
270932.438	-12558088.000	-341816.593
1239523.625	-12864554.000	-346699.405
916568.188	-12901214.000	-351582.218
2084348.500	-13189906.000	-356465.030
1422658.625	-11575538.000	-361347.843
2375137.750	-11454428.000	-366230.655
1087113.500	-14101694.000	-371113.468
704692.375	-12168956.000	-375996.280
640988.875	-11446003.000	-380879.093
-229765.438	-10830582.000	-385761.905
3412620.500	-11075622.000	-390644.718
1032022.125	-11719072.000	-395527.530
1648311.750	-11087770.000	-400410.343
1291086.625	-12188110.000	-405293.155
1202418.375	-12250578.000	-410175.968
2056228.750	-10020101.000	-415058.780
1906473.000	-11422018.000	-419941.593
106121.109	-11634583.000	-424824.405
1063076.500	-10820390.000	-429707.218
2328678.000	-12317946.000	-434590.030
869061.750	-10996940.000	-439472.843
1044842.500	-10339771.000	-444355.655
238132.125	-10409509.000	-449238.468
115270.984	-9948995.000	-454121.280
1309693.125	-10911739.000	-459004.093
686953.375	-9329672.000	-463886.905
-1592384.000	-9378312.000	-468769.718
89659.297	-9303065.000	-473652.530
-673938.438	-9787490.000	-478535.343
1551955.375	-8120352.500	-483418.155
1000417.625	-8098539.000	-488300.968
1043405.438	-8936403.000	-493183.780
253723.656	-8601604.000	-498066.593
1855313.375	-9226304.000	-502949.405
-567586.500	-7797131.000	-507832.218
168787.438	-8794009.000	-512715.030
2377567.250	-8471323.000	-517597.843
-718493.250	-9177953.000	-522480.655
90331.688	-8235735.500	-527363.468
1607495.000	-9874407.000	-532246.280
1070637.250	-6590442.000	-537129.093
1896434.500	-6585886.000	-542011.905
447878.750	-7200904.000	-546894.718
424035.313	-8494234.000	-551777.530
675860.875	-9925224.000	-556660.343
548154.750	-7618432.500	-561543.155
315989.969	-8495617.000	-566425.968
1039836.875	-9295408.000	-571308.780
642076.625	-8232942.500	-576191.593
905012.500	-6378117.000	-581074.405
444286.750	-7907241.000	-585957.218
614776.375	-7016752.000	-590840.030
1160072.375	-6564602.000	-595722.843
387278.063	-7656912.000	-600605.655
614291.313	-6966830.000	-605488.468
104489.281	-7295983.000	-610371.280
171542.266	-5716134.000	-615254.093
1191115.000	-7341918.000	-620136.905
2045720.500	-4765931.500	-625019.718
801791.063	-7226308.000	-629902.530
-186348.031	-5725893.000	-634785.343
623921.938	-5175849.000	-639668.155
-1033507.000	-5480388.000	-644550.968
1139970.125	-6688824.000	-649433.780
1631350.375	-6581704.000	-654316.593
980516.250	-6381393.500	-659199.405
1308516.625	-6280778.000	-664082.218
-209142.250	-5738584.500	-668965.030
1923401.500	-7279316.000	-673847.843
1286169.500	-7262591.000	-678730.655
1001146.500	-5426154.000	-683613.468
963436.438	-4615638.500	-688496.280
185482.781	-6705982.000	-693379.093
1189495.625	-6264548.000	-698261.905
1010373.375	-5979166.000	-703144.718
634918.313	-6593061.000	-708027.530
419385.469	-6141688.000	-712910.343
111486.609	-4761844.000	-717793.155
969366.438	-6090302.500	-722675.968
1294566.375	-6347795.500	-727558.780
-782318.063	-5231593.000	-732441.593
-627483.313	-5641522.000	-737324.405
108216.813	-5687849.000	-742207.218
-276744.531	-6299057.500	-747090.030
108963.531	-6610768.000	-751972.843
-575312.625	-5991684.000	-756855.655
438397.750	-6232181.500	-761738.468
723745.000	-5123021.000	-766621.280
201012.141	-6470377.000	-771504.093
903283.250	-5986234.000	-776386.905
-217083.313	-6636432.000	-781269.718
510624.625	-4965276.000	-786152.530
-163389.875	-4167279.000	-791035.343
1106756.000	-5627032.000	-795918.155
211478.469	-4437709.500	-800800.968
1409340.250	-5173158.000	-805683.780
934414.000	-5982214.000	-810566.593
-93309.344	-6272619.000	-815449.405
-680597.500	-3814017.000	-820332.218
135067.531	-4455166.500	-825215.030
1519643.875	-4314445.000	-830097.843
40971.313	-4982194.000	-834980.655
298357.375	-5823315.000	-839863.468
1326644.625	-4035966.500	-844746.280
2622445.000	-4856964.500	-849629.093
799796.938	-5595596.500	-854511.905
-546094.875	-4898903.000	-859394.718
531865.625	-5078420.000	-864277.530
1155991.000	-4310354.500	-869160.343
890460.000	-4198336.000	-874043.155
1232821.750	-5012970.000	-878925.968
457077.344	-4344033.000	-883808.780
1768505.125	-3633475.000	-888691.593
1706973.250	-5409729.500	-893574.405
849447.875	-4538974.000	-898457.218
855324.500	-3725288.250	-903340.030
604974.375	-3559199.500	-908222.843
456270.344	-4885605.000	-913105.655
637112.750	-4560734.000	-917988.468
1922041.125	-4811747.000	-922871.280
1034111.813	-4602510.000	-927754.093
1071568.625	-5092054.500	-932636.905
1148284.000	-3233715.250	-937519.718
681548.750	-5332501.000	-942402.530
537596.500	-4131744.000	-947285.343
1344673.750	-4241242.000	-952168.155
264003.719	-4067119.000	-957050.968
-154414.609	-3852872.000	-961933.780
1547111.125	-4223835.000	-966816.593
967781.250	-3693452.750	-971699.405
747979.813	-5161756.500	-976582.218
295323.938	-3954931.250	-981465.030
193527.813	-4144533.000	-986347.843
660567.500	-5568948.000	-991230.655
628032.375	-3844465.500	-996113.468
-361279.031	-3963396.000	-1000996.280
-202262.719	-2587365.500	-1005879.093
365866.813	-4180633.750	-1010761.905
1114573.750	-3545103.250	-1015644.718
88075.188	-4942904.000	-1020527.530
650732.875	-4514487.500	-1025410.343
1078224.250	-3306863.250	-1030293.155
42270.219	-4347932.000	-1035175.968
868238.000	-4811567.000	-1040058.780
-241044.672	-3566484.000	-1044941.593
399169.875	-3478039.750	-1049824.405
236658.109	-4408775.000	-1054707.218
345559.406	-3666501.000	-1059590.030
893990.563	-4064792.500	-1064472.843
1036108.188	-3547898.000	-1069355.655
343105.000	-3625367.750	-1074238.468
1253873.750	-3147299.750	-1079121.280
423743.313	-3883558.250	-1084004.093
714268.250	-3194968.250	-1088886.905
240171.125	-3825698.500	-1093769.718
78899.250	-3128707.500	-1098652.530
-388489.563	-4838793.000	-1103535.343
619942.500	-4796985.500	-1108418.155
1728612.625	-3553936.000	-1113300.968
38184.383	-2916646.000	-1118183.780
251874.625	-3309434.500	-1123066.593
42917.375	-3683541.000	-1127949.405
208524.844	-3087894.000	-1132832.218
-584223.563	-2814899.750	-1137715.030
958000.250	-3016232.250	-1142597.843
793659.438	-3776622.750	-1147480.655
444790.656	-3952294.500	-1152363.468
-829695.938	-3522298.250	-1157246.280
485505.063	-2758430.250	-1162129.093
-218256.906	-4289502.500	-1167011.905
52227.375	-3114664.000	-1171894.718
195544.906	-3128410.250	-1176777.530
375361.125	-3788337.500	-1181660.343
1221943.625	-2868475.000	-1186543.155
1357208.250	-1939183.500	-1191425.968
875708.750	-4414594.500	-1196308.780
2049955.500	-3524704.750	-1201191.593
861124.563	-4849705.000	-1206074.405
353176.469	-2573530.500	-1210957.218
-163274.234	-2803092.250	-1215840.030
-519726.188	-3555803.750	-1220722.843
-284255.813	-2502456.250	-1225605.655
-5842.781	-3719997.750	-1230488.468
320355.844	-3469399.500	-1235371.280
238361.391	-2811971.750	-1240254.093
322009.313	-2560521.000	-1245136.905
510525.500	-2632459.500	-1250019.718
867403.625	-2718295.000	-1254902.530
238461.859	-2504575.250	-1259785.343
-256091.938	-3269714.000	-1264668.155
7915.938	-3239436.500	-1269550.968
707760.313	-3200757.500	-1274433.780
1433299.625	-2661767.500	-1279316.593
466957.438	-2572657.250	-1284199.405
42686.102	-2408730.500	-1289082.218
605504.313	-1928044.250	-1293965.030
93182.344	-2619547.000	-1298847.843
1050179.125	-2226442.500	-1303730.655
1026599.688	-2625563.500	-1308613.468
-235851.500	-3096653.250	-1313496.280
213325.563	-1942110.625	-1318379.093
1077959.375	-2408084.250	-1323261.905
881564.250	-2443191.750	-1328144.718
554308.500	-2811786.000	-1333027.530
154710.484	-2663736.250	-1337910.343
921391.375	-2753318.000	-1342793.155
959151.688	-2373227.250	-1347675.968
1134793.750	-2326271.500	-1352558.780
1341216.250	-1847974.750	-1357441.593
317690.219	-2675669.000	-1362324.405
655157.750	-1884089.000	-1367207.218
758432.438	-2530158.250	-1372090.030
-98791.234	-2327799.000	-1376972.843
168520.063	-3175634.750	-1381855.655
145304.906	-2319596.000	-1386738.468
1282565.125	-1994887.500	-1391621.280
885939.625	-2125777.750	-1396504.093
1247539.750	-2197644.500	-1401386.905
514293.250	-2426143.500	-1406269.718
955409.125	-3543104.000	-1411152.530
290749.906	-1651104.125	-1416035.343
705193.188	-3241975.750	-1420918.155
836761.875	-2514227.500	-1425800.968
1376716.000	-2854044.500	-1430683.780
224351.000	-2010592.000	-1435566.593
3758.344	-2325158.500	-1440449.405
410286.375	-2614308.000	-1445332.218
1578030.500	-2846587.250	-1450215.030
1057658.000	-2740588.750	-1455097.843
95899.438	-1695686.750	-1459980.655
294297.563	-2300088.000	-1464863.468
420700.188	-2094322.000	-1469746.280
1804487.000	-2275278.750	-1474629.093
184453.844	-1297517.500	-1479511.905
978133.375	-2542108.750	-1484394.718
1146057.375	-2606854.750	-1489277.530
1106216.750	-1956372.500	-1494160.343
105470.727	-2781865.750	-1499043.155
492357.219	-2449010.750	-1503925.968
-54880.563	-2060618.000	-1508808.780
521631.625	-1384896.500	-1513691.593
70828.188	-2005284.750	-1518574.405
558575.125	-2115572.500	-1523457.218
371238.500	-1838411.000	-1528340.030
620012.125	-2140043.250	-1533222.843
250838.719	-2435241.750	-1538105.655
216457.625	-2208345.250	-1542988.468
452542.375	-2136643.000	-1547871.280
615576.375	-1690304.750	-1552754.093
104327.656	-1203442.250	-1557636.905
-7399.156	-1481777.500	-1562519.718
-96973.813	-1049414.250	-1567402.530
447002.469	-2070745.500	-1572285.343
557688.438	-1922200.750	-1577168.155
752886.063	-1470281.250	-1582050.968
220775.344	-1919316.500	-1586933.780
768619.938	-2000614.500	-1591816.593
743512.875	-1470877.250	-1596699.405
982963.438	-2525648.000	-1601582.218
144878.234	-1631855.250	-1606465.030
467070.344	-1394135.000	-1611347.843
417845.719	-1967863.000	-1616230.655
412501.438	-2370244.750	-1621113.468
363556.875	-1377116.500	-1625996.280
245122.625	-1697828.250	-1630879.093
803080.625	-1358394.250	-1635761.905
435533.625	-1738489.250	-1640644.718
2948.266	-1191179.750	-1645527.530
753811.313	-1645767.875	-1650410.343
-25387.000	-1466698.750	-1655293.155
684645.625	-1582339.000	-1660175.968
948391.375	-1051166.000	-1665058.780
548337.750	-2207458.500	-1669941.593
459356.063	-1721793.750	-1674824.405
1033297.375	-1692182.500	-1679707.218
209491.250	-1443732.500	-1684590.030
509802.938	-1604913.250	-1689472.843
-334565.438	-1223859.500	-1694355.655
609834.750	-1211184.500	-1699238.468
-197716.688	-2591960.250	-1704121.280
452242.063	-1076076.750	-1709004.093
212124.563	-1705330.500	-1713886.905
26243.719	-345408.000	-1718769.718
756553.875	-1360461.000	-1723652.530
-47373.984	-751700.250	-1728535.343
1041143.500	-1182343.000	-1733418.155
659520.063	-1475254.250	-1738300.968
313389.500	-890974.750	-1743183.780
164690.250	-709327.500	-1748066.593
-2081.895	-794696.000	-1752949.405
281073.063	-1600834.250	-1757832.218
361416.813	-570983.000	-1762715.030
-171668.375	-1587153.500	-1767597.843
837173.125	-1286767.250	-1772480.655
-38864.188	-1091539.000	-1777363.468
348196.063	-1453561.000	-1782246.280
710079.313	-1398419.750	-1787129.093
849472.250	-1063897.750	-1792011.905
1070665.250	-1075257.750	-1796894.718
1141846.625	-790784.750	-1801777.530
890326.750	-967686.750	-1806660.343
543584.625	-1298401.000	-1811543.155
874644.000	-1444678.250	-1816425.968
109665.703	-1294313.500	-1821308.780
740915.688	-1272676.000	-1826191.593
385451.375	-369888.000	-1831074.405
542353.563	-742261.500	-1835957.218
176322.281	-1350176.500	-1840840.030
-27557.688	-1199329.750	-1845722.843
748205.125	-1769007.750	-1850605.655
874986.563	-746386.250	-1855488.468
381165.063	-941616.250	-1860371.280
473856.750	-987530.750	-1865254.093
582272.688	-1530480.000	-1870136.905
808751.625	-1052289.500	-1875019.718
526894.875	-1266134.250	-1879902.530
720921.813	-1153748.000	-1884785.343
486016.750	-1121262.750	-1889668.155
298634.750	-1895275.000	-1894550.968
574369.375	-1202463.500	-1899433.780
137200.141	-226987.500	-1904316.593
412437.938	-884500.750	-1909199.405
277421.750	-825472.500	-1914082.218
734972.750	-1508086.000	-1918965.030
311588.938	-1691508.500	-1923847.843
763483.750	-1145377.250	-1928730.655
80100.375	-1222059.250	-1933613.468
573325.000	-1121663.500	-1938496.280
1034482.375	-1405086.500	-1943379.093
259849.500	-687153.000	-1948261.905
-151483.359	-839155.750	-1953144.718
270257.500	-401214.000	-1958027.530
106740.344	-1281365.000	-1962910.343
144428.125	-1286255.750	-1967793.155
1399903.250	-1299872.500	-1972675.968
-165686.281	-1303828.500	-1977558.780
-191543.969	-851342.750	-1982441.593
259033.250	-1164458.500	-1987324.405
277085.219	-1121464.000	-1992207.218
792244.188	-871662.000	-1997090.030
124725.063	-891980.500	-2001972.843
537357.250	-411469.000	-2006855.655
266401.625	-912037.500	-2011738.468
20909.375	-1225686.000	-2016621.280
447809.688	-1177658.000	-2021504.093
443431.594	-651957.000	-2026386.905
255173.844	-705329.500	-2031269.718
1066804.750	-480618.000	-2036152.530
849878.625	-646642.000	-2041035.343
534693.875	-1110566.000	-2045918.155
680709.313	-654959.500	-2050800.968
109641.797	-618342.500	-2055683.780
648227.438	-761919.000	-2060566.593
546595.625	-915715.500	-2065449.405
67112.500	-876109.000	-2070332.218
462046.563	-195420.000	-2075215.030
245663.281	-637500.000	-2080097.843
421701.438	-675139.000	-2084980.655
546838.375	-395847.000	-2089863.468
641921.875	-574984.000	-2094746.280
221356.813	-431159.000	-2099629.093
-31215.875	-754723.500	-2104511.905
272893.875	-860766.000	-2109394.718
323627.344	-1007227.500	-2114277.530
480789.625	-660197.000	-2119160.343
522995.594	-806059.000	-2124043.155
434526.875	-361188.500	-2128925.968
662182.063	-834083.000	-2133808.780
313023.250	-622673.000	-2138691.593
352044.500	-484215.500	-2143574.405
237101.938	-554566.000	-2148457.218
404970.125	-517630.500	-2153340.030
300751.813	-391687.500	-2158222.843
391539.500	-556620.500	-2163105.655
585264.813	-546308.000	-2167988.468
231777.219	-754829.000	-2172871.280
529225.500	-630256.000	-2177754.093
564123.625	-360458.000	-2182636.905
354387.938	-26146.000	-2187519.718
475435.500	-100487.000	-2192402.530
539520.750	-195849.000	-2197285.343
530981.250	-470214.000	-2202168.155
480699.438	67463.000	-2207050.968
361463.313	-787490.000	-2211933.780
329028.750	-604375.000	-2216816.593
478217.531	-578093.000	-2221699.405
475209.813	-529561.000	-2226582.218
708578.188	-471667.000	-2231465.030
236533.016	-415474.000	-2236347.843
506970.000	-526868.000	-2241230.655
712730.125	-285557.000	-2246113.468
186272.031	-93802.000	-2250996.280
390941.281	-386356.000	-2255879.093
715252.125	-385762.000	-2260761.905
60180.500	-630176.000	-2265644.718
529868.625	-618572.000	-2270527.530
217841.719	-419620.000	-2275410.343
293823.906	-80936.000	-2280293.155
716717.500	-681279.000	-2285175.968
583946.250	-279462.000	-2290058.780
478461.594	-348146.000	-2294941.593
683605.188	-256469.000	-2299824.405
447659.500	-357057.000	-2304707.218
694370.625	34686.000	-2309590.030
184163.750	-311875.000	-2314472.843
510096.250	-98338.000	-2319355.655
329708.000	-675106.000	-2324238.468
321518.250	-253704.000	-2329121.280
591616.500	-270828.000	-2334004.093
-86167.000	157326.000	-2338886.905
759955.500	-166326.000	-2343769.718
125331.000	59070.000	-2348652.530
896137.000	-114380.000	-2353535.343
473332.000	86022.000	-2358418.155
527447.000	345840.000	-2363300.968
494059.000	-222788.000	-2368183.780
612490.000	-207566.000	-2373066.593
446650.000	215644.000	-2377949.405
603946.000	71692.000	-2382832.218
605112.000	15092.000	-2387715.030
181234.000	-5506.000	-2392597.843
478906.000	21468.000	-2397480.655
688322.000	140668.000	-2402363.468
411320.000	-50940.000	-2407246.280
324602.000	-230316.000	-2412129.093
323566.000	63924.000	-2417011.905
547958.000	-91392.000	-2421894.718
167844.000	-35354.000	-2426777.530
427312.000	138423.000	-2431660.343
580990.000	73764.000	-2436543.155
76168.000	-193416.000	-2441425.968
186764.000	-94680.000	-2446308.780
440298.000	489431.000	-2451191.593
787512.000	-455531.000	-2456074.405
741296.000	-84727.000	-2460957.218
270924.000	-272741.000	-2465840.030
131176.000	-37020.000	-2470722.843
-51156.000	102463.000	-2475605.655
257632.000	19824.500	-2480488.468
435280.000	-53669.000	-2485371.280
304000.000	448998.906	-2490254.093
340052.000	-87264.500	-2495136.905
