Data Point Listing of File C:\NTNMR\data\Dan\LiFePO4\[010]\Li7 [010] 75deg.tnt
Starting Point:	1	Ending Point:	1024
Real	Imag	ppm
94295.680	-42298.320	8573.143
108790.398	-15764.660	8556.398
104326.406	30918.752	8539.653
80807.156	-20590.205	8522.909
132347.453	4579.269	8506.164
84795.609	13995.148	8489.419
82711.102	-10283.124	8472.674
87814.094	-17732.578	8455.930
113467.992	-6292.213	8439.185
107542.133	-14288.567	8422.440
101407.219	-5449.996	8405.695
90227.172	602.331	8388.951
90444.461	-14089.654	8372.206
80337.516	-20035.998	8355.461
59042.500	7274.900	8338.716
135473.719	10274.322	8321.972
96254.258	-20946.197	8305.227
92549.070	5743.156	8288.482
123001.047	-16369.418	8271.737
105076.445	-23294.037	8254.993
89366.891	32260.510	8238.248
105661.203	-3657.109	8221.503
88812.922	-30618.146	8204.758
71922.695	3524.697	8188.014
74418.453	-11546.386	8171.269
106803.289	3191.561	8154.524
81298.492	20083.848	8137.779
100967.008	23415.525	8121.035
97817.648	-11793.788	8104.290
112942.117	-15764.715	8087.545
95011.758	27593.232	8070.800
113734.891	12073.998	8054.056
93997.859	-12695.513	8037.311
93027.898	39664.277	8020.566
114062.430	-29307.066	8003.821
79093.406	10465.849	7987.077
107525.734	-19844.096	7970.332
102108.961	-7562.329	7953.587
97233.484	6291.915	7936.842
61908.336	-14002.566	7920.098
102213.258	8290.437	7903.353
98564.469	312.140	7886.608
129187.961	-15590.700	7869.863
106884.930	-1013.075	7853.119
119649.750	-6378.649	7836.374
89460.609	4964.576	7819.629
102059.906	-1596.848	7802.884
72122.773	9424.869	7786.140
56749.922	31362.822	7769.395
104154.188	-5042.004	7752.650
109513.477	30033.350	7735.905
82228.414	12848.881	7719.161
84173.867	-3788.122	7702.416
129344.898	22726.113	7685.671
99051.063	28131.893	7668.926
109900.492	-3373.209	7652.182
90101.016	28879.014	7635.437
76606.648	6239.617	7618.692
115994.234	19060.725	7601.947
110244.117	-3245.523	7585.203
112087.172	47590.328	7568.458
113496.906	35143.699	7551.713
99841.438	20459.223	7534.968
109264.719	20967.217	7518.224
76685.242	44874.500	7501.479
80198.023	24403.166	7484.734
99494.008	9527.592	7467.989
88742.492	-8835.792	7451.245
95215.961	7451.896	7434.500
87319.844	7838.404	7417.755
137342.828	3990.553	7401.010
107424.766	30618.604	7384.266
129682.320	14451.146	7367.521
91681.211	28693.529	7350.776
105422.109	14558.440	7334.031
95421.016	48481.031	7317.287
61780.184	17509.148	7300.542
122846.727	18128.037	7283.797
96762.430	-12543.658	7267.052
76428.359	-16804.146	7250.308
95669.453	7999.253	7233.563
62269.137	-364.419	7216.818
71026.328	-4308.415	7200.073
85778.945	-1327.535	7183.329
119249.555	24564.203	7166.584
74765.719	6845.834	7149.839
101065.367	35719.281	7133.094
101332.000	56314.176	7116.350
85979.727	19826.662	7099.605
84149.453	29872.229	7082.860
106644.664	17227.375	7066.115
125550.633	19588.959	7049.371
109652.977	27205.000	7032.626
96452.664	49610.781	7015.881
105874.148	37298.957	6999.136
101925.383	23102.576	6982.392
84455.016	18966.525	6965.647
95332.328	37335.313	6948.902
121246.156	16451.045	6932.157
105475.352	24884.277	6915.413
77820.664	11735.563	6898.668
102603.734	-5641.291	6881.923
81123.406	32731.936	6865.178
103394.430	20086.234	6848.434
71735.031	19044.168	6831.689
86237.906	276.344	6814.944
95878.469	7304.362	6798.199
87738.883	26853.691	6781.455
113224.750	35138.195	6764.710
66117.602	46708.770	6747.965
95321.281	12713.044	6731.220
93340.039	43900.008	6714.476
97308.289	21759.021	6697.731
99045.531	41167.109	6680.986
88718.922	31309.703	6664.241
84176.141	33840.180	6647.497
104932.008	8337.748	6630.752
85668.711	39334.211	6614.007
125263.320	11033.361	6597.262
84429.195	54663.645	6580.518
108743.398	19794.877	6563.773
101099.063	17073.592	6547.028
97679.516	40521.695	6530.283
108792.438	-13409.498	6513.539
107948.953	39445.105	6496.794
80117.477	23387.125	6480.049
98513.844	36071.734	6463.304
106698.656	53754.625	6446.560
77848.711	45373.727	6429.815
91101.680	14732.208	6413.070
97300.305	24700.057	6396.325
108076.773	37335.039	6379.581
57405.148	4253.231	6362.836
110849.617	32407.518	6346.091
63770.422	47845.090	6329.346
98300.789	37383.242	6312.602
120672.148	82216.938	6295.857
133092.719	54327.223	6279.112
98144.695	26538.383	6262.367
88325.930	45536.809	6245.623
58819.492	30198.119	6228.878
106784.891	-478.551	6212.133
71576.258	27393.438	6195.388
94687.570	39312.625	6178.644
112221.336	71504.805	6161.899
91923.109	44779.133	6145.154
87738.273	19264.789	6128.409
128460.227	16940.178	6111.665
111184.539	27151.701	6094.920
136204.172	57633.836	6078.175
79634.750	30913.512	6061.430
93782.578	37912.641	6044.686
102237.258	11073.631	6027.941
65062.730	64587.344	6011.196
115458.414	30552.498	5994.451
76271.328	62606.160	5977.707
77361.641	71412.508	5960.962
101558.930	55682.219	5944.217
71082.328	55042.438	5927.472
62211.043	24257.844	5910.728
109936.883	51257.664	5893.983
75735.680	28043.496	5877.238
107006.750	39325.895	5860.493
93315.602	22776.635	5843.749
119912.523	64397.684	5827.004
71453.758	8858.249	5810.259
54250.234	43536.922	5793.514
88707.227	46397.199	5776.770
123147.273	69665.563	5760.025
115807.266	32156.455	5743.280
75195.547	31608.402	5726.535
55687.254	30396.541	5709.791
80451.438	74006.047	5693.046
105230.047	23279.248	5676.301
75446.031	33283.250	5659.556
117672.117	65691.742	5642.812
128441.273	31635.566	5626.067
120076.273	16818.516	5609.322
87948.188	67254.883	5592.577
114273.180	73873.320	5575.833
80571.313	59596.930	5559.088
97742.961	44979.051	5542.343
111050.883	27790.982	5525.598
119789.891	80452.977	5508.854
124433.492	55391.098	5492.109
80833.875	63706.387	5475.364
71125.023	39084.543	5458.619
96366.172	50752.879	5441.875
107505.336	49885.391	5425.130
123661.117	31444.391	5408.385
73663.914	35422.328	5391.640
98339.008	28726.613	5374.896
133734.344	54364.117	5358.151
86595.023	34845.645	5341.406
73593.523	46921.027	5324.661
116296.938	43302.711	5307.917
91970.008	108755.484	5291.172
80720.992	85584.406	5274.427
96836.344	50214.734	5257.682
63909.777	24252.891	5240.938
117692.086	73087.391	5224.193
76149.484	66348.578	5207.448
101528.883	55523.957	5190.703
102260.125	61023.742	5173.959
58282.434	61977.996	5157.214
78092.352	47756.934	5140.469
107014.859	9810.387	5123.724
82840.375	38651.523	5106.980
123531.898	64211.277	5090.235
85066.188	65682.367	5073.490
98184.102	74380.711	5056.745
119441.109	48372.508	5040.001
94633.461	70848.406	5023.256
77490.258	61308.723	5006.511
98785.422	54728.527	4989.766
76450.406	50874.406	4973.022
67302.945	60634.594	4956.277
97844.984	69674.563	4939.532
82665.195	58454.102	4922.787
83556.648	68901.711	4906.043
80065.680	85926.141	4889.298
71847.070	89462.078	4872.553
98823.047	54548.879	4855.808
94840.758	49425.367	4839.064
60772.996	54134.633	4822.319
95928.055	78584.906	4805.574
72766.523	50542.121	4788.829
72389.938	95402.609	4772.085
61408.313	37636.371	4755.340
135393.469	56686.020	4738.595
117234.453	31899.162	4721.850
114751.227	57013.070	4705.106
73013.406	44893.363	4688.361
99526.109	52432.750	4671.616
123934.781	54009.258	4654.871
128142.469	69491.508	4638.127
95054.992	72379.250	4621.382
78130.000	84535.398	4604.637
70696.141	93259.773	4587.892
111098.711	47693.070	4571.148
115143.250	55686.250	4554.403
107702.906	56177.250	4537.658
64878.578	83751.406	4520.913
100449.250	44818.438	4504.169
132459.297	80154.727	4487.424
107658.727	106387.242	4470.679
85881.164	76519.039	4453.934
117125.969	48561.512	4437.190
48588.227	99172.195	4420.445
120851.469	97454.008	4403.700
93749.148	100614.531	4386.955
75807.109	49803.863	4370.211
123583.383	105793.977	4353.466
106938.383	85712.000	4336.721
127950.320	65183.785	4319.976
80508.305	68992.688	4303.232
102816.219	90053.438	4286.487
73490.586	59497.703	4269.742
103631.055	94842.844	4252.997
90388.867	77908.398	4236.253
65171.020	60766.547	4219.508
115068.664	128282.344	4202.763
113104.508	92931.211	4186.018
93492.328	57457.574	4169.274
87999.813	59007.391	4152.529
100526.625	53849.117	4135.784
82106.867	93196.188	4119.039
83474.844	90601.266	4102.295
87057.508	80358.703	4085.550
113651.594	95662.195	4068.805
83027.969	51596.191	4052.060
93976.445	82753.000	4035.316
76227.078	71103.117	4018.571
86679.875	79526.453	4001.826
92153.352	81104.172	3985.081
55295.488	79754.203	3968.337
90743.539	95558.188	3951.592
18963.584	112332.930	3934.847
97649.625	84955.758	3918.102
100633.859	85856.891	3901.358
89481.461	88550.492	3884.613
88444.563	74317.930	3867.868
93945.758	109714.391	3851.123
103483.133	80181.102	3834.379
76609.695	149327.922	3817.634
106599.867	111799.828	3800.889
105235.398	96531.391	3784.144
106418.039	106247.969	3767.400
72483.625	79812.125	3750.655
110952.789	108842.859	3733.910
88368.734	108980.680	3717.165
89226.531	91891.305	3700.421
97581.500	115671.711	3683.676
112173.195	60035.000	3666.931
108159.695	107032.133	3650.186
51287.344	94723.984	3633.442
95808.906	97842.430	3616.697
80562.508	123040.078	3599.952
62012.629	135883.938	3583.207
80100.789	115964.547	3566.463
107614.430	125292.242	3549.718
96304.695	117323.891	3532.973
100710.539	127158.016	3516.228
99532.492	104325.336	3499.484
107405.500	69079.055	3482.739
144460.094	139910.906	3465.994
91270.938	96080.914	3449.249
52034.770	103652.859	3432.505
131801.453	105786.945	3415.760
110862.430	85639.844	3399.015
94461.906	106572.578	3382.270
111867.734	160658.969	3365.526
59684.766	113428.836	3348.781
88828.000	99969.867	3332.036
70817.422	120013.828	3315.291
103363.750	126957.516	3298.547
90896.531	79454.156	3281.802
118617.297	112842.773	3265.057
63520.266	106771.156	3248.312
82036.094	126891.672	3231.568
134265.188	120519.086	3214.823
86412.906	103910.289	3198.078
69274.117	94858.391	3181.333
106417.711	125417.898	3164.589
73805.523	142086.766	3147.844
68028.344	132764.156	3131.099
94497.336	113761.188	3114.354
118101.172	116500.547	3097.610
85631.180	114762.203	3080.865
72585.594	101725.383	3064.120
87214.148	100280.430	3047.375
95806.328	120426.172	3030.631
121361.711	123869.031	3013.886
102032.063	116614.711	2997.141
82393.945	108007.430	2980.396
91230.773	94172.156	2963.652
70214.773	139172.375	2946.907
73009.086	158176.094	2930.162
80480.180	162985.469	2913.417
85540.922	129983.781	2896.673
94459.375	157278.906	2879.928
80180.039	129996.742	2863.183
117145.461	172340.234	2846.438
86621.813	153571.031	2829.694
44670.160	115902.164	2812.949
114551.359	170662.813	2796.204
43357.973	146986.031	2779.459
109726.781	107158.359	2762.715
86828.961	116602.836	2745.970
94308.289	127131.969	2729.225
66967.742	169515.297	2712.480
109650.930	135614.391	2695.736
82825.063	162097.484	2678.991
58339.555	140563.000	2662.246
70515.273	164169.359	2645.501
106589.938	175451.047	2628.757
106114.828	138284.516	2612.012
102022.203	130015.469	2595.267
73795.328	165674.484	2578.522
107196.961	176848.438	2561.778
95517.172	163065.672	2545.033
100585.070	151230.750	2528.288
109721.867	164943.859	2511.543
74627.297	109355.727	2494.799
82079.516	158007.297	2478.054
71107.633	125908.859	2461.309
89730.508	141542.563	2444.564
100053.563	158514.313	2427.820
88507.984	159640.359	2411.075
98343.047	149871.219	2394.330
113901.539	136053.938	2377.585
75224.031	172471.047	2360.841
81347.750	180903.172	2344.096
63361.711	171853.484	2327.351
87396.039	166983.375	2310.606
107478.977	131922.953	2293.862
126558.219	186375.125	2277.117
103260.234	174932.703	2260.372
79701.391	164686.500	2243.627
96053.367	165663.578	2226.883
100447.656	181374.859	2210.138
105123.375	190748.078	2193.393
120645.063	185598.125	2176.648
110258.461	173335.375	2159.904
107004.891	180575.281	2143.159
53629.551	179753.750	2126.414
87981.195	198032.469	2109.669
96477.531	220952.063	2092.925
64802.883	156998.594	2076.180
66492.711	197967.172	2059.435
115637.609	204426.813	2042.690
80841.398	182166.203	2025.946
86548.656	192343.391	2009.201
99528.500	199762.516	1992.456
121211.273	204429.188	1975.711
58428.688	207755.391	1958.967
98380.117	221354.047	1942.222
68342.898	187014.750	1925.477
93233.563	164352.203	1908.732
77336.328	173072.688	1891.988
98915.164	229693.328	1875.243
114838.281	215988.922	1858.498
94637.750	188185.031	1841.753
111525.891	180946.016	1825.009
89301.875	216851.203	1808.264
70588.234	205633.469	1791.519
57447.242	216617.906	1774.774
117460.297	237892.797	1758.030
92047.430	236640.641	1741.285
93877.227	194486.859	1724.540
94493.766	249776.094	1707.795
39436.898	254196.547	1691.051
89342.898	229443.875	1674.306
83634.266	274616.594	1657.561
107066.516	251788.625	1640.816
111420.953	240834.328	1624.072
90335.266	226594.922	1607.327
41177.246	273309.000	1590.582
107482.039	244550.234	1573.837
68633.586	237636.984	1557.093
86546.313	237991.703	1540.348
81145.375	254673.203	1523.603
112558.867	257375.750	1506.858
99200.039	252451.375	1490.114
118113.203	249016.500	1473.369
89823.672	259084.156	1456.624
76711.992	242192.000	1439.879
75367.375	250074.094	1423.135
100270.984	243187.484	1406.390
120032.641	284665.469	1389.645
88001.172	233252.844	1372.900
107151.492	287676.063	1356.156
95554.555	307522.094	1339.411
63849.055	247829.703	1322.666
120947.195	281698.844	1305.921
95852.586	302212.344	1289.177
102797.063	292896.906	1272.432
86867.219	311016.094	1255.687
95116.078	277374.344	1238.942
81213.797	306703.750	1222.198
80378.219	307562.750	1205.453
64462.180	301350.750	1188.708
107722.328	300311.125	1171.963
77492.727	337387.969	1155.219
121065.461	299286.719	1138.474
104815.234	299535.969	1121.729
88451.094	336623.125	1104.984
92874.648	324665.750	1088.240
116175.938	313705.875	1071.495
104069.641	345425.938	1054.750
102187.555	328748.219	1038.005
109644.164	308039.813	1021.261
95767.414	343579.906	1004.516
65251.895	329101.563	987.771
77646.344	370617.781	971.026
106432.781	357075.156	954.282
99246.445	371724.188	937.537
107279.023	347796.625	920.792
109410.953	396238.375	904.047
110569.859	375385.188	887.303
118926.109	372512.063	870.558
108699.102	408177.125	853.813
127399.234	381046.813	837.068
110652.539	421375.000	820.324
136319.609	403038.125	803.579
97316.297	405000.594	786.834
139323.375	415837.094	770.089
90265.977	406007.813	753.345
84313.922	443074.531	736.600
113150.719	429174.594	719.855
108462.664	445938.563	703.110
107151.898	436405.156	686.366
118274.008	455892.375	669.621
131922.344	440003.719	652.876
114599.992	472535.219	636.131
112146.906	468317.188	619.387
103933.492	495668.719	602.642
133729.656	507111.438	585.897
109692.672	483239.375	569.152
134815.094	512828.000	552.408
107737.531	521695.656	535.663
116295.063	494775.938	518.918
98104.469	538465.875	502.173
136759.703	569196.188	485.429
122360.406	534091.438	468.684
127447.516	550195.938	451.939
125937.125	567648.188	435.194
126434.992	593138.063	418.450
146567.063	627086.938	401.705
114198.188	637487.188	384.960
131593.406	630256.375	368.215
133346.766	654960.813	351.471
131859.141	650124.313	334.726
169951.750	692015.875	317.981
153616.719	704655.688	301.236
139721.234	729782.625	284.492
171133.063	736949.313	267.747
198310.734	748507.938	251.002
173163.484	735841.813	234.257
173494.969	786906.625	217.513
211657.641	813970.688	200.768
204040.922	809408.000	184.023
225474.234	846916.313	167.278
206320.172	909403.375	150.534
231068.969	902007.563	133.789
257750.828	939068.313	117.044
280908.313	958885.438	100.299
295789.906	973278.000	83.555
282825.875	1046272.188	66.810
316382.500	1034436.500	50.065
396191.219	1094777.500	33.320
417973.906	1120757.875	16.576
407087.938	1139226.125	-0.169
478325.750	1232879.125	-16.914
501125.344	1222205.875	-33.659
559467.438	1255953.875	-50.403
616129.875	1301508.375	-67.148
641925.375	1319397.250	-83.893
720254.750	1359769.625	-100.638
793572.063	1380736.375	-117.382
889755.375	1446995.750	-134.127
965656.813	1439170.875	-150.872
1077392.125	1430647.125	-167.617
1165084.875	1469912.250	-184.361
1259283.500	1496645.625	-201.106
1395452.000	1518501.375	-217.851
1530327.375	1472250.750	-234.596
1684546.125	1441329.000	-251.340
1830115.375	1372499.250	-268.085
1936409.000	1241987.500	-284.830
2055452.500	1121193.875	-301.575
2124911.750	997053.000	-318.319
2193908.750	857631.813	-335.064
2216699.500	762652.000	-351.809
2280735.500	596614.063	-368.554
2304732.000	446648.250	-385.298
2294140.750	337711.406	-402.043
2188697.250	170237.297	-418.788
2210590.500	51048.457	-435.533
2118594.000	-67223.695	-452.277
2112314.750	-118598.586	-469.022
2046434.125	-214052.594	-485.767
1960509.125	-249084.828	-502.512
1918168.375	-256010.484	-519.256
1879863.750	-298764.656	-536.001
1923065.500	-328979.531	-552.746
1900085.000	-371390.594	-569.491
1876454.875	-424213.188	-586.235
1858505.625	-490045.219	-602.980
1844016.375	-591047.000	-619.725
1829674.500	-667711.250	-636.470
1741405.750	-703627.688	-653.214
1707982.375	-781281.000	-669.959
1616560.250	-861313.813	-686.704
1571993.625	-904842.125	-703.449
1496530.875	-963365.750	-720.193
1436208.000	-995637.188	-736.938
1331947.875	-1009723.875	-753.683
1274411.000	-1002107.188	-770.428
1194357.500	-1039100.750	-787.172
1136519.750	-1020946.188	-803.917
1092205.125	-1029712.375	-820.662
1032887.313	-1024563.063	-837.407
1021555.813	-999155.688	-854.151
942005.313	-992041.188	-870.896
922967.375	-1001019.375	-887.641
870335.250	-983205.000	-904.386
869687.375	-972033.500	-921.130
801485.063	-961025.938	-937.875
783305.375	-956094.438	-954.620
773718.875	-944944.250	-971.365
738952.438	-949803.625	-988.109
701523.438	-977217.688	-1004.854
673577.313	-956178.438	-1021.599
650312.000	-917491.875	-1038.344
587937.938	-948607.938	-1055.088
586646.625	-902516.250	-1071.833
569699.125	-895249.250	-1088.578
494664.281	-892532.563	-1105.323
491781.938	-928177.563	-1122.067
459806.719	-895782.750	-1138.812
441964.344	-864034.938	-1155.557
429716.563	-840363.938	-1172.302
374633.219	-825026.500	-1189.046
361186.250	-821558.813	-1205.791
335084.344	-785473.375	-1222.536
362579.750	-764851.813	-1239.281
333864.281	-766626.750	-1256.025
287041.844	-780286.813	-1272.770
307516.250	-751818.688	-1289.515
280638.719	-713224.250	-1306.260
289286.938	-685168.375	-1323.004
257216.328	-683066.750	-1339.749
248130.516	-710938.250	-1356.494
236973.875	-652778.875	-1373.239
241509.328	-655492.813	-1389.983
216435.766	-651087.625	-1406.728
209901.750	-649605.938	-1423.473
222480.063	-576295.875	-1440.218
230036.453	-607663.250	-1456.962
192758.359	-571379.688	-1473.707
207262.563	-559116.188	-1490.452
176852.563	-582193.250	-1507.197
188812.484	-564642.125	-1523.941
161269.391	-542190.625	-1540.686
177726.922	-546728.250	-1557.431
185812.594	-538272.125	-1574.176
161194.953	-526780.000	-1590.920
142361.609	-508042.469	-1607.665
170529.563	-540807.938	-1624.410
141989.484	-492912.188	-1641.155
168025.922	-482807.344	-1657.899
136236.047	-491069.250	-1674.644
161378.000	-483537.938	-1691.389
168756.797	-452718.219	-1708.134
141573.125	-468064.375	-1724.878
126778.680	-447535.313	-1741.623
142537.250	-455163.219	-1758.368
129417.039	-424948.188	-1775.113
137449.406	-443188.906	-1791.857
102470.297	-439715.375	-1808.602
96519.906	-403918.781	-1825.347
95426.203	-419595.344	-1842.092
124103.500	-385695.875	-1858.836
118126.773	-406708.656	-1875.581
129557.328	-404189.094	-1892.326
129431.563	-372390.813	-1909.071
121989.961	-361559.688	-1925.815
101733.188	-359289.031	-1942.560
119763.586	-363187.844	-1959.305
124103.203	-378738.719	-1976.050
133454.922	-342868.500	-1992.794
120800.703	-361304.688	-2009.539
124232.953	-340013.281	-2026.284
119291.828	-357914.438	-2043.029
111172.117	-317278.656	-2059.773
137587.531	-324613.906	-2076.518
117354.086	-323990.094	-2093.263
80610.164	-340465.438	-2110.008
107083.234	-357100.813	-2126.752
89245.609	-321743.625	-2143.497
104079.445	-304209.469	-2160.242
122224.719	-294159.219	-2176.987
107567.242	-314096.844	-2193.731
115386.914	-284659.938	-2210.476
103581.688	-286627.875	-2227.221
114132.367	-282649.500	-2243.966
129388.961	-270376.000	-2260.710
117572.250	-317859.063	-2277.455
127419.273	-292834.344	-2294.200
123083.008	-280649.688	-2310.944
119750.008	-302763.375	-2327.689
124744.813	-284202.719	-2344.434
99865.938	-282721.906	-2361.179
109335.906	-264697.500	-2377.923
105091.164	-257949.313	-2394.668
125255.492	-269650.438	-2411.413
105559.820	-285266.250	-2428.158
77647.969	-268259.000	-2444.902
93128.539	-263425.000	-2461.647
111369.813	-253102.453	-2478.392
106370.398	-234828.984	-2495.137
128385.344	-221714.656	-2511.881
113067.281	-243473.781	-2528.626
107976.313	-241311.016	-2545.371
105326.906	-241171.203	-2562.116
103868.055	-219148.859	-2578.860
98229.648	-242629.359	-2595.605
103739.438	-248670.859	-2612.350
109658.047	-226398.609	-2629.095
90438.992	-209614.375	-2645.839
120354.602	-240955.063	-2662.584
70514.156	-255757.250	-2679.329
98516.305	-229358.375	-2696.074
96831.516	-218019.766	-2712.818
109694.234	-184800.750	-2729.563
127649.094	-217015.813	-2746.308
107935.203	-212728.281	-2763.053
120823.031	-220541.391	-2779.797
98487.578	-211443.797	-2796.542
93470.625	-212360.703	-2813.287
103262.852	-214446.359	-2830.032
106596.188	-221779.047	-2846.776
133249.266	-196274.484	-2863.521
125277.281	-204812.016	-2880.266
116158.234	-200820.000	-2897.011
116475.672	-214952.672	-2913.755
99147.305	-204692.156	-2930.500
83756.391	-195640.188	-2947.245
99090.047	-186543.516	-2963.990
130946.148	-182024.563	-2980.734
126381.641	-191156.859	-2997.479
84292.133	-190439.125	-3014.224
120010.000	-182631.672	-3030.969
107544.219	-208406.750	-3047.713
112987.625	-205899.313	-3064.458
96839.117	-184962.969	-3081.203
109445.492	-183994.641	-3097.948
108319.813	-195082.453	-3114.692
100647.305	-153737.000	-3131.437
113094.008	-183262.547	-3148.182
97189.992	-168518.359	-3164.927
118580.961	-174602.453	-3181.671
109256.016	-184952.047	-3198.416
93760.563	-188525.953	-3215.161
88669.055	-158308.250	-3231.906
96406.305	-170524.219	-3248.650
76723.102	-187501.266	-3265.395
101886.719	-172061.406	-3282.140
125987.031	-155733.344	-3298.885
114048.047	-155455.328	-3315.629
106238.563	-174370.750	-3332.374
113261.945	-135286.359	-3349.119
107609.227	-177685.625	-3365.864
106761.688	-148124.609	-3382.608
112925.781	-134047.469	-3399.353
92243.727	-160192.406	-3416.098
109630.992	-150159.938	-3432.843
82223.133	-165108.859	-3449.587
107436.688	-175903.313	-3466.332
89895.922	-153197.000	-3483.077
103672.570	-143395.328	-3499.822
96112.844	-130200.469	-3516.566
123219.680	-141766.625	-3533.311
103180.852	-163904.953	-3550.056
76379.148	-119584.172	-3566.801
106896.492	-170419.609	-3583.545
110703.609	-127036.922	-3600.290
89044.867	-103142.320	-3617.035
106763.289	-166470.656	-3633.780
113063.375	-161721.188	-3650.524
95948.820	-124582.070	-3667.269
80084.258	-129138.648	-3684.014
113948.125	-112948.148	-3700.759
119947.594	-132642.594	-3717.503
119865.070	-133352.250	-3734.248
108075.195	-142949.328	-3750.993
102039.953	-142540.953	-3767.738
97429.328	-120020.172	-3784.482
102518.414	-125195.492	-3801.227
95641.195	-128264.344	-3817.972
106916.109	-121874.820	-3834.717
108777.422	-144240.297	-3851.461
96982.180	-124506.328	-3868.206
112416.656	-118722.117	-3884.951
101620.633	-158796.922	-3901.696
102151.227	-120766.461	-3918.440
74878.641	-111815.234	-3935.185
100475.578	-112129.813	-3951.930
116608.297	-129527.836	-3968.675
90214.484	-134574.063	-3985.419
102446.336	-138123.594	-4002.164
91687.594	-109145.711	-4018.909
59581.688	-115191.922	-4035.654
91367.828	-132556.500	-4052.398
78865.828	-123328.391	-4069.143
101817.969	-89115.781	-4085.888
89838.609	-111542.008	-4102.633
107754.625	-139338.156	-4119.377
98522.102	-123511.133	-4136.122
95960.883	-111321.789	-4152.867
123914.359	-131886.063	-4169.612
105858.742	-121983.789	-4186.356
102966.219	-97165.727	-4203.101
101757.234	-141636.953	-4219.846
88754.625	-95480.414	-4236.591
102457.945	-121262.234	-4253.335
105789.586	-130919.398	-4270.080
113304.031	-103591.039	-4286.825
114083.625	-93078.734	-4303.570
127541.883	-87373.773	-4320.314
74218.594	-104836.875	-4337.059
103123.875	-109634.102	-4353.804
95800.086	-123960.219	-4370.549
80212.648	-111993.422	-4387.293
110532.609	-113472.063	-4404.038
74631.344	-86229.391	-4420.783
100152.438	-108121.148	-4437.528
102198.953	-104247.164	-4454.272
80561.484	-98550.766	-4471.017
85520.289	-133550.422	-4487.762
112396.766	-110548.680	-4504.507
99981.547	-124525.516	-4521.251
108344.453	-101843.305	-4537.996
98735.914	-83853.984	-4554.741
96168.883	-90894.164	-4571.486
97857.430	-89630.438	-4588.230
98219.820	-110556.586	-4604.975
82424.094	-111678.781	-4621.720
90406.734	-87618.836	-4638.465
97565.656	-96044.125	-4655.209
104907.875	-101651.234	-4671.954
96608.883	-106059.414	-4688.699
74282.641	-84327.148	-4705.444
90948.844	-75055.625	-4722.188
103801.961	-101156.625	-4738.933
103058.133	-97272.328	-4755.678
96098.484	-111764.758	-4772.423
110960.719	-98400.180	-4789.167
98442.234	-98658.039	-4805.912
103981.461	-99222.461	-4822.657
89479.383	-115570.813	-4839.402
97146.438	-89620.641	-4856.146
82436.773	-71774.375	-4872.891
84110.234	-95082.953	-4889.636
124626.359	-87660.023	-4906.381
119019.031	-81500.836	-4923.125
93630.641	-100251.453	-4939.870
113118.891	-76596.148	-4956.615
101809.984	-75226.680	-4973.360
114985.453	-83664.758	-4990.104
91079.180	-97936.672	-5006.849
58027.367	-105699.766	-5023.594
88000.523	-87769.094	-5040.339
99157.836	-74247.633	-5057.083
97840.414	-75734.094	-5073.828
101526.242	-60638.055	-5090.573
87612.898	-99930.609	-5107.318
111803.266	-76742.789	-5124.062
105134.859	-71669.195	-5140.807
132606.094	-115052.867	-5157.552
103531.133	-82857.703	-5174.297
107807.367	-98435.688	-5191.041
122943.508	-86997.953	-5207.786
94212.977	-90294.672	-5224.531
75133.680	-69837.875	-5241.276
103503.281	-73485.938	-5258.020
86757.859	-51423.508	-5274.765
73614.820	-87601.656	-5291.510
86396.180	-86972.141	-5308.255
98734.641	-56116.266	-5324.999
96646.742	-69270.773	-5341.744
84471.805	-70586.898	-5358.489
72214.297	-47933.422	-5375.234
91813.992	-73592.430	-5391.978
100367.391	-52358.895	-5408.723
124487.000	-71987.227	-5425.468
111763.961	-85264.961	-5442.213
66709.266	-74989.938	-5458.957
92814.430	-61979.379	-5475.702
95043.672	-85713.719	-5492.447
85731.102	-42969.582	-5509.192
111816.344	-66222.555	-5525.936
90496.742	-72133.008	-5542.681
90547.477	-72899.617	-5559.426
113907.406	-62156.797	-5576.171
93540.758	-62915.121	-5592.915
102465.203	-43275.754	-5609.660
113940.711	-49985.816	-5626.405
83360.125	-42052.168	-5643.150
104956.578	-75776.375	-5659.894
111788.781	-54323.625	-5676.639
85092.133	-58121.141	-5693.384
86183.375	-70885.578	-5710.129
98497.961	-70724.156	-5726.873
111226.781	-60990.434	-5743.618
112999.750	-63191.336	-5760.363
109616.852	-71821.219	-5777.108
92769.563	-74094.211	-5793.852
106099.602	-56199.684	-5810.597
95430.984	-65124.031	-5827.342
98999.039	-43735.379	-5844.087
96128.195	-70702.195	-5860.831
102547.188	-53504.555	-5877.576
103735.523	-46128.883	-5894.321
86306.117	-52210.875	-5911.066
85916.352	-38530.707	-5927.810
96715.883	-60189.324	-5944.555
138147.625	-67032.445	-5961.300
102441.680	-56307.152	-5978.045
95455.031	-60131.340	-5994.789
91296.359	-68717.906	-6011.534
98941.633	-70644.281	-6028.279
92082.297	-44592.605	-6045.024
92398.164	-47501.813	-6061.768
99161.320	-56858.539	-6078.513
84266.688	-66172.469	-6095.258
107723.469	-46196.750	-6112.003
92220.438	-47618.504	-6128.747
97712.617	-54523.324	-6145.492
97692.344	-37417.809	-6162.237
84874.789	-56302.406	-6178.982
104286.930	-76807.906	-6195.726
95660.281	-61891.301	-6212.471
80553.672	-56810.680	-6229.216
98604.313	-80254.555	-6245.961
97469.984	-52287.965	-6262.705
117940.508	-55465.895	-6279.450
113909.047	-61685.914	-6296.195
102432.578	-37837.211	-6312.940
78527.969	-35534.348	-6329.684
116270.344	-58660.938	-6346.429
84069.000	-27525.555	-6363.174
100696.938	-61155.707	-6379.919
90339.156	-31369.168	-6396.663
87409.469	-37594.969	-6413.408
69852.914	-26188.543	-6430.153
95838.195	-57454.004	-6446.898
91392.352	-51077.617	-6463.642
90739.445	-53741.504	-6480.387
112887.984	-31866.980	-6497.132
93660.078	-38919.531	-6513.877
98088.836	-43428.559	-6530.621
87523.414	-43672.242	-6547.366
95046.859	-33309.715	-6564.111
106709.188	-52848.598	-6580.856
101903.070	-23156.898	-6597.600
79366.555	-64166.391	-6614.345
105257.336	-56436.070	-6631.090
105237.547	-32288.961	-6647.835
94780.664	-50350.539	-6664.579
106814.258	-50619.660	-6681.324
108658.391	-33445.418	-6698.069
94618.273	-40383.930	-6714.814
110237.992	-41209.832	-6731.558
92764.375	-37791.531	-6748.303
109984.859	-44655.352	-6765.048
107425.414	-34926.992	-6781.793
107789.086	-48671.980	-6798.537
79965.477	-54677.605	-6815.282
80997.563	-35911.348	-6832.027
102732.648	-35740.820	-6848.772
99815.742	-21137.297	-6865.516
98511.141	-43684.602	-6882.261
93395.359	-40107.574	-6899.006
78378.156	-23536.920	-6915.751
117985.445	-39589.090	-6932.495
88637.813	-29938.229	-6949.240
98457.195	-37101.813	-6965.985
98402.633	-56859.723	-6982.730
87706.695	-52996.199	-6999.474
66018.547	-49801.090	-7016.219
96554.898	-33524.500	-7032.964
86542.492	-53892.242	-7049.709
113589.922	-26172.031	-7066.453
104491.641	-35093.270	-7083.198
110624.320	-25449.762	-7099.943
94056.063	-29377.230	-7116.688
93230.930	-51649.707	-7133.432
101476.383	-55159.656	-7150.177
100464.234	-36321.180	-7166.922
84456.305	-37763.035	-7183.667
92906.422	-17620.436	-7200.411
85213.391	-33187.184	-7217.156
92602.711	-35442.676	-7233.901
80369.352	-31483.359	-7250.646
91687.813	-16481.523	-7267.390
78650.352	-13254.671	-7284.135
58936.258	-20953.223	-7300.880
85401.211	-5053.726	-7317.625
103918.641	-31117.707	-7334.369
83072.594	-24955.230	-7351.114
104888.625	-516.242	-7367.859
90904.914	-45228.672	-7384.604
109379.313	-11029.936	-7401.348
93453.023	-51221.543	-7418.093
82973.227	-13654.937	-7434.838
99202.531	-34662.410	-7451.583
90598.406	-22885.412	-7468.327
103766.383	-17654.277	-7485.072
92727.258	-36571.828	-7501.817
91862.063	-40962.633	-7518.562
90042.148	-17350.447	-7535.306
89208.188	-30479.748	-7552.051
91556.070	-5722.221	-7568.796
118058.313	4056.498	-7585.541
111617.891	-14817.988	-7602.285
76697.367	-20140.850	-7619.030
89339.898	-15079.038	-7635.775
105379.719	-11629.307	-7652.520
84663.141	-30928.416	-7669.264
95827.641	-1910.009	-7686.009
103233.039	-5937.338	-7702.754
84162.734	-31852.779	-7719.499
101219.039	-28819.236	-7736.243
85832.180	-3435.417	-7752.988
71294.391	-34525.559	-7769.733
106947.523	-17343.520	-7786.478
96512.625	-9259.256	-7803.222
107589.969	-11325.059	-7819.967
96099.742	-24247.711	-7836.712
96393.984	-25084.273	-7853.457
93403.672	-4423.754	-7870.201
81214.859	-4345.923	-7886.946
77477.383	-843.902	-7903.691
85699.352	486.016	-7920.436
107351.633	-7368.150	-7937.180
103733.266	1375.164	-7953.925
100789.453	-10716.098	-7970.670
101462.242	-25518.127	-7987.415
104870.938	-32610.717	-8004.159
111428.617	-15828.621	-8020.904
86654.188	-4470.744	-8037.649
84482.242	-2344.420	-8054.394
89455.742	-5423.047	-8071.138
97343.055	-20313.063	-8087.883
89417.508	-15055.228	-8104.628
85287.250	-23181.242	-8121.373
118570.281	-27046.947	-8138.117
101063.688	-1771.205	-8154.862
112097.391	-3882.426	-8171.607
104522.477	5922.836	-8188.352
111909.531	-4765.622	-8205.096
95308.727	-607.258	-8221.841
93385.719	-36546.887	-8238.586
85560.109	8799.293	-8255.331
83035.547	-33411.617	-8272.075
72097.227	425.815	-8288.820
89540.664	1574.239	-8305.565
94090.172	-21573.656	-8322.310
56519.129	-15346.086	-8339.054
107089.195	11676.919	-8355.799
110908.797	13815.355	-8372.544
116411.047	-21276.301	-8389.289
71816.539	-436.398	-8406.033
74106.633	11252.867	-8422.778
117767.039	-4646.785	-8439.523
123814.602	-36942.719	-8456.268
93463.477	8226.911	-8473.012
92019.953	26773.605	-8489.757
71929.336	6852.851	-8506.502
99602.047	-6254.886	-8523.247
99732.586	16866.098	-8539.991
81493.117	-7748.959	-8556.736
