Data Point Listing of File C:\NTNMR\data\Dan\LiFePO4\[010]\P31 [010] 60deg.tnt
Starting Point:	1	Ending Point:	1024
Real	Imag	Hz
59208.195	-24166.770	2499980.282
8422.603	-15516.979	2495097.470
17350.162	-36449.098	2490214.657
69858.430	7363.335	2485331.845
32957.016	-24834.498	2480449.032
17851.031	4009.120	2475566.220
52524.426	-19112.645	2470683.407
44682.941	-7869.496	2465800.595
36545.211	1808.346	2460917.782
67211.734	32617.047	2456034.970
26547.080	33391.949	2451152.157
18727.092	10223.620	2446269.345
19291.592	-20542.396	2441386.532
21949.990	-2750.984	2436503.720
25621.877	17706.178	2431620.907
42565.855	7706.304	2426738.095
30972.801	-17077.912	2421855.282
11328.110	16836.900	2416972.470
36979.336	-20767.268	2412089.657
25326.719	-7164.479	2407206.845
13824.502	18496.102	2402324.032
15559.228	15221.744	2397441.220
27955.324	-2892.522	2392558.407
65033.402	1220.653	2387675.595
2258.467	-6900.523	2382792.782
6630.888	24145.939	2377909.970
43436.430	11750.188	2373027.157
44969.719	6649.421	2368144.345
31649.188	-1926.923	2363261.532
19110.260	22997.068	2358378.720
28262.480	-11088.344	2353495.907
29610.148	-83.362	2348613.095
13938.312	-4146.855	2343730.282
18634.455	-45.541	2338847.470
28223.951	12586.330	2333964.657
18553.797	12767.453	2329081.845
35821.789	10431.511	2324199.032
48873.008	14915.062	2319316.220
26669.027	-13377.453	2314433.407
13607.801	10392.107	2309550.595
29315.914	28812.043	2304667.782
46547.086	9936.994	2299784.970
19739.689	-11452.175	2294902.157
46183.809	46629.730	2290019.345
8007.517	-25473.092	2285136.532
6515.745	3602.103	2280253.720
27479.332	10367.905	2275370.907
15839.533	31527.576	2270488.095
41716.324	-20803.219	2265605.282
18611.068	-2655.760	2260722.470
28645.646	30415.357	2255839.657
28764.344	24821.709	2250956.845
34361.957	31271.811	2246074.032
28692.279	5097.140	2241191.220
24167.678	-11134.546	2236308.407
15769.297	12008.518	2231425.595
31328.809	6981.412	2226542.782
34378.422	23682.514	2221659.970
47829.035	21557.242	2216777.157
49324.098	22107.240	2211894.345
7978.179	-2337.124	2207011.532
27434.740	22342.191	2202128.720
21166.053	14411.598	2197245.907
25255.471	-13121.824	2192363.095
40285.266	2777.716	2187480.282
37999.926	-22080.668	2182597.470
31881.438	61174.434	2177714.657
243.127	6314.633	2172831.845
20771.814	-380.344	2167949.032
25861.143	27352.248	2163066.220
32627.004	-15659.864	2158183.407
35428.621	-10686.429	2153300.595
11520.832	40788.461	2148417.782
34554.137	8585.876	2143534.970
14795.937	-20786.604	2138652.157
31188.092	-20082.100	2133769.345
39182.430	-987.238	2128886.532
33952.656	-49137.348	2124003.720
-1141.673	45903.906	2119120.907
-2800.346	27962.844	2114238.095
16902.465	14081.593	2109355.282
50542.969	4381.828	2104472.470
35177.207	22093.092	2099589.657
9073.729	10184.730	2094706.845
2253.080	33581.223	2089824.032
17778.850	9541.016	2084941.220
65033.543	11680.821	2080058.407
-8278.294	8489.345	2075175.595
10286.089	-9015.889	2070292.782
29875.521	-14726.407	2065409.970
38429.125	14093.985	2060527.157
9354.873	-14962.297	2055644.345
8730.968	-7094.191	2050761.532
-6424.359	-12893.249	2045878.720
5531.378	-17207.188	2040995.907
-702.246	18885.488	2036113.095
58640.754	23657.705	2031230.282
18117.908	18661.777	2026347.470
4828.381	41018.578	2021464.657
37847.949	724.630	2016581.845
77334.266	-1762.971	2011699.032
38239.273	5613.199	2006816.220
45769.336	25956.566	2001933.407
9227.487	21384.078	1997050.595
18105.248	26717.195	1992167.782
10453.975	-37754.449	1987284.970
7177.842	37957.977	1982402.157
30592.770	10228.655	1977519.345
19863.572	188.465	1972636.532
46669.684	6650.344	1967753.720
5083.750	33304.426	1962870.907
43286.563	-57.994	1957988.095
37463.590	2493.453	1953105.282
22412.600	-3883.770	1948222.470
2794.950	3447.635	1943339.657
38166.426	-28621.359	1938456.845
5697.242	14911.410	1933574.032
1253.410	13682.125	1928691.220
30077.305	31011.129	1923808.407
6494.059	8102.007	1918925.595
30475.344	1958.007	1914042.782
43603.609	20188.779	1909159.970
17695.139	45814.504	1904277.157
21921.770	-2106.523	1899394.345
67589.617	-44982.184	1894511.532
11065.716	928.127	1889628.720
52312.801	48233.598	1884745.907
7496.541	-843.295	1879863.095
1191.833	30842.928	1874980.282
66426.477	-1266.878	1870097.470
-13182.027	7462.356	1865214.657
8074.339	21184.049	1860331.845
11792.192	-1900.670	1855449.032
20503.527	17100.422	1850566.220
57774.258	4574.342	1845683.407
6824.643	-19116.984	1840800.595
16343.797	-29907.602	1835917.782
-8313.193	5404.000	1831034.970
23747.305	-5429.421	1826152.157
2130.943	-808.084	1821269.345
63567.629	-6803.044	1816386.532
27497.531	23859.730	1811503.720
29487.525	-20768.521	1806620.907
21691.213	-62153.477	1801738.095
10133.597	-15102.925	1796855.282
-862.607	11202.543	1791972.470
17564.252	-1458.272	1787089.657
-8066.201	36087.824	1782206.845
57395.426	11285.223	1777324.032
-5979.112	30007.666	1772441.220
-20724.863	14343.036	1767558.407
-9372.895	2802.464	1762675.595
17999.777	26218.352	1757792.782
-15537.850	-15118.619	1752909.970
36259.434	-2862.259	1748027.157
5799.350	11322.673	1743144.345
52928.293	4358.358	1738261.532
41857.449	95088.961	1733378.720
22025.816	14427.853	1728495.907
12901.193	18841.895	1723613.095
35074.871	-15421.620	1718730.282
-25124.457	4452.108	1713847.470
29584.740	26942.422	1708964.657
-24653.885	-12715.609	1704081.845
36950.254	22111.822	1699199.032
-1295.589	33646.164	1694316.220
18734.947	31939.805	1689433.407
40101.758	-15762.786	1684550.595
47514.629	37176.035	1679667.782
30555.314	6039.640	1674784.970
3505.565	646.690	1669902.157
-8518.787	7298.180	1665019.345
9117.291	16703.863	1660136.532
33185.902	-18420.127	1655253.720
38614.703	-22561.971	1650370.907
11805.939	-22938.336	1645488.095
15636.008	-15502.698	1640605.282
5298.458	4596.059	1635722.470
-9732.438	38385.176	1630839.657
19255.297	18460.006	1625956.845
32349.359	13724.398	1621074.032
7857.727	76806.063	1616191.220
63985.078	-10133.382	1611308.407
2668.313	-11299.093	1606425.595
14073.401	72787.672	1601542.782
22225.639	-21501.773	1596659.970
101863.000	33079.805	1591777.157
15360.157	4248.992	1586894.345
6543.132	10072.095	1582011.532
28716.139	56394.648	1577128.720
-29475.420	-2166.427	1572245.907
27464.533	61207.301	1567363.095
32432.758	12141.610	1562480.282
61012.246	17346.699	1557597.470
25373.309	27013.561	1552714.657
36557.434	4126.029	1547831.845
54988.656	10167.862	1542949.032
565.940	21506.170	1538066.220
87375.094	30072.730	1533183.407
57355.375	51161.602	1528300.595
42586.492	49187.855	1523417.782
33684.348	-4630.855	1518534.970
-13102.253	31439.080	1513652.157
-14428.722	62143.078	1508769.345
78204.930	-1690.877	1503886.532
-18240.578	-15015.626	1499003.720
58110.465	4039.141	1494120.907
45146.430	38172.156	1489238.095
57769.109	82182.859	1484355.282
27109.855	45865.613	1479472.470
-1986.238	68716.219	1474589.657
6493.467	61757.438	1469706.845
52779.707	16526.977	1464824.032
-21978.990	33901.051	1459941.220
-13651.080	26695.174	1455058.407
75399.188	11513.172	1450175.595
-4858.654	36200.820	1445292.782
36095.430	10620.951	1440409.970
22433.010	58199.180	1435527.157
27991.500	3717.740	1430644.345
-10576.248	72245.344	1425761.532
32570.070	30122.814	1420878.720
18138.281	52395.398	1415995.907
47791.574	25071.203	1411113.095
45425.828	-7998.731	1406230.282
1408.640	17454.561	1401347.470
5298.090	-6756.023	1396464.657
48397.203	900.426	1391581.845
25666.916	-48764.914	1386699.032
18445.533	80878.898	1381816.220
49007.059	32468.248	1376933.407
18640.242	50637.258	1372050.595
22483.404	53784.199	1367167.782
36153.016	45208.906	1362284.970
60650.195	31363.590	1357402.157
80953.453	65636.609	1352519.345
12458.126	-10663.744	1347636.532
-6777.230	-1738.453	1342753.720
106520.063	-8493.103	1337870.907
23117.031	4643.761	1332988.095
1779.860	68198.680	1328105.282
48771.266	32295.943	1323222.470
12631.283	62628.695	1318339.657
-7676.582	32877.301	1313456.845
19451.242	78791.672	1308574.032
25329.688	11222.888	1303691.220
-49643.551	-13696.374	1298808.407
21898.254	4615.999	1293925.595
21594.014	4488.837	1289042.782
73069.984	-33867.695	1284159.970
67517.555	-28523.742	1279277.157
-49073.258	9621.905	1274394.345
13033.701	39189.172	1269511.532
31207.061	-44182.027	1264628.720
-8612.870	-24904.242	1259745.907
9778.533	70536.422	1254863.095
79178.438	42653.141	1249980.282
-34214.652	629.111	1245097.470
38503.410	6331.227	1240214.657
26041.057	-8806.478	1235331.845
52494.883	-16168.339	1230449.032
37144.148	-13103.487	1225566.220
-27888.143	26402.430	1220683.407
91142.078	44068.215	1215800.595
15987.076	56934.301	1210917.782
8010.914	-60636.172	1206034.970
90190.258	18330.406	1201152.157
44184.027	25881.154	1196269.345
23228.084	100054.781	1191386.532
11696.664	33713.766	1186503.720
-21742.869	81475.031	1181620.907
67811.477	-38012.824	1176738.095
-6717.720	38093.066	1171855.282
11026.324	4518.959	1166972.470
48308.363	-28286.457	1162089.657
53083.641	39545.020	1157206.845
-17641.658	30850.098	1152324.032
49984.793	100821.148	1147441.220
34173.016	-31726.711	1142558.407
79343.695	-69255.508	1137675.595
52423.711	454.132	1132792.782
75690.195	29605.240	1127909.970
94555.398	15602.550	1123027.157
10540.593	43294.016	1118144.345
59168.340	26991.615	1113261.532
41707.613	20022.430	1108378.720
51946.965	38143.055	1103495.907
-8595.561	-35458.422	1098613.095
-36221.254	26314.828	1093730.282
64409.078	58601.785	1088847.470
29480.217	125381.547	1083964.657
36995.660	17389.848	1079081.845
41378.902	22578.320	1074199.032
4910.548	94704.508	1069316.220
52013.773	11083.583	1064433.407
11248.779	55736.727	1059550.595
37851.844	44643.242	1054667.782
30746.170	17335.520	1049784.970
8940.972	147937.688	1044902.157
-26998.721	-17630.557	1040019.345
-20805.521	12625.821	1035136.532
16977.201	3315.069	1030253.720
13711.707	28269.324	1025370.907
25340.744	-21640.564	1020488.095
19979.260	81721.359	1015605.282
17316.520	-14166.076	1010722.470
33506.133	-9797.145	1005839.657
-12960.910	80828.195	1000956.845
-25884.406	68065.133	996074.032
-9409.935	14482.197	991191.220
42545.090	26886.107	986308.407
38856.945	105050.555	981425.595
53825.008	132959.688	976542.782
56872.352	86037.828	971659.970
36516.695	61986.773	966777.157
18948.305	-4998.151	961894.345
28516.314	106509.047	957011.532
19451.520	69518.500	952128.720
-22873.998	148978.828	947245.907
14065.733	24822.305	942363.095
24897.865	118374.570	937480.282
68850.070	53599.637	932597.470
16340.547	50531.121	927714.657
-11970.527	-32122.727	922831.845
62256.758	-14729.249	917949.032
54644.148	33529.527	913066.220
29295.260	41049.906	908183.407
11506.567	95650.906	903300.595
21514.555	12834.227	898417.782
-10465.481	-24784.232	893534.970
-25726.512	-17978.744	888652.157
97337.938	17552.891	883769.345
-25366.797	62066.500	878886.532
40151.199	55781.406	874003.720
15053.637	115895.727	869120.907
101924.250	24646.578	864238.095
56602.316	2158.486	859355.282
50046.859	61395.879	854472.470
-5548.247	61637.828	849589.657
-11435.779	81291.008	844706.845
83316.578	44249.879	839824.032
-27317.518	71796.781	834941.220
-7334.169	59413.250	830058.407
-23328.383	68194.789	825175.595
105294.820	98032.633	820292.782
58523.547	30067.666	815409.970
103437.203	16416.725	810527.157
26251.014	30502.713	805644.345
56360.250	54969.137	800761.532
26542.090	3851.504	795878.720
23283.557	109279.719	790995.907
33237.883	65606.000	786113.095
15628.754	81555.086	781230.282
42994.945	37295.348	776347.470
116366.023	7600.691	771464.657
28176.018	91006.805	766581.845
53011.305	35423.086	761699.032
-6737.565	40662.977	756816.220
14378.201	42593.281	751933.407
9596.861	39881.762	747050.595
47474.363	58990.094	742167.782
61923.090	26419.912	737284.970
152248.469	15311.239	732402.157
3232.833	22010.854	727519.345
-24375.127	39208.156	722636.532
-51130.449	49635.027	717753.720
30471.631	-61347.656	712870.907
-16108.347	57444.598	707988.095
15029.484	64386.609	703105.282
51297.234	48621.855	698222.470
43673.766	105460.602	693339.657
23578.506	8590.601	688456.845
-13023.891	79124.156	683574.032
22927.258	117194.508	678691.220
-53929.016	99771.641	673808.407
720.902	70807.133	668925.595
46194.770	50918.535	664042.782
8473.432	114094.953	659159.970
12167.244	66499.141	654277.157
58243.586	36587.258	649394.345
-54467.020	96599.656	644511.532
29512.480	56292.758	639628.720
31644.535	32791.137	634745.907
84508.313	81858.789	629863.095
36163.273	72084.453	624980.282
29085.084	114123.445	620097.470
69421.922	108355.063	615214.657
-4256.990	73472.086	610331.845
94370.563	8315.604	605449.032
2811.437	23200.889	600566.220
-55187.414	34677.156	595683.407
70661.055	111248.625	590800.595
3809.442	76139.555	585917.782
87913.742	80953.172	581034.970
11602.374	62325.699	576152.157
-33497.379	66309.641	571269.345
-16706.678	76803.258	566386.532
26672.846	71121.063	561503.720
51223.977	132552.781	556620.907
1674.548	-10291.157	551738.095
86442.586	79912.383	546855.282
-27560.723	59526.121	541972.470
-8985.379	101650.234	537089.657
49757.707	80894.773	532206.845
117218.211	78297.641	527324.032
14575.113	125294.305	522441.220
37134.887	100544.711	517558.407
-11753.342	142885.938	512675.595
-33518.184	111817.422	507792.782
33507.605	77961.469	502909.970
57208.848	62681.684	498027.157
-4099.177	106518.180	493144.345
56884.816	114308.172	488261.532
-15506.387	143918.813	483378.720
74405.188	56219.996	478495.907
32762.508	80105.695	473613.095
-31572.145	90799.938	468730.282
35238.672	170777.516	463847.470
-16682.932	97308.891	458964.657
89814.633	40520.219	454081.845
47330.449	106707.016	449199.032
158640.922	145386.156	444316.220
-69658.313	13020.354	439433.407
20104.412	133329.672	434550.595
81864.359	131598.422	429667.782
37466.801	139613.688	424784.970
-3203.439	84648.977	419902.157
32919.789	170350.234	415019.345
18199.051	138286.594	410136.532
78861.539	110515.391	405253.720
40047.891	53570.086	400370.907
64315.086	228469.781	395488.095
97955.227	199888.906	390605.282
143098.594	5645.639	385722.470
28869.211	151735.031	380839.657
19986.271	127736.047	375956.845
-51788.984	136377.563	371074.032
-727.853	161762.547	366191.220
-23299.037	41966.148	361308.407
18851.875	198443.000	356425.595
89705.602	143626.609	351542.782
120448.070	180247.500	346659.970
51181.258	108466.820	341777.157
72741.484	168919.422	336894.345
57157.238	118736.242	332011.532
126347.547	125971.406	327128.720
41400.711	118810.492	322245.907
-85842.563	70672.750	317363.095
-42777.355	259339.469	312480.282
52746.309	65219.363	307597.470
129586.469	211867.422	302714.657
-45670.754	146121.359	297831.845
105594.672	148348.453	292949.032
-107141.125	202861.063	288066.220
57913.102	289752.219	283183.407
22883.766	230746.000	278300.595
19543.680	197590.828	273417.782
18.190	210800.109	268534.970
-44823.785	305273.156	263652.157
81084.703	333186.688	258769.345
-30313.584	311894.750	253886.532
-16365.396	313241.438	249003.720
-15703.501	319254.906	244120.907
111437.578	362268.188	239238.095
30011.195	336655.313	234355.282
-42030.082	296994.844	229472.470
16139.609	458508.125	224589.657
24054.395	538459.313	219706.845
110310.547	553119.125	214824.032
176664.594	561923.000	209941.220
223198.922	775049.438	205058.407
242810.891	801097.188	200175.595
369230.344	836138.063	195292.782
577127.688	796464.750	190409.970
658461.750	932773.688	185527.157
866645.625	898625.625	180644.345
1036407.250	877666.875	175761.532
1404305.250	634399.688	170878.720
1491400.500	441753.875	165995.907
1784861.000	179530.000	161113.095
1877406.875	-178772.828	156230.282
1675676.625	-599970.438	151347.470
1448431.250	-973415.688	146464.657
1145985.750	-1153616.375	141581.845
686670.188	-1390632.625	136699.032
251181.844	-1235723.750	131816.220
18434.314	-956867.438	126933.407
-235487.328	-877448.313	122050.595
-186161.672	-682862.938	117167.782
-334960.625	-485951.906	112284.970
-246306.641	-440827.563	107402.157
-247578.219	-257169.516	102519.345
-83691.188	-78579.188	97636.532
-217625.859	-41613.051	92753.720
-122147.664	-105951.398	87870.907
-62198.613	-112916.633	82988.095
34432.281	-20398.891	78105.282
154850.563	113638.070	73222.470
-75999.195	71517.359	68339.657
68885.219	62296.582	63456.845
111777.813	125248.266	58574.032
58859.582	75026.313	53691.220
18940.697	66679.508	48808.407
14170.619	5269.571	43925.595
57198.391	30269.986	39042.782
109701.328	90800.344	34159.970
200899.375	2489.801	29277.157
76178.805	2730.539	24394.345
85309.344	143414.203	19511.532
39221.723	98739.117	14628.720
104707.781	147069.313	9745.907
112545.133	76513.266	4863.095
126834.813	261890.266	-19.718
174365.266	304031.469	-4902.530
382032.469	209292.156	-9785.343
475918.156	266757.750	-14668.155
453892.000	263871.000	-19550.968
495278.813	228639.406	-24433.780
551704.375	172935.938	-29316.593
736331.563	177167.813	-34199.405
784546.938	-144423.391	-39082.218
689199.688	-250802.234	-43965.030
707955.188	-174749.266	-48847.843
564766.313	-281618.250	-53730.655
748880.750	-382359.438	-58613.468
413985.625	-563630.500	-63496.280
434664.250	-694970.625	-68379.093
264818.531	-502657.875	-73261.905
171138.906	-535384.000	-78144.718
-32042.699	-432371.344	-83027.530
222906.703	-327687.375	-87910.343
160120.625	-399439.438	-92793.155
97830.234	-417406.063	-97675.968
-27823.203	-196250.734	-102558.780
-71932.656	-333015.500	-107441.593
47329.789	-198480.406	-112324.405
65031.254	-189481.719	-117207.218
63252.707	-291432.219	-122090.030
798.837	-272709.000	-126972.843
-20679.393	-134999.266	-131855.655
58175.250	-205046.750	-136738.468
-113978.508	-268529.906	-141621.280
176521.328	-225440.203	-146504.093
8527.829	-225359.797	-151386.905
23841.004	-229030.047	-156269.718
58297.441	-100498.195	-161152.530
42334.984	-114914.617	-166035.343
6990.746	-132000.266	-170918.155
4700.143	-61256.969	-175800.968
-9107.899	-185647.266	-180683.780
-66213.664	-208422.563	-185566.593
-43963.543	-158632.250	-190449.405
97546.813	-146463.109	-195332.218
117686.883	-309498.344	-200215.030
21066.563	-235891.609	-205097.843
229643.953	-42785.105	-209980.655
148306.969	-120633.352	-214863.468
79018.641	-92495.758	-219746.280
122552.781	-97519.727	-224629.093
50306.387	-91541.977	-229511.905
36030.566	-119562.359	-234394.718
-109299.930	-256676.281	-239277.530
87716.836	-66057.328	-244160.343
109539.680	-172477.203	-249043.155
-102523.727	-198598.156	-253925.968
-9314.013	-227854.484	-258808.780
-23774.387	-151819.547	-263691.593
63329.418	-13207.163	-268574.405
-10229.104	-41778.680	-273457.218
140137.547	-168359.844	-278340.030
-4134.507	-128717.563	-283222.843
108462.828	-90548.008	-288105.655
28399.133	-199024.984	-292988.468
89979.625	-14809.636	-297871.280
-11506.204	-140836.781	-302754.093
-6074.286	-263809.938	-307636.905
20856.795	-24510.264	-312519.718
97983.227	-113379.547	-317402.530
48069.098	-181647.938	-322285.343
94864.117	-149742.547	-327168.155
57439.598	-85627.273	-332050.968
-66422.016	-148553.625	-336933.780
112982.727	-173118.359	-341816.593
40086.961	-86357.609	-346699.405
-101160.773	-125476.156	-351582.218
-9066.812	-112698.070	-356465.030
-63793.633	-105284.164	-361347.843
23701.131	-31812.461	-366230.655
-32809.676	-91104.500	-371113.468
152070.938	12311.516	-375996.280
51339.867	-53248.652	-380879.093
158008.938	-56617.367	-385761.905
19809.381	-97617.922	-390644.718
106114.125	-74680.961	-395527.530
-65775.570	-224131.141	-400410.343
23340.762	-113077.820	-405293.155
-6598.562	-1034.870	-410175.968
-45124.926	-95215.758	-415058.780
2360.108	-63377.863	-419941.593
-10422.811	59968.945	-424824.405
-19584.553	-47801.785	-429707.218
-13604.904	-145342.094	-434590.030
51786.008	-24435.854	-439472.843
61514.203	2441.302	-444355.655
8830.640	-52031.695	-449238.468
117179.125	-80186.633	-454121.280
-37514.168	-130276.500	-459004.093
-4294.412	-8009.485	-463886.905
-18111.564	-97257.930	-468769.718
49118.867	-14112.071	-473652.530
49307.746	-135414.078	-478535.343
45774.266	-113280.984	-483418.155
78610.563	37721.813	-488300.968
-46782.684	-109877.789	-493183.780
71657.820	15132.432	-498066.593
23973.420	-87803.906	-502949.405
94977.555	-28889.277	-507832.218
55875.535	-24320.412	-512715.030
3321.491	-58174.141	-517597.843
7806.760	-25432.875	-522480.655
-64700.273	-92014.000	-527363.468
-82382.922	-73065.422	-532246.280
-66785.289	62203.566	-537129.093
102065.461	-35735.969	-542011.905
13311.422	-93692.930	-546894.718
67642.445	44122.633	-551777.530
101965.352	-42828.953	-556660.343
-9084.783	-69097.734	-561543.155
99334.484	-3142.253	-566425.968
32787.121	-73922.602	-571308.780
14446.467	-12548.890	-576191.593
-16833.578	-33639.965	-581074.405
29352.848	-79968.102	-585957.218
71698.430	-96868.914	-590840.030
94831.586	-70986.773	-595722.843
-14153.479	845.865	-600605.655
53631.461	-6425.513	-605488.468
-69279.625	-147857.656	-610371.280
976.207	-220779.328	-615254.093
134789.656	-109215.109	-620136.905
39295.367	-175261.172	-625019.718
-14275.960	-49263.699	-629902.530
36383.813	-85392.695	-634785.343
90656.164	-48593.480	-639668.155
-83796.008	-129149.477	-644550.968
-131056.453	-144948.391	-649433.780
120745.117	-6548.976	-654316.593
-30256.340	-56855.363	-659199.405
-91652.273	-4415.529	-664082.218
-41281.293	-26158.717	-668965.030
-31634.564	-26864.967	-673847.843
117372.984	-7577.035	-678730.655
-58332.996	-31104.475	-683613.468
55697.309	-132390.750	-688496.280
11573.792	-169382.250	-693379.093
-426.468	-106770.500	-698261.905
76935.578	41812.738	-703144.718
-58422.871	80319.055	-708027.530
5908.255	14375.012	-712910.343
-39696.746	4004.957	-717793.155
-71323.906	-58822.883	-722675.968
15015.943	-106265.875	-727558.780
-51650.816	-32828.750	-732441.593
40488.586	33366.504	-737324.405
-14217.879	11537.447	-742207.218
-35845.020	-54162.203	-747090.030
43666.980	29746.932	-751972.843
-31505.711	-28584.268	-756855.655
14138.361	36585.406	-761738.468
57070.535	-53982.367	-766621.280
32738.701	-84003.609	-771504.093
-22916.096	23760.004	-776386.905
57041.234	-166880.156	-781269.718
17466.633	-63495.414	-786152.530
-71330.094	-40638.012	-791035.343
-8128.459	-25267.674	-795918.155
31499.529	-139664.375	-800800.968
21862.441	4783.805	-805683.780
86817.547	-69963.383	-810566.593
67745.336	-96701.563	-815449.405
60894.223	-4236.483	-820332.218
71100.352	-42876.570	-825215.030
5878.994	-3415.457	-830097.843
-70875.703	-16211.034	-834980.655
48212.133	-119825.453	-839863.468
87995.633	-3042.284	-844746.280
107912.398	60994.242	-849629.093
-11035.748	34970.668	-854511.905
42875.887	30713.012	-859394.718
83021.734	84648.047	-864277.530
-78848.820	-7014.979	-869160.343
16297.896	-166701.516	-874043.155
82648.109	-51496.191	-878925.968
-58238.891	1254.126	-883808.780
-65160.250	53102.148	-888691.593
-21214.994	6953.150	-893574.405
77077.828	-60076.262	-898457.218
42454.547	96261.047	-903340.030
87006.617	-44951.227	-908222.843
27804.719	28420.432	-913105.655
13699.742	-10248.800	-917988.468
105068.313	-62367.098	-922871.280
85404.500	-140953.047	-927754.093
118874.547	-105034.258	-932636.905
12576.517	-10443.620	-937519.718
10496.651	-22296.412	-942402.530
-17858.445	-89141.484	-947285.343
-6300.585	64523.543	-952168.155
22040.908	168128.938	-957050.968
25685.908	-53660.832	-961933.780
74816.422	9614.559	-966816.593
42728.043	-118280.648	-971699.405
-62408.406	-55373.887	-976582.218
62540.242	14744.353	-981465.030
-45832.785	-18904.477	-986347.843
-70563.359	-2929.230	-991230.655
43436.676	-27107.781	-996113.468
-17216.994	-65088.832	-1000996.280
11013.175	-40375.527	-1005879.093
59802.977	-32381.680	-1010761.905
78759.898	-85007.859	-1015644.718
13940.832	-55502.535	-1020527.530
-12082.746	-13479.269	-1025410.343
-14977.378	-3634.545	-1030293.155
10840.865	-12864.299	-1035175.968
129122.391	-59930.598	-1040058.780
18539.732	46979.875	-1044941.593
123076.203	-80393.563	-1049824.405
141456.891	-5117.224	-1054707.218
-4132.640	-109341.734	-1059590.030
65965.688	-76404.734	-1064472.843
54710.738	-44654.738	-1069355.655
73187.203	31180.188	-1074238.468
-81097.383	-42464.270	-1079121.280
1741.887	21254.803	-1084004.093
104972.539	-29802.965	-1088886.905
32493.385	-47831.289	-1093769.718
-38723.438	-11525.413	-1098652.530
-54705.285	-112005.156	-1103535.343
60449.645	-123480.047	-1108418.155
-27685.174	-34935.105	-1113300.968
7993.155	-69300.852	-1118183.780
-29286.623	48954.051	-1123066.593
49382.133	-50715.109	-1127949.405
-44248.746	7672.768	-1132832.218
28355.416	-37424.320	-1137715.030
66214.945	-44875.457	-1142597.843
-5936.160	97095.383	-1147480.655
67272.172	94236.438	-1152363.468
-22153.490	-15939.906	-1157246.280
195380.047	-31580.664	-1162129.093
45092.570	-9082.386	-1167011.905
10072.531	-49147.883	-1171894.718
101808.500	-13261.611	-1176777.530
-23505.844	-34131.102	-1181660.343
-25745.346	-13721.045	-1186543.155
67616.070	-49111.176	-1191425.968
71250.781	43699.707	-1196308.780
-43451.836	12622.440	-1201191.593
37753.793	34248.848	-1206074.405
-16744.486	-177110.547	-1210957.218
-60831.355	23379.041	-1215840.030
-16932.549	-14524.821	-1220722.843
32809.168	29824.713	-1225605.655
5385.798	45726.941	-1230488.468
-942.888	-80601.961	-1235371.280
127812.617	-62726.145	-1240254.093
-19062.350	-15842.252	-1245136.905
6199.119	-51698.531	-1250019.718
-110837.055	43358.375	-1254902.530
30814.742	15639.937	-1259785.343
162282.297	-33976.574	-1264668.155
99500.813	16858.572	-1269550.968
-19905.715	-172777.250	-1274433.780
27354.275	12280.345	-1279316.593
-35235.688	4514.921	-1284199.405
7449.436	-64466.523	-1289082.218
64338.742	110763.023	-1293965.030
10791.398	76889.633	-1298847.843
69005.227	-77702.031	-1303730.655
33182.730	-14458.665	-1308613.468
29083.316	28655.191	-1313496.280
13281.623	-46386.543	-1318379.093
-13482.719	80906.609	-1323261.905
100744.422	-44690.422	-1328144.718
19860.840	48908.805	-1333027.530
75809.125	-35365.879	-1337910.343
50920.371	-98045.039	-1342793.155
70462.492	58530.090	-1347675.968
22566.434	32634.795	-1352558.780
-23926.641	14168.613	-1357441.593
-4362.849	-41006.215	-1362324.405
30073.316	75002.055	-1367207.218
12998.431	86036.844	-1372090.030
132252.406	-84506.992	-1376972.843
71660.539	-10028.620	-1381855.655
62302.969	-49691.176	-1386738.468
-33890.926	2168.938	-1391621.280
43682.723	-85.269	-1396504.093
144958.500	-40766.867	-1401386.905
64821.875	-33814.176	-1406269.718
51944.066	-137406.266	-1411152.530
19576.281	-37372.656	-1416035.343
100201.109	-152187.234	-1420918.155
-10706.719	57582.508	-1425800.968
118235.406	-74819.133	-1430683.780
-60088.234	-111313.289	-1435566.593
30205.533	45969.094	-1440449.405
39535.844	49632.527	-1445332.218
72162.820	-3132.009	-1450215.030
143795.797	42329.520	-1455097.843
-51862.961	-97156.602	-1459980.655
-21659.508	-137179.609	-1464863.468
9843.587	3988.037	-1469746.280
32540.004	7081.249	-1474629.093
-23259.047	-36546.375	-1479511.905
43892.367	2503.627	-1484394.718
79242.469	75025.516	-1489277.530
31004.594	-59985.691	-1494160.343
10732.450	-10388.325	-1499043.155
26108.096	21068.061	-1503925.968
64821.301	-51393.984	-1508808.780
107436.383	290.911	-1513691.593
17398.736	9064.777	-1518574.405
90076.766	2888.102	-1523457.218
71765.719	-31928.139	-1528340.030
-86630.547	-22252.162	-1533222.843
8698.584	-80444.414	-1538105.655
-18452.152	59431.180	-1542988.468
44273.547	3683.096	-1547871.280
-14540.948	-4522.460	-1552754.093
45032.332	18532.068	-1557636.905
-1684.336	16993.498	-1562519.718
35064.539	-46732.813	-1567402.530
95848.953	23933.934	-1572285.343
54693.563	-68348.242	-1577168.155
30686.199	-38968.801	-1582050.968
-10302.159	16522.131	-1586933.780
-59090.316	17190.660	-1591816.593
39436.402	-60725.582	-1596699.405
89312.125	-28751.381	-1601582.218
39832.254	-108191.391	-1606465.030
91109.719	-48027.063	-1611347.843
12270.939	-6758.599	-1616230.655
28324.299	55971.789	-1621113.468
45164.938	-132070.844	-1625996.280
52277.344	-10664.317	-1630879.093
12740.552	-52077.738	-1635761.905
88.263	-51599.902	-1640644.718
3284.818	34908.477	-1645527.530
-33405.828	-37135.172	-1650410.343
4293.184	7767.592	-1655293.155
461.469	-93468.133	-1660175.968
54692.836	49234.527	-1665058.780
74728.117	3736.355	-1669941.593
-1985.488	87915.352	-1674824.405
57895.316	18049.150	-1679707.218
14991.809	4741.266	-1684590.030
-403.888	-60638.375	-1689472.843
43287.188	-25978.727	-1694355.655
48405.758	33567.273	-1699238.468
27256.898	-34256.691	-1704121.280
72965.563	14820.651	-1709004.093
12239.905	10818.722	-1713886.905
27992.420	-23825.949	-1718769.718
62601.891	12101.101	-1723652.530
11718.855	-86790.578	-1728535.343
12109.489	-36407.633	-1733418.155
79706.148	-33.302	-1738300.968
38126.301	-91896.469	-1743183.780
112985.320	1494.824	-1748066.593
84375.703	40301.457	-1752949.405
45549.594	7422.890	-1757832.218
-7888.265	-24994.820	-1762715.030
2447.480	690.258	-1767597.843
52206.695	-76215.305	-1772480.655
47407.141	-15816.983	-1777363.468
-21576.117	-51310.652	-1782246.280
54599.543	-27529.803	-1787129.093
-25991.891	-72987.844	-1792011.905
-15842.620	11789.993	-1796894.718
-6909.486	-27522.670	-1801777.530
-22128.668	16061.893	-1806660.343
13489.898	-22084.693	-1811543.155
48844.293	89076.992	-1816425.968
-768.100	-15222.729	-1821308.780
89430.383	-113680.375	-1826191.593
16020.097	11994.954	-1831074.405
-479.783	15681.019	-1835957.218
-59824.988	3150.074	-1840840.030
-6764.450	75209.203	-1845722.843
32400.461	-14016.723	-1850605.655
-3073.138	-4056.213	-1855488.468
26569.801	-2713.763	-1860371.280
85719.156	-17636.977	-1865254.093
46118.145	-47978.559	-1870136.905
58138.137	27042.490	-1875019.718
46038.301	-38316.582	-1879902.530
-63686.070	22212.258	-1884785.343
2766.205	31165.182	-1889668.155
24320.900	-79940.070	-1894550.968
21707.566	30057.955	-1899433.780
9311.476	-40106.570	-1904316.593
56718.590	-11068.497	-1909199.405
15216.603	-68891.773	-1914082.218
44227.684	2133.354	-1918965.030
-21074.391	13950.898	-1923847.843
93249.320	-66279.586	-1928730.655
-13584.233	15724.241	-1933613.468
-14353.683	49724.309	-1938496.280
7506.353	48219.859	-1943379.093
48584.758	5611.136	-1948261.905
15743.550	-38416.367	-1953144.718
20859.928	-31130.098	-1958027.530
44958.199	-50550.656	-1962910.343
-4761.952	-46479.691	-1967793.155
40880.418	-24616.688	-1972675.968
29452.684	-16377.190	-1977558.780
61922.836	-1775.741	-1982441.593
21073.514	-23607.023	-1987324.405
42676.848	39616.406	-1992207.218
26771.215	-52457.781	-1997090.030
3525.208	-107215.688	-2001972.843
71516.828	9210.172	-2006855.655
53525.219	-46160.180	-2011738.468
31027.104	-13992.830	-2016621.280
-20169.518	12856.037	-2021504.093
55196.875	-59395.461	-2026386.905
15011.184	-16728.172	-2031269.718
29955.520	-18852.010	-2036152.530
30848.857	-19536.941	-2041035.343
34252.504	-145.396	-2045918.155
25194.488	-45633.984	-2050800.968
44924.566	17707.107	-2055683.780
10065.016	7891.432	-2060566.593
35702.230	11208.856	-2065449.405
-8169.681	-50611.645	-2070332.218
24597.576	-26150.809	-2075215.030
62424.527	-9212.671	-2080097.843
34097.219	-7537.566	-2084980.655
10049.526	23782.221	-2089863.468
57245.973	23707.205	-2094746.280
20833.475	28894.158	-2099629.093
-21690.461	16153.813	-2104511.905
42960.793	15674.438	-2109394.718
35291.703	-20480.459	-2114277.530
-3918.344	48561.664	-2119160.343
32570.404	-27178.689	-2124043.155
18996.689	14523.750	-2128925.968
-14493.209	25496.053	-2133808.780
-24278.158	-22382.395	-2138691.593
89944.875	-33647.113	-2143574.405
22855.484	37564.145	-2148457.218
15583.132	-18243.156	-2153340.030
-8781.919	6974.407	-2158222.843
30556.355	-66846.570	-2163105.655
15979.342	-21541.703	-2167988.468
27936.547	-12515.752	-2172871.280
115.323	-13821.023	-2177754.093
36802.801	-21762.135	-2182636.905
-6557.842	42512.770	-2187519.718
7010.731	-72739.125	-2192402.530
36516.727	-24528.230	-2197285.343
10654.802	-33222.023	-2202168.155
-10544.556	21933.248	-2207050.968
-35720.758	-34513.020	-2211933.780
18149.049	-7460.294	-2216816.593
48674.723	-35051.402	-2221699.405
33196.738	35241.297	-2226582.218
83759.398	-19809.137	-2231465.030
7366.702	-10632.943	-2236347.843
-4027.399	-39272.211	-2241230.655
462.798	25646.137	-2246113.468
11611.939	-26265.303	-2250996.280
13297.310	5103.813	-2255879.093
49991.441	-39350.613	-2260761.905
16520.750	-9943.240	-2265644.718
27698.340	-26940.393	-2270527.530
10482.780	39319.152	-2275410.343
-28085.070	-16605.531	-2280293.155
12560.688	15779.822	-2285175.968
44196.633	-46610.379	-2290058.780
30183.480	-7275.943	-2294941.593
9438.817	50689.840	-2299824.405
3719.830	-28860.295	-2304707.218
14991.494	16137.085	-2309590.030
54945.422	8340.257	-2314472.843
10638.069	-3919.490	-2319355.655
12555.876	9757.263	-2324238.468
-27124.518	509.038	-2329121.280
8832.197	9254.688	-2334004.093
1680.865	-5489.268	-2338886.905
20346.436	-27039.012	-2343769.718
10842.355	5324.158	-2348652.530
41385.602	-43493.613	-2353535.343
2490.765	16137.611	-2358418.155
33089.578	44477.320	-2363300.968
27326.730	-33631.598	-2368183.780
26041.188	10649.195	-2373066.593
41530.902	-22332.043	-2377949.405
30556.143	-3290.116	-2382832.218
34618.977	-16087.217	-2387715.030
27961.205	-492.597	-2392597.843
31684.059	-10420.736	-2397480.655
37151.711	20099.035	-2402363.468
-2847.290	-7668.608	-2407246.280
41498.387	27676.438	-2412129.093
-1111.745	4434.346	-2417011.905
22494.510	-7995.675	-2421894.718
30830.727	-14176.602	-2426777.530
12647.009	12013.842	-2431660.343
8194.989	-33471.059	-2436543.155
-3226.735	-8938.852	-2441425.968
56198.820	10822.256	-2446308.780
18140.279	-18643.490	-2451191.593
-4577.899	21557.826	-2456074.405
31571.646	-15493.568	-2460957.218
42396.598	7899.525	-2465840.030
40234.035	-30619.529	-2470722.843
14903.755	-3240.534	-2475605.655
34833.066	12283.681	-2480488.468
4174.982	12713.210	-2485371.280
28637.293	-5767.973	-2490254.093
40688.961	5449.217	-2495136.905
