Data Point Listing of File C:\NTNMR\data\Dan\LiFePO4\[010]\P31 [010] 15deg.tnt
Starting Point:	1	Ending Point:	1024
Real	Imag	Hz
9388.713	-33387.762	2499980.282
25643.988	-10971.289	2495097.470
24871.246	-1274.746	2490214.657
34903.363	46566.617	2485331.845
18796.156	-13579.807	2480449.032
28312.203	10633.984	2475566.220
66493.953	-32234.365	2470683.407
10123.289	3110.486	2465800.595
24411.055	4382.231	2460917.782
8469.751	22260.990	2456034.970
27574.021	12966.381	2451152.157
50929.160	30357.229	2446269.345
27889.889	-12008.567	2441386.532
46473.668	-38569.168	2436503.720
40907.926	-10021.934	2431620.907
5602.061	21280.139	2426738.095
10935.699	17562.785	2421855.282
17918.008	8680.124	2416972.470
33392.004	9689.013	2412089.657
56963.313	33910.133	2407206.845
34155.398	8890.301	2402324.032
18623.709	1349.219	2397441.220
36725.883	-766.953	2392558.407
55713.699	28393.916	2387675.595
29800.996	-17309.258	2382792.782
47622.906	16939.723	2377909.970
19140.152	-523.213	2373027.157
24746.596	21412.537	2368144.345
16137.980	-3616.432	2363261.532
37499.395	9658.849	2358378.720
29436.293	1994.468	2353495.907
46169.332	9983.337	2348613.095
44348.469	6500.723	2343730.282
16261.447	852.995	2338847.470
9642.616	10142.764	2333964.657
50798.195	18869.615	2329081.845
30050.246	-17566.994	2324199.032
45366.934	41843.543	2319316.220
25933.582	24749.613	2314433.407
25066.641	-3126.026	2309550.595
30652.936	-25983.635	2304667.782
21317.234	-597.784	2299784.970
32052.914	9228.743	2294902.157
29373.719	1830.390	2290019.345
33836.602	2056.784	2285136.532
-2917.470	9938.146	2280253.720
9112.276	15531.341	2275370.907
12028.876	2456.663	2270488.095
44858.902	13798.258	2265605.282
20695.914	-3124.731	2260722.470
17961.016	15575.019	2255839.657
11365.024	-6237.294	2250956.845
29570.244	4516.766	2246074.032
-6026.468	-506.710	2241191.220
47295.867	19537.016	2236308.407
56692.859	23142.936	2231425.595
32358.604	-15400.692	2226542.782
15623.095	9758.933	2221659.970
-2031.550	29304.768	2216777.157
37821.738	-2146.931	2211894.345
-13131.675	58747.820	2207011.532
24941.121	-9948.917	2202128.720
29758.275	23747.514	2197245.907
34955.441	-17698.434	2192363.095
30393.260	22701.107	2187480.282
30454.057	-418.307	2182597.470
-12138.949	-10064.341	2177714.657
20489.762	12009.948	2172831.845
12854.790	23821.496	2167949.032
45539.293	27926.209	2163066.220
63407.102	577.328	2158183.407
5026.152	10159.482	2153300.595
12441.518	-6273.406	2148417.782
41415.754	33911.387	2143534.970
7924.999	-8986.371	2138652.157
776.000	44208.832	2133769.345
53492.457	-6424.796	2128886.532
7279.055	14908.650	2124003.720
15730.737	-2853.449	2119120.907
22277.721	8008.480	2114238.095
-6492.854	19271.588	2109355.282
34584.887	6341.913	2104472.470
26608.908	16193.271	2099589.657
34047.098	40197.391	2094706.845
13340.545	-3501.494	2089824.032
30350.256	25630.105	2084941.220
40720.246	12598.954	2080058.407
30904.234	13633.980	2075175.595
5273.625	1192.898	2070292.782
60393.637	18495.703	2065409.970
16265.659	-33587.828	2060527.157
37798.684	8885.529	2055644.345
22325.822	36735.816	2050761.532
54729.281	-25.815	2045878.720
36461.785	10526.934	2040995.907
33940.539	29911.012	2036113.095
41268.586	746.936	2031230.282
30301.715	-23878.250	2026347.470
27958.232	3655.082	2021464.657
20999.918	34659.605	2016581.845
11689.539	15355.550	2011699.032
19894.680	3039.205	2006816.220
24012.896	-17324.625	2001933.407
5264.537	22831.334	1997050.595
30998.949	33637.313	1992167.782
67468.320	35620.078	1987284.970
22868.516	27446.689	1982402.157
25839.980	24168.816	1977519.345
3677.358	3884.498	1972636.532
86042.469	-39190.230	1967753.720
15492.494	-8134.979	1962870.907
-6833.284	9702.459	1957988.095
28707.807	-903.747	1953105.282
17267.455	22302.393	1948222.470
24076.004	34989.656	1943339.657
11775.894	1425.785	1938456.845
-2509.348	6813.599	1933574.032
43758.676	-32600.242	1928691.220
56516.230	25810.311	1923808.407
24961.744	7004.237	1918925.595
41472.563	-28420.602	1914042.782
84610.633	10469.854	1909159.970
8883.321	65511.500	1904277.157
40735.586	33342.914	1899394.345
-2200.962	14087.842	1894511.532
-11466.801	-3929.554	1889628.720
1802.406	19175.631	1884745.907
16185.287	5818.831	1879863.095
21928.381	47723.000	1874980.282
43272.059	13996.215	1870097.470
36217.844	-2264.153	1865214.657
-19271.102	4195.000	1860331.845
58272.109	16589.717	1855449.032
41134.801	37793.340	1850566.220
-11363.536	15632.319	1845683.407
16008.836	-7870.253	1840800.595
18061.732	63606.750	1835917.782
-6224.911	3432.454	1831034.970
64742.617	31873.842	1826152.157
10784.833	14274.245	1821269.345
39189.527	-12850.454	1816386.532
15284.209	16013.745	1811503.720
30625.559	-16788.619	1806620.907
14015.597	37981.184	1801738.095
17373.895	-28949.141	1796855.282
14625.003	-19175.467	1791972.470
46137.668	28819.201	1787089.657
9284.617	20640.563	1782206.845
-922.902	23430.494	1777324.032
23808.807	-13355.643	1772441.220
30544.098	18810.002	1767558.407
-16134.711	14534.641	1762675.595
29275.570	28527.064	1757792.782
16522.184	25076.643	1752909.970
50792.988	2503.864	1748027.157
-3957.610	43564.695	1743144.345
60643.250	63519.988	1738261.532
13962.528	17320.965	1733378.720
47063.855	-10376.612	1728495.907
11202.208	16261.707	1723613.095
41638.859	36168.109	1718730.282
-13670.211	-1833.785	1713847.470
87831.586	-20041.119	1708964.657
75580.344	26288.725	1704081.845
54206.238	28575.404	1699199.032
13914.095	1661.913	1694316.220
-15209.319	24752.896	1689433.407
64877.414	-18695.619	1684550.595
38778.129	2559.119	1679667.782
5371.983	39999.520	1674784.970
40247.656	50578.859	1669902.157
33548.410	26818.799	1665019.345
11203.960	36159.063	1660136.532
-3067.504	45579.227	1655253.720
50736.234	38325.914	1650370.907
-21774.189	-1103.603	1645488.095
14535.007	54424.008	1640605.282
2417.884	47278.520	1635722.470
50948.512	16629.354	1630839.657
2540.668	-5302.249	1625956.845
43595.820	-22677.557	1621074.032
8461.412	15698.904	1616191.220
-639.184	1806.275	1611308.407
15485.885	16842.033	1606425.595
6244.368	-24880.598	1601542.782
38844.277	8988.088	1596659.970
25363.143	-103.036	1591777.157
3713.600	48353.293	1586894.345
-7742.445	12688.355	1582011.532
46961.641	31729.998	1577128.720
47654.203	63160.016	1572245.907
14631.955	36071.340	1567363.095
91809.930	54809.988	1562480.282
41689.434	9675.519	1557597.470
19690.078	27083.789	1552714.657
18225.355	45075.859	1547831.845
-10079.172	24081.797	1542949.032
-12912.601	44568.059	1538066.220
70480.313	-3959.741	1533183.407
38248.535	40383.359	1528300.595
33103.836	14566.620	1523417.782
18485.043	6824.211	1518534.970
-1310.108	32222.488	1513652.157
27523.104	16859.438	1508769.345
76772.398	18200.410	1503886.532
27119.662	14318.574	1499003.720
4002.167	5549.231	1494120.907
45536.379	60244.070	1489238.095
75777.625	11691.548	1484355.282
35604.195	29051.471	1479472.470
12809.313	16177.195	1474589.657
15875.108	758.359	1469706.845
-42177.742	18410.342	1464824.032
4409.847	-23426.367	1459941.220
13307.063	81674.703	1455058.407
-27368.250	21051.014	1450175.595
13082.393	47406.855	1445292.782
-1446.777	9642.991	1440409.970
63082.770	-24115.363	1435527.157
76780.266	73726.258	1430644.345
26094.396	17514.736	1425761.532
33226.375	66052.617	1420878.720
67014.516	18855.195	1415995.907
22100.152	28691.965	1411113.095
8435.345	1860.871	1406230.282
47860.707	13783.033	1401347.470
9097.013	72557.867	1396464.657
4389.442	31302.869	1391581.845
-1413.073	28007.066	1386699.032
29372.330	-6974.629	1381816.220
58246.617	32829.121	1376933.407
-13330.006	-28907.307	1372050.595
73758.688	49300.301	1367167.782
42564.309	10309.125	1362284.970
-37643.031	-9286.638	1357402.157
-48419.254	17898.768	1352519.345
24110.248	51946.945	1347636.532
47586.832	16091.067	1342753.720
-8748.313	-29517.596	1337870.907
96417.336	36526.559	1332988.095
19136.547	-23487.926	1328105.282
48735.965	-29653.223	1323222.470
41700.461	54842.422	1318339.657
1093.449	35091.766	1313456.845
14584.899	53683.004	1308574.032
-176.003	54384.668	1303691.220
-10883.201	40705.469	1298808.407
31521.713	-35612.594	1293925.595
16163.444	47443.438	1289042.782
52023.469	17228.150	1284159.970
18250.283	48725.301	1279277.157
-8547.514	37552.246	1274394.345
62800.031	4040.893	1269511.532
56512.688	117860.750	1264628.720
45216.211	17835.332	1259745.907
64962.113	60512.930	1254863.095
-43767.238	65627.984	1249980.282
4566.444	24835.074	1245097.470
51754.262	55659.543	1240214.657
54846.445	-11730.376	1235331.845
46366.477	12685.960	1230449.032
-33211.371	59867.199	1225566.220
39941.254	89031.555	1220683.407
94865.523	24291.410	1215800.595
62064.305	-20499.008	1210917.782
-6136.979	71930.547	1206034.970
28318.582	99024.727	1201152.157
-16188.180	9200.180	1196269.345
8859.590	66376.734	1191386.532
21269.904	-49171.270	1186503.720
81888.461	-27571.051	1181620.907
69810.266	12211.490	1176738.095
-41567.355	49402.691	1171855.282
23016.820	45469.648	1166972.470
89811.563	31637.521	1162089.657
21809.260	49849.500	1157206.845
4102.642	20710.600	1152324.032
890.792	70435.383	1147441.220
23177.146	57645.492	1142558.407
54340.367	72987.758	1137675.595
23573.533	104582.250	1132792.782
751.047	96603.656	1127909.970
-29663.670	29844.277	1123027.157
34510.879	53920.352	1118144.345
66439.906	65575.070	1113261.532
28158.662	18033.654	1108378.720
46934.488	71124.766	1103495.907
74442.453	52264.145	1098613.095
43861.313	32913.926	1093730.282
19513.162	66691.273	1088847.470
-38995.535	44742.090	1083964.657
10537.567	47883.457	1079081.845
-1716.817	89845.781	1074199.032
-25058.625	54008.930	1069316.220
-6728.194	38998.984	1064433.407
-20333.973	99737.508	1059550.595
67758.859	15247.918	1054667.782
-7994.277	31593.863	1049784.970
1143.171	3374.750	1044902.157
51299.219	43192.070	1040019.345
13574.555	40092.777	1035136.532
53670.074	84909.008	1030253.720
34554.203	-15516.039	1025370.907
54032.516	76294.523	1020488.095
-39292.270	-173.994	1015605.282
48007.520	57857.766	1010722.470
81589.016	97270.711	1005839.657
48521.738	92703.570	1000956.845
42774.500	7467.024	996074.032
62397.977	103978.773	991191.220
29192.084	-17129.221	986308.407
-7617.098	24777.691	981425.595
99022.828	86060.984	976542.782
83451.016	297.784	971659.970
63492.301	102948.438	966777.157
22703.762	43084.234	961894.345
83825.023	18006.451	957011.532
54654.242	107435.820	952128.720
44444.941	85636.484	947245.907
126878.977	114534.797	942363.095
19421.557	5078.533	937480.282
95946.250	29319.490	932597.470
41067.742	81054.750	927714.657
-27674.734	-1644.040	922831.845
-24738.281	49570.621	917949.032
-47286.922	67201.984	913066.220
30098.436	22804.279	908183.407
64225.750	33713.500	903300.595
80435.539	121414.680	898417.782
17196.438	39533.242	893534.970
32963.957	118885.563	888652.157
-2180.338	-14977.967	883769.345
-7865.041	32559.783	878886.532
10953.216	85522.234	874003.720
22624.611	33995.527	869120.907
87444.797	167749.484	864238.095
57680.082	31138.641	859355.282
-20173.783	-46265.742	854472.470
-60379.410	20558.592	849589.657
50589.004	-31272.664	844706.845
34023.750	23728.002	839824.032
-3417.220	40951.809	834941.220
32541.391	57271.563	830058.407
-83711.313	25695.369	825175.595
-28963.156	31538.055	820292.782
53139.824	114668.617	815409.970
-55886.137	45401.582	810527.157
36043.496	71630.266	805644.345
51871.266	4308.955	800761.532
89562.969	30173.459	795878.720
51668.324	-24933.791	790995.907
75382.633	18466.229	786113.095
15274.029	68419.602	781230.282
36634.816	35526.723	776347.470
-17931.764	16363.616	771464.657
59011.863	58490.609	766581.845
20515.234	130046.938	761699.032
15430.393	-6582.085	756816.220
26385.682	119377.844	751933.407
32978.035	40420.883	747050.595
21715.279	75882.703	742167.782
11358.952	137412.109	737284.970
51790.883	29376.354	732402.157
108985.516	47830.203	727519.345
88358.820	69951.422	722636.532
-30583.363	4724.380	717753.720
-29654.373	28457.648	712870.907
16150.221	30327.285	707988.095
-22935.375	18816.639	703105.282
-62474.980	152627.609	698222.470
23080.801	157553.703	693339.657
50382.895	-13615.365	688456.845
10825.509	4459.848	683574.032
60480.371	158890.500	678691.220
61564.023	66079.258	673808.407
150976.156	144702.969	668925.595
2381.581	23868.299	664042.782
92451.750	61450.379	659159.970
138298.844	30040.742	654277.157
69862.656	146054.656	649394.345
-21848.047	108626.836	644511.532
10186.991	98682.867	639628.720
78838.102	156582.172	634745.907
32939.602	38206.203	629863.095
13837.557	110674.867	624980.282
70147.047	103278.492	620097.470
-2960.466	161134.375	615214.657
-22775.986	48919.258	610331.845
81436.680	83714.734	605449.032
50051.738	152589.219	600566.220
-1822.159	70439.461	595683.407
-106901.023	126071.352	590800.595
119610.422	117683.734	585917.782
30947.262	90777.297	581034.970
46609.883	148328.953	576152.157
24786.965	71812.125	571269.345
699.984	23970.420	566386.532
-81594.070	32868.668	561503.720
-28824.277	88551.930	556620.907
-52618.176	136069.938	551738.095
86613.492	147382.625	546855.282
-60086.176	152596.938	541972.470
106519.477	45532.828	537089.657
31996.010	67678.305	532206.845
62955.398	125060.375	527324.032
-14416.133	124766.250	522441.220
55674.055	125765.422	517558.407
52041.219	92896.063	512675.595
4938.406	118362.906	507792.782
-25572.996	109651.695	502909.970
12073.786	97969.281	498027.157
14528.061	118598.164	493144.345
64819.703	46745.422	488261.532
-15185.873	133957.594	483378.720
9927.060	139869.047	478495.907
-5633.400	67986.320	473613.095
67799.836	49579.133	468730.282
50939.055	92227.719	463847.470
24452.059	70242.273	458964.657
-38549.496	45175.672	454081.845
57010.996	97454.914	449199.032
-62366.035	100348.539	444316.220
-10507.846	138129.547	439433.407
-24965.770	184419.297	434550.595
19549.266	189374.891	429667.782
17746.463	134071.922	424784.970
51964.609	55467.746	419902.157
-498.138	134796.578	415019.345
21803.365	95749.953	410136.532
-6454.459	190183.469	405253.720
10482.296	145597.031	400370.907
33772.500	166775.297	395488.095
1657.315	103855.953	390605.282
54245.449	140658.609	385722.470
27561.814	134990.688	380839.657
-42430.930	98923.523	375956.845
65738.531	187210.156	371074.032
66454.547	160350.266	366191.220
900.863	234761.047	361308.407
68961.758	90213.297	356425.595
49223.539	134002.609	351542.782
87970.258	59015.367	346659.970
55649.508	141356.781	341777.157
-62396.410	225950.406	336894.345
98755.742	72475.758	332011.532
-14790.926	161209.016	327128.720
32988.625	146291.922	322245.907
-20995.865	135876.844	317363.095
-141825.391	253897.813	312480.282
6300.263	184576.344	307597.470
73767.914	216347.031	302714.657
-54182.410	247037.688	297831.845
86842.414	170537.484	292949.032
24309.063	229727.391	288066.220
-12730.817	208881.313	283183.407
-34462.898	223167.672	278300.595
74187.273	146584.141	273417.782
-814.348	310615.094	268534.970
5006.985	287751.938	263652.157
-18680.842	325231.750	258769.345
1381.476	366169.531	253886.532
-6063.448	324209.406	249003.720
16788.197	359522.844	244120.907
62623.395	488429.063	239238.095
62584.352	401393.438	234355.282
-67801.422	516873.188	229472.470
-4807.601	463492.906	224589.657
111894.797	441190.781	219706.845
91126.844	507067.469	214824.032
29257.668	568574.313	209941.220
54483.355	585851.750	205058.407
109948.414	554196.500	200175.595
197632.484	752831.500	195292.782
246531.078	756641.313	190409.970
411050.281	797986.563	185527.157
476917.469	796450.750	180644.345
561722.563	793847.063	175761.532
706785.000	770637.813	170878.720
947865.250	643181.375	165995.907
941013.063	506051.063	161113.095
1073115.750	229922.266	156230.282
903096.500	49158.039	151347.470
1005849.250	-120072.867	146464.657
761950.813	-183933.922	141581.845
477872.313	-299340.406	136699.032
451463.156	-382051.563	131816.220
300792.438	-231252.375	126933.407
260657.875	-242612.969	122050.595
93407.469	-8800.185	117167.782
83506.438	62865.172	112284.970
97303.609	283135.844	107402.157
267746.250	325390.750	102519.345
249760.328	369997.406	97636.532
391583.500	673855.438	92753.720
507879.406	575151.625	87870.907
700309.000	582443.875	82988.095
816443.188	478501.531	78105.282
1010893.688	537672.000	73222.470
1175320.125	302128.625	68339.657
1088582.250	102329.258	63456.845
1183179.250	-76804.250	58574.032
1003398.375	-164009.188	53691.220
1012984.625	-269386.188	48808.407
903915.750	-377884.969	43925.595
752876.625	-365781.438	39042.782
660784.813	-448870.656	34159.970
734139.500	-401153.906	29277.157
589712.500	-436711.094	24394.345
508920.156	-340765.625	19511.532
396289.375	-456696.125	14628.720
540075.813	-277269.375	9745.907
475624.406	-191016.734	4863.095
453778.906	-294282.844	-19.718
436550.781	-292756.219	-4902.530
412510.125	-296625.500	-9785.343
377334.750	-384885.563	-14668.155
411431.406	-497643.750	-19550.968
482040.406	-547704.563	-24433.780
486529.063	-441082.188	-29316.593
314071.938	-490121.813	-34199.405
379672.813	-419950.125	-39082.218
454443.625	-528125.938	-43965.030
253015.703	-561954.813	-48847.843
283598.313	-383509.156	-53730.655
284871.406	-429022.375	-58613.468
72791.141	-491918.938	-63496.280
149921.688	-575453.938	-68379.093
117021.469	-493773.563	-73261.905
52913.125	-419342.375	-78144.718
2455.455	-363059.969	-83027.530
98708.109	-395204.125	-87910.343
753.529	-456303.625	-92793.155
-30432.529	-376474.000	-97675.968
-22153.809	-204983.250	-102558.780
-38118.910	-316185.156	-107441.593
-192415.031	-290997.375	-112324.405
-76996.813	-233671.578	-117207.218
84877.219	-290635.563	-122090.030
47866.195	-189760.531	-126972.843
86484.375	-53482.742	-131855.655
89382.180	-191626.500	-136738.468
75637.922	-268406.625	-141621.280
-72279.352	-266201.688	-146504.093
93817.063	-195283.047	-151386.905
96798.578	-221735.328	-156269.718
-68301.805	-298903.781	-161152.530
71691.234	-235094.859	-166035.343
122092.414	-146875.406	-170918.155
69825.195	-202361.453	-175800.968
-17843.902	-244954.953	-180683.780
-60844.012	-285269.531	-185566.593
129450.977	-118404.078	-190449.405
25173.902	-158567.813	-195332.218
-12729.128	-214962.938	-200215.030
-22914.758	-210634.172	-205097.843
21656.766	-231813.094	-209980.655
156781.969	-177016.094	-214863.468
-43433.141	-177052.109	-219746.280
13371.363	-132747.016	-224629.093
102735.711	-107768.609	-229511.905
44847.914	-129466.594	-234394.718
88535.883	-194364.875	-239277.530
-68239.828	-158539.453	-244160.343
94698.102	-247114.984	-249043.155
-15593.969	-148935.234	-253925.968
8151.737	-146323.969	-258808.780
215609.563	-236266.813	-263691.593
99315.703	-215115.516	-268574.405
-8907.013	-89921.383	-273457.218
1268.840	-229758.344	-278340.030
133853.625	-78041.898	-283222.843
60355.918	-221509.953	-288105.655
-1104.642	-190581.297	-292988.468
48744.695	-73830.516	-297871.280
-58859.090	-165459.734	-302754.093
14690.888	-145968.625	-307636.905
30928.449	-114185.484	-312519.718
69710.867	-64011.980	-317402.530
-72107.070	-77050.305	-322285.343
83201.063	-130135.875	-327168.155
118288.375	-73427.641	-332050.968
-32376.928	-136673.484	-336933.780
19823.535	-105586.773	-341816.593
-121384.977	-100114.469	-346699.405
35649.496	-33596.195	-351582.218
-71294.445	-180497.250	-356465.030
107482.813	-103253.109	-361347.843
35383.398	-206364.594	-366230.655
85446.195	-186660.250	-371113.468
-81979.047	-229787.969	-375996.280
76779.438	-78295.445	-380879.093
20848.002	-31920.230	-385761.905
43887.785	-15736.191	-390644.718
-16958.543	76130.813	-395527.530
19594.371	-251019.328	-400410.343
116948.445	11904.109	-405293.155
-24030.305	-95993.328	-410175.968
28397.775	-209867.500	-415058.780
18005.010	-1071.982	-419941.593
-111390.266	-75409.016	-424824.405
-44213.340	-57021.867	-429707.218
49569.504	-112525.297	-434590.030
-80626.578	-12239.571	-439472.843
97174.305	-240244.094	-444355.655
-13703.011	-116642.172	-449238.468
133565.063	-44292.340	-454121.280
7538.565	-173060.625	-459004.093
65556.039	-32980.887	-463886.905
168129.719	-49987.246	-468769.718
-4982.029	-204289.266	-473652.530
-51864.570	-56743.531	-478535.343
50579.313	-39938.289	-483418.155
40455.676	-86964.156	-488300.968
-28247.416	-38855.320	-493183.780
54378.750	-142236.828	-498066.593
-47032.676	26802.971	-502949.405
135025.406	-51417.805	-507832.218
-8197.392	-106390.203	-512715.030
90845.633	30454.771	-517597.843
-128148.547	71193.813	-522480.655
99788.953	-162564.000	-527363.468
115104.273	105986.523	-532246.280
147120.734	-38125.145	-537129.093
30017.186	-136970.641	-542011.905
-15152.465	-75228.984	-546894.718
-16281.262	-13957.686	-551777.530
-45789.797	-91018.633	-556660.343
-67115.836	40835.102	-561543.155
794.324	-128038.852	-566425.968
26201.998	-18309.252	-571308.780
-5055.107	-35056.516	-576191.593
-41504.609	-125826.875	-581074.405
113109.992	63833.102	-585957.218
88004.570	17613.424	-590840.030
-36385.051	-68690.391	-595722.843
-20178.236	-83524.039	-600605.655
124070.984	-23389.857	-605488.468
71963.891	-130836.109	-610371.280
-821.799	-133842.734	-615254.093
26908.947	-151838.516	-620136.905
-32405.334	-47045.379	-625019.718
-35095.492	-137652.328	-629902.530
-37620.914	-42815.676	-634785.343
8875.864	-48876.961	-639668.155
16091.284	-143679.313	-644550.968
-11400.732	-60923.773	-649433.780
-39233.516	-70865.258	-654316.593
-35853.086	-59101.973	-659199.405
58080.375	-31926.221	-664082.218
163492.297	21730.139	-668965.030
-102940.789	-71968.828	-673847.843
129295.406	1474.331	-678730.655
22111.770	58777.398	-683613.468
-96328.828	-34276.066	-688496.280
-109677.383	79339.055	-693379.093
66430.461	34741.918	-698261.905
31364.846	-37664.426	-703144.718
93061.773	-83142.898	-708027.530
-143440.500	-166870.281	-712910.343
88023.742	-58740.676	-717793.155
24423.627	-11295.489	-722675.968
44984.883	-70720.188	-727558.780
129124.000	-64656.691	-732441.593
38115.672	33619.379	-737324.405
-38531.398	-1945.942	-742207.218
60079.160	-69581.641	-747090.030
88778.039	-85124.297	-751972.843
23439.137	-110761.859	-756855.655
29362.301	33695.160	-761738.468
64564.602	49786.477	-766621.280
-37064.914	-65279.066	-771504.093
-16476.947	-2242.817	-776386.905
77805.813	43155.621	-781269.718
15141.024	-76116.664	-786152.530
-35672.051	5273.956	-791035.343
-64469.332	-126448.266	-795918.155
87888.813	-49298.691	-800800.968
-45304.348	-106955.758	-805683.780
-20312.766	5661.962	-810566.593
156900.906	-98714.320	-815449.405
7839.197	-51454.699	-820332.218
30656.230	-142646.875	-825215.030
59898.219	-91952.758	-830097.843
86667.008	-115548.820	-834980.655
69368.141	-192970.156	-839863.468
120056.617	-86323.898	-844746.280
214675.719	-76755.531	-849629.093
22851.633	22008.406	-854511.905
-46427.441	36380.660	-859394.718
27929.395	39120.121	-864277.530
1723.185	-115050.133	-869160.343
-22644.494	-93938.625	-874043.155
82901.063	3093.231	-878925.968
25949.492	-60007.375	-883808.780
115734.734	-50127.910	-888691.593
-29966.404	-18831.604	-893574.405
-27509.109	538.858	-898457.218
96259.977	-115146.578	-903340.030
38125.746	-117504.508	-908222.843
-35970.727	-26609.250	-913105.655
54588.926	-17094.014	-917988.468
35306.617	-119423.461	-922871.280
-39451.711	-60267.895	-927754.093
44163.383	48361.527	-932636.905
37568.766	-13998.472	-937519.718
-93480.258	55788.531	-942402.530
-16518.672	17052.701	-947285.343
84670.383	88768.172	-952168.155
-64359.773	-64152.367	-957050.968
-34065.680	90245.563	-961933.780
-33772.711	-26412.490	-966816.593
40632.254	-74661.180	-971699.405
108585.281	-81006.453	-976582.218
-1100.915	-13698.621	-981465.030
-45641.148	78112.961	-986347.843
40601.902	-138260.125	-991230.655
47042.387	-40100.488	-996113.468
44274.340	-123254.289	-1000996.280
102389.234	-98543.641	-1005879.093
-12791.195	-16473.867	-1010761.905
24123.127	-8591.563	-1015644.718
14443.714	-587.505	-1020527.530
47268.586	-65563.563	-1025410.343
-1154.546	71555.789	-1030293.155
-11345.059	-30132.234	-1035175.968
-28141.225	142000.766	-1040058.780
34892.266	-36676.047	-1044941.593
77778.453	-80119.523	-1049824.405
-35222.762	-17854.961	-1054707.218
-34648.762	-6811.033	-1059590.030
-9929.317	40490.441	-1064472.843
-15350.274	-132452.422	-1069355.655
-24903.607	-37430.773	-1074238.468
20085.055	3088.916	-1079121.280
37413.707	39302.684	-1084004.093
23141.725	-68769.234	-1088886.905
101147.945	-21552.471	-1093769.718
109404.719	-98839.563	-1098652.530
55733.586	-85557.961	-1103535.343
111122.414	-65097.793	-1108418.155
65258.242	48432.113	-1113300.968
152020.234	23986.406	-1118183.780
79839.984	-4268.565	-1123066.593
22180.818	-106075.688	-1127949.405
-8779.107	-20384.613	-1132832.218
40045.203	-95096.586	-1137715.030
25455.064	-44076.164	-1142597.843
33996.367	8622.402	-1147480.655
6769.130	-16004.000	-1152363.468
-8881.919	32449.148	-1157246.280
-6324.176	-143693.172	-1162129.093
74462.414	-72723.406	-1167011.905
53213.703	-9927.918	-1171894.718
73474.070	-113790.172	-1176777.530
71831.313	-61894.605	-1181660.343
-1842.506	-15677.674	-1186543.155
-43531.184	-48609.008	-1191425.968
60016.395	78819.297	-1196308.780
31738.488	-201729.672	-1201191.593
14484.326	51970.867	-1206074.405
-102075.477	-12193.313	-1210957.218
9197.192	7333.190	-1215840.030
33010.316	-38814.211	-1220722.843
-10552.185	-28368.387	-1225605.655
39650.398	-62161.527	-1230488.468
113895.867	40212.211	-1235371.280
-41377.969	-92484.656	-1240254.093
94729.164	-20791.395	-1245136.905
-1537.546	22243.105	-1250019.718
30471.689	-83544.242	-1254902.530
10235.525	-74138.852	-1259785.343
46573.598	-117777.602	-1264668.155
-11493.270	-61038.551	-1269550.968
57564.617	-58095.957	-1274433.780
136116.797	-54252.277	-1279316.593
-120060.438	-13572.059	-1284199.405
-30635.564	76049.406	-1289082.218
12524.312	22248.104	-1293965.030
-20188.180	22004.439	-1298847.843
19437.465	22648.705	-1303730.655
87326.891	-1985.848	-1308613.468
88923.633	-26850.031	-1313496.280
-54150.762	12514.222	-1318379.093
2155.008	-105731.781	-1323261.905
68435.773	-48328.008	-1328144.718
26813.959	-14224.150	-1333027.530
90316.289	-29708.395	-1337910.343
-99342.516	22824.404	-1342793.155
16924.830	39597.207	-1347675.968
102555.883	-100626.336	-1352558.780
86399.211	-186.835	-1357441.593
-3403.331	22041.357	-1362324.405
-3132.875	85094.555	-1367207.218
50552.203	-70749.219	-1372090.030
-75056.445	-6517.864	-1376972.843
95396.367	-17828.191	-1381855.655
35530.023	16239.185	-1386738.468
93416.961	-45890.754	-1391621.280
2774.473	5544.625	-1396504.093
18783.561	39019.402	-1401386.905
18487.836	22321.039	-1406269.718
-4819.700	-27490.570	-1411152.530
64520.457	-95536.492	-1416035.343
8518.929	66844.133	-1420918.155
2531.241	-83451.156	-1425800.968
-6918.100	69393.789	-1430683.780
119700.594	-42595.344	-1435566.593
12925.295	-66782.211	-1440449.405
86236.602	26508.252	-1445332.218
86255.211	81687.750	-1450215.030
-32813.313	-63823.191	-1455097.843
10065.091	20200.998	-1459980.655
24874.432	-38508.590	-1464863.468
80522.680	12204.382	-1469746.280
72842.539	7978.346	-1474629.093
72144.469	-29246.145	-1479511.905
53651.730	-18441.771	-1484394.718
12357.222	-2059.744	-1489277.530
45451.250	-36946.238	-1494160.343
57223.480	-62169.789	-1499043.155
-15480.079	-22479.549	-1503925.968
-13178.925	29581.463	-1508808.780
57119.215	-25492.789	-1513691.593
31916.971	5520.409	-1518574.405
-19316.184	-110412.508	-1523457.218
28023.766	-66638.734	-1528340.030
47320.762	54436.840	-1533222.843
4795.096	-43527.211	-1538105.655
35174.848	-58463.082	-1542988.468
53458.016	20585.865	-1547871.280
-34556.770	-7059.259	-1552754.093
-7636.155	-72522.031	-1557636.905
62828.359	-120773.445	-1562519.718
91342.836	-25600.725	-1567402.530
-17810.672	-61072.391	-1572285.343
16347.727	-4758.210	-1577168.155
82285.078	-15173.539	-1582050.968
80028.297	-23063.945	-1586933.780
24219.650	-17390.826	-1591816.593
42191.293	28980.031	-1596699.405
-9771.521	24190.018	-1601582.218
11369.706	-110181.586	-1606465.030
-36455.281	-59173.102	-1611347.843
43228.262	17297.941	-1616230.655
26182.277	46112.348	-1621113.468
-11046.292	-89361.891	-1625996.280
90690.328	-60496.691	-1630879.093
-21621.943	13034.046	-1635761.905
47570.699	-87848.406	-1640644.718
-3873.245	27173.080	-1645527.530
-48149.664	60929.051	-1650410.343
17451.748	-27241.596	-1655293.155
54716.145	-15377.834	-1660175.968
101042.445	-31258.406	-1665058.780
33834.445	19576.059	-1669941.593
58747.426	-13009.558	-1674824.405
16218.788	-3321.089	-1679707.218
49257.063	-64283.289	-1684590.030
-30298.893	21290.443	-1689472.843
41301.363	-1630.194	-1694355.655
29303.771	-772.447	-1699238.468
38809.477	-14669.503	-1704121.280
2314.814	14277.677	-1709004.093
47675.898	-10464.886	-1713886.905
19008.854	-94884.156	-1718769.718
15308.351	88092.531	-1723652.530
122318.336	21029.406	-1728535.343
63565.203	33782.961	-1733418.155
-14710.721	37416.785	-1738300.968
25103.063	60294.375	-1743183.780
19375.051	68295.570	-1748066.593
25037.852	29666.957	-1752949.405
14117.142	-20320.820	-1757832.218
-19036.246	31503.297	-1762715.030
47820.602	-13165.777	-1767597.843
-24003.428	-19041.264	-1772480.655
-21496.279	-67633.539	-1777363.468
83943.461	-36179.613	-1782246.280
86468.305	-30078.711	-1787129.093
26441.012	84324.813	-1792011.905
-44522.137	-48504.625	-1796894.718
-21661.705	97293.703	-1801777.530
41791.133	-34222.824	-1806660.343
74361.359	-35879.863	-1811543.155
40505.719	47701.578	-1816425.968
82825.141	-68404.188	-1821308.780
733.913	26756.055	-1826191.593
-74417.766	-12883.066	-1831074.405
-40471.563	-16996.525	-1835957.218
51353.938	15351.407	-1840840.030
-3809.452	-5119.691	-1845722.843
30876.244	39799.137	-1850605.655
-21723.756	-35790.137	-1855488.468
54234.281	-4283.361	-1860371.280
7142.505	39983.688	-1865254.093
60885.398	-54268.504	-1870136.905
104801.117	7672.450	-1875019.718
18228.807	20246.557	-1879902.530
-29268.258	14133.373	-1884785.343
52369.215	-3200.943	-1889668.155
32551.338	-36238.727	-1894550.968
63922.527	-71871.391	-1899433.780
75599.492	12551.538	-1904316.593
25335.088	-56882.879	-1909199.405
23062.244	-4769.417	-1914082.218
27825.172	-7613.549	-1918965.030
-11608.031	-8625.895	-1923847.843
39419.344	-85192.477	-1928730.655
31013.227	-3444.967	-1933613.468
8333.991	-48603.301	-1938496.280
27955.980	-14578.936	-1943379.093
32291.967	5680.025	-1948261.905
-2368.372	-11873.076	-1953144.718
5902.401	16449.695	-1958027.530
1745.053	3619.345	-1962910.343
-4880.214	-38460.914	-1967793.155
49418.875	-48629.781	-1972675.968
-54631.539	36707.203	-1977558.780
-8406.176	8769.103	-1982441.593
11257.276	-11736.539	-1987324.405
2251.635	12561.302	-1992207.218
49684.559	-18786.365	-1997090.030
97143.508	21303.418	-2001972.843
39648.285	-12161.899	-2006855.655
66178.070	-75849.906	-2011738.468
27562.451	4827.767	-2016621.280
-14959.972	4488.486	-2021504.093
13125.943	-47759.910	-2026386.905
14572.730	22986.320	-2031269.718
9034.421	-24178.703	-2036152.530
40184.895	-12868.474	-2041035.343
26868.748	36595.207	-2045918.155
-12591.021	7059.356	-2050800.968
14726.197	-12902.854	-2055683.780
-4070.185	-28957.029	-2060566.593
46064.922	-19016.232	-2065449.405
20545.635	-18946.809	-2070332.218
87137.320	13157.114	-2075215.030
21190.068	17392.502	-2080097.843
85061.813	-44490.770	-2084980.655
20410.244	32254.844	-2089863.468
28797.621	36775.965	-2094746.280
22238.848	-22416.508	-2099629.093
40307.996	-53096.637	-2104511.905
-2742.992	-3114.946	-2109394.718
-12622.849	16635.594	-2114277.530
39879.328	-39180.422	-2119160.343
55830.457	-10647.944	-2124043.155
-33707.469	-3135.288	-2128925.968
70542.688	-22151.766	-2133808.780
-132.384	-733.826	-2138691.593
17344.611	-3002.197	-2143574.405
-1587.316	-61002.992	-2148457.218
39439.371	-2437.560	-2153340.030
38834.695	27825.195	-2158222.843
69367.961	-2632.959	-2163105.655
-26317.275	37556.879	-2167988.468
43304.715	-43496.633	-2172871.280
55170.039	6760.593	-2177754.093
5086.179	30993.461	-2182636.905
42269.379	16064.950	-2187519.718
40419.473	-61448.637	-2192402.530
4265.931	24241.641	-2197285.343
47737.594	-24395.873	-2202168.155
40592.773	-11471.915	-2207050.968
17306.361	-35521.504	-2211933.780
-2086.283	-66671.867	-2216816.593
37864.867	-24728.223	-2221699.405
56507.352	-17987.805	-2226582.218
19687.305	33200.602	-2231465.030
26886.412	-9452.752	-2236347.843
17902.742	-7905.035	-2241230.655
1671.431	-23683.361	-2246113.468
61272.125	-19089.813	-2250996.280
17247.318	-40072.199	-2255879.093
14616.759	24343.279	-2260761.905
3280.319	32920.703	-2265644.718
18053.748	7746.214	-2270527.530
25062.361	24730.850	-2275410.343
-1897.323	32500.020	-2280293.155
40652.590	-37100.457	-2285175.968
13912.502	-10270.210	-2290058.780
65277.762	1792.071	-2294941.593
-19296.338	-82.332	-2299824.405
32733.576	33916.973	-2304707.218
33193.270	-27115.783	-2309590.030
7139.757	43234.387	-2314472.843
15130.612	-14668.058	-2319355.655
58510.105	6033.444	-2324238.468
35378.438	16186.837	-2329121.280
41250.375	16375.926	-2334004.093
8296.271	-13463.743	-2338886.905
20812.650	19133.334	-2343769.718
29729.211	-1801.598	-2348652.530
58392.969	2843.022	-2353535.343
34126.828	-15674.207	-2358418.155
30131.266	-8695.961	-2363300.968
13028.044	23422.893	-2368183.780
12620.277	-8627.436	-2373066.593
29298.949	7911.904	-2377949.405
57257.688	25619.277	-2382832.218
10431.812	17250.857	-2387715.030
58071.441	-11626.903	-2392597.843
26322.713	-13439.256	-2397480.655
22267.031	10673.245	-2402363.468
25896.889	-20956.773	-2407246.280
6159.193	-12252.138	-2412129.093
43703.520	-17760.318	-2417011.905
24273.230	37386.137	-2421894.718
33931.816	17869.088	-2426777.530
31676.422	-1449.405	-2431660.343
9082.024	-19610.943	-2436543.155
29813.855	-1997.048	-2441425.968
44538.695	21386.568	-2446308.780
27758.260	14086.626	-2451191.593
41817.285	-12050.585	-2456074.405
40187.223	20780.395	-2460957.218
37653.777	14473.123	-2465840.030
26258.219	3792.286	-2470722.843
33745.750	37957.410	-2475605.655
544.476	4274.571	-2480488.468
43141.457	-16518.531	-2485371.280
37753.930	-6998.521	-2490254.093
53915.629	-16969.520	-2495136.905
