Data Point Listing of File C:\NTNMR\data\Dan\LiFePO4\[010]\P31 [010] 90deg.tnt
Starting Point:	1	Ending Point:	1024
Real	Imag	Hz
56652.535	-9558.210	2499980.282
17392.988	23694.100	2495097.470
18926.803	11443.430	2490214.657
24842.961	-11203.908	2485331.845
54875.652	6152.989	2480449.032
26363.584	23162.482	2475566.220
13141.241	15631.168	2470683.407
28044.498	-7296.558	2465800.595
7677.190	-11036.441	2460917.782
15640.198	-15676.974	2456034.970
7351.332	15137.427	2451152.157
37359.406	-34820.168	2446269.345
31677.902	-28375.584	2441386.532
47911.777	25527.736	2436503.720
35987.266	22846.041	2431620.907
-4092.382	-18187.383	2426738.095
47090.309	-24305.881	2421855.282
32965.102	26649.602	2416972.470
27659.760	19660.168	2412089.657
10432.675	-15304.313	2407206.845
10192.829	15599.739	2402324.032
36911.129	22529.109	2397441.220
49449.809	22287.666	2392558.407
23618.381	15236.057	2387675.595
27937.996	4959.352	2382792.782
24673.799	36200.063	2377909.970
27115.773	8025.750	2373027.157
37367.141	-4460.522	2368144.345
21269.197	-5211.736	2363261.532
19732.018	18041.451	2358378.720
31440.844	-7797.247	2353495.907
51743.719	9423.211	2348613.095
35781.281	13549.689	2343730.282
25568.973	18695.189	2338847.470
44013.172	13032.568	2333964.657
20630.805	-18756.297	2329081.845
48834.430	1458.455	2324199.032
5510.438	-17292.838	2319316.220
34550.844	-2120.065	2314433.407
19361.758	-30038.691	2309550.595
29297.818	5376.692	2304667.782
53174.008	-25237.682	2299784.970
31377.992	40971.570	2294902.157
28533.182	1870.270	2290019.345
16536.402	15512.288	2285136.532
21197.438	11838.021	2280253.720
25109.207	24291.760	2275370.907
29993.605	10038.437	2270488.095
34886.168	-10283.662	2265605.282
14235.395	35436.773	2260722.470
36653.184	27940.184	2255839.657
20314.326	-8564.535	2250956.845
41713.793	17119.842	2246074.032
35526.035	3469.094	2241191.220
-3960.676	3022.500	2236308.407
49290.945	20293.219	2231425.595
10305.271	19345.844	2226542.782
13131.819	-15679.444	2221659.970
41417.145	4539.842	2216777.157
31354.869	-17427.471	2211894.345
26343.523	7246.924	2207011.532
40137.969	-2783.489	2202128.720
28383.023	16374.019	2197245.907
18713.938	5713.428	2192363.095
11252.167	-7547.786	2187480.282
37735.887	22918.006	2182597.470
36849.902	20121.953	2177714.657
25738.891	-12898.921	2172831.845
45233.543	11059.571	2167949.032
5350.584	22314.428	2163066.220
43222.344	1484.471	2158183.407
44583.199	6048.249	2153300.595
39822.336	1898.860	2148417.782
27959.352	22521.234	2143534.970
25828.217	-3684.958	2138652.157
19155.432	20902.742	2133769.345
54759.668	11567.372	2128886.532
38036.160	-860.148	2124003.720
15970.942	37882.031	2119120.907
-4666.610	-2832.568	2114238.095
20870.604	16567.063	2109355.282
36982.047	22115.746	2104472.470
-7802.635	13929.868	2099589.657
37545.074	12218.559	2094706.845
8194.330	3156.321	2089824.032
15917.886	26873.957	2084941.220
40057.223	16499.154	2080058.407
23936.387	-6301.287	2075175.595
38914.891	6652.600	2070292.782
37899.672	3951.821	2065409.970
18257.422	4186.321	2060527.157
16555.246	6815.985	2055644.345
37773.719	45414.191	2050761.532
60181.621	-4262.547	2045878.720
13267.207	-5511.890	2040995.907
63156.883	49929.320	2036113.095
46738.563	26834.090	2031230.282
45657.395	-32429.543	2026347.470
44705.293	9632.966	2021464.657
10069.342	-7819.066	2016581.845
55894.414	23503.070	2011699.032
19192.596	-13632.630	2006816.220
23091.266	82102.633	2001933.407
-3721.998	1711.823	1997050.595
51808.004	26269.432	1992167.782
14112.997	-5475.882	1987284.970
39749.672	14911.373	1982402.157
15563.684	11048.966	1977519.345
35866.512	43595.602	1972636.532
27381.018	-2795.998	1967753.720
5347.066	9537.612	1962870.907
55092.434	16155.429	1957988.095
3149.113	-24383.545	1953105.282
35450.309	-5267.896	1948222.470
39004.090	-6333.608	1943339.657
-8146.017	10250.096	1938456.845
55341.664	-2849.318	1933574.032
29577.119	-8970.293	1928691.220
54567.363	53428.906	1923808.407
52517.730	11197.849	1918925.595
-1334.848	26280.504	1914042.782
41225.285	25425.373	1909159.970
79146.461	13673.281	1904277.157
24721.082	-11959.772	1899394.345
44122.027	40784.363	1894511.532
20988.209	16526.971	1889628.720
6944.716	40055.984	1884745.907
18295.354	-28679.848	1879863.095
4871.193	15406.888	1874980.282
31345.756	28841.451	1870097.470
2406.279	10592.086	1865214.657
75812.867	24170.406	1860331.845
24588.945	832.774	1855449.032
44379.156	10425.387	1850566.220
39714.574	-23711.996	1845683.407
-35519.734	30049.455	1840800.595
8221.485	15599.177	1835917.782
62409.492	-4528.917	1831034.970
20261.820	-10550.892	1826152.157
34031.625	37579.160	1821269.345
13757.829	1296.561	1816386.532
43036.676	22004.273	1811503.720
6537.869	27053.006	1806620.907
40868.172	30652.365	1801738.095
2150.254	29387.428	1796855.282
70035.023	-12362.579	1791972.470
42278.555	61306.926	1787089.657
25238.580	16517.418	1782206.845
28247.072	-31686.313	1777324.032
30933.072	-3229.413	1772441.220
28269.139	24176.037	1767558.407
29956.436	59824.465	1762675.595
70025.234	-7717.895	1757792.782
9302.532	-23430.156	1752909.970
16647.244	46349.137	1748027.157
12705.838	-8053.568	1743144.345
51114.152	33497.258	1738261.532
60310.492	-10831.739	1733378.720
1297.396	53005.109	1728495.907
50634.988	9976.765	1723613.095
29423.377	47113.215	1718730.282
27263.424	25687.902	1713847.470
24732.623	-17204.232	1708964.657
25751.684	-14235.266	1704081.845
8939.819	8775.479	1699199.032
-3603.187	18958.826	1694316.220
-4053.400	2916.953	1689433.407
17343.355	36763.484	1684550.595
23876.525	55446.605	1679667.782
45519.254	5760.991	1674784.970
-6126.093	37302.020	1669902.157
17684.777	4870.340	1665019.345
32698.059	-741.760	1660136.532
76861.367	11268.532	1655253.720
61582.859	-40555.328	1650370.907
45935.188	27735.172	1645488.095
-4944.892	38709.941	1640605.282
58406.473	26353.434	1635722.470
-11641.667	44137.922	1630839.657
26442.488	-10059.428	1625956.845
-2840.003	47703.203	1621074.032
4052.525	14771.307	1616191.220
35119.230	-13377.937	1611308.407
16282.181	48177.938	1606425.595
85346.617	11288.031	1601542.782
36460.355	74751.742	1596659.970
6487.820	58526.523	1591777.157
27568.195	7477.563	1586894.345
-6144.676	505.878	1582011.532
825.542	18737.109	1577128.720
14455.434	54095.855	1572245.907
89372.773	14656.941	1567363.095
64707.070	53135.477	1562480.282
-5916.703	-15941.158	1557597.470
-18093.869	-10254.351	1552714.657
22430.223	28860.529	1547831.845
65569.680	12465.709	1542949.032
-7996.163	55790.055	1538066.220
64954.000	68706.484	1533183.407
-16294.263	-3680.569	1528300.595
76428.156	34692.496	1523417.782
17937.313	50523.227	1518534.970
72679.992	70453.234	1513652.157
70244.750	-6050.478	1508769.345
57989.645	41559.742	1503886.532
71935.820	42849.598	1499003.720
14056.095	53626.621	1494120.907
29770.791	-7267.397	1489238.095
14580.688	17713.803	1484355.282
25006.205	26690.094	1479472.470
14602.760	19354.350	1474589.657
53260.746	15644.651	1469706.845
1539.765	-6117.169	1464824.032
75389.984	6426.920	1459941.220
43848.125	-11815.938	1455058.407
-9036.420	11925.371	1450175.595
16692.693	-15260.691	1445292.782
21747.855	19881.451	1440409.970
-69.361	16570.850	1435527.157
65742.875	83862.383	1430644.345
77348.609	2817.621	1425761.532
57479.316	29574.730	1420878.720
32845.527	4337.164	1415995.907
18465.748	-10341.517	1411113.095
-5964.365	6467.010	1406230.282
74421.172	971.577	1401347.470
8510.538	74569.453	1396464.657
38958.535	62231.559	1391581.845
-13870.489	55920.719	1386699.032
79227.813	-19921.926	1381816.220
43009.902	71896.758	1376933.407
19296.330	32569.828	1372050.595
3739.369	21431.467	1367167.782
21956.451	-29695.951	1362284.970
50694.691	100042.531	1357402.157
12774.771	70690.359	1352519.345
93543.250	-47779.262	1347636.532
65698.227	-23398.797	1342753.720
-1577.386	57286.641	1337870.907
-11136.452	-16406.822	1332988.095
-149.487	5797.181	1328105.282
-15433.497	48681.441	1323222.470
4970.373	39076.523	1318339.657
38019.410	17636.025	1313456.845
42962.980	33245.645	1308574.032
-10598.957	6865.112	1303691.220
43558.301	46218.227	1298808.407
44921.863	16372.041	1293925.595
-8752.571	-28681.201	1289042.782
77705.008	64373.457	1284159.970
51614.906	43962.008	1279277.157
27322.328	18120.342	1274394.345
34688.520	30714.035	1269511.532
28408.004	47212.688	1264628.720
2113.393	29884.156	1259745.907
14425.145	4605.883	1254863.095
13252.856	21961.170	1249980.282
111520.164	78489.461	1245097.470
18162.879	45401.410	1240214.657
30385.254	11690.798	1235331.845
67679.789	91826.156	1230449.032
52941.680	5817.591	1225566.220
26420.814	41499.258	1220683.407
31821.447	27946.672	1215800.595
-45037.617	35589.414	1210917.782
-16673.527	-7156.027	1206034.970
14667.765	53787.645	1201152.157
39303.703	77298.906	1196269.345
53474.727	98728.281	1191386.532
65555.695	-6089.459	1186503.720
67803.898	40983.086	1181620.907
105261.961	-29892.447	1176738.095
7223.113	75123.266	1171855.282
45729.840	43028.238	1166972.470
14983.725	41154.242	1162089.657
-10355.879	71590.328	1157206.845
-2398.798	-11989.289	1152324.032
79195.563	-8692.120	1147441.220
28136.201	5433.046	1142558.407
34203.793	77738.789	1137675.595
52567.387	15749.514	1132792.782
17827.787	-3547.486	1127909.970
39173.410	32388.195	1123027.157
56820.406	-48.150	1118144.345
38581.727	34093.992	1113261.532
72693.594	-28792.463	1108378.720
6967.876	48448.105	1103495.907
67667.852	60549.699	1098613.095
11860.650	17942.721	1093730.282
81076.367	59251.922	1088847.470
44831.957	-17626.803	1083964.657
51784.758	21200.576	1079081.845
-5163.169	55138.270	1074199.032
29538.803	131.252	1069316.220
46545.965	-27750.660	1064433.407
-29104.074	68388.594	1059550.595
62530.156	52574.336	1054667.782
-22436.895	48306.137	1049784.970
28550.092	-15866.788	1044902.157
25140.701	-21737.502	1040019.345
-40324.930	160855.781	1035136.532
-177.851	-5741.303	1030253.720
60486.734	101985.539	1025370.907
19525.150	-19801.645	1020488.095
-18964.021	85832.016	1015605.282
20491.613	-25809.494	1010722.470
27365.889	49149.363	1005839.657
58426.348	162.635	1000956.845
-241.250	59888.785	996074.032
100969.484	62798.199	991191.220
-3269.608	50073.848	986308.407
46504.000	71717.078	981425.595
-62234.125	48498.074	976542.782
42079.598	52248.918	971659.970
20331.031	10090.787	966777.157
68595.859	17819.504	961894.345
-5716.354	66680.141	957011.532
39646.445	-38459.383	952128.720
13056.727	46140.984	947245.907
115846.086	77051.164	942363.095
47415.816	73933.664	937480.282
29400.676	70875.602	932597.470
54818.207	99021.906	927714.657
35248.391	-23918.125	922831.845
14394.899	-6881.757	917949.032
114571.609	71998.578	913066.220
-33570.379	73505.914	908183.407
45373.082	117219.078	903300.595
-31601.646	18837.047	898417.782
17562.615	-51455.754	893534.970
52379.570	48316.074	888652.157
40900.359	68176.219	883769.345
36561.949	-33962.566	878886.532
25529.447	37055.391	874003.720
-38172.316	35303.703	869120.907
90004.602	47269.949	864238.095
56429.137	111445.930	859355.282
-33481.602	-38891.816	854472.470
27698.307	6269.901	849589.657
-16356.128	45986.199	844706.845
13685.094	60499.398	839824.032
83246.938	81831.938	834941.220
33535.953	56450.254	830058.407
11462.560	52330.109	825175.595
41918.691	60081.273	820292.782
-17665.994	58103.758	815409.970
-56387.996	-5329.425	810527.157
101434.508	63181.406	805644.345
70959.672	45986.914	800761.532
-50461.027	75958.242	795878.720
27290.836	60246.652	790995.907
54684.438	125700.375	786113.095
-878.362	68101.664	781230.282
75327.211	59872.336	776347.470
-48753.855	42486.398	771464.657
-3790.556	43708.570	766581.845
-20744.846	-27478.445	761699.032
80847.164	64578.492	756816.220
52743.449	73060.352	751933.407
-41170.117	15448.497	747050.595
34154.379	51065.492	742167.782
10258.828	678.828	737284.970
104298.781	52775.066	732402.157
19012.389	19003.090	727519.345
13522.625	51352.082	722636.532
-44118.477	101554.781	717753.720
22751.373	103484.563	712870.907
-56854.801	127501.336	707988.095
63016.883	83671.055	703105.282
35417.191	133538.453	698222.470
90029.375	87224.539	693339.657
17748.951	95756.820	688456.845
-87025.820	94998.781	683574.032
-22096.104	-23342.785	678691.220
76606.102	109067.680	673808.407
99933.898	65332.641	668925.595
48484.406	116698.078	664042.782
65175.645	73611.109	659159.970
-16224.695	85696.195	654277.157
5366.508	106725.188	649394.345
13101.952	68757.086	644511.532
-11466.353	115332.602	639628.720
64037.242	111347.898	634745.907
4068.081	18962.230	629863.095
-50679.969	91401.797	624980.282
29251.252	48820.547	620097.470
83892.203	158637.094	615214.657
8765.330	94615.234	610331.845
25712.338	8091.778	605449.032
65751.031	64.190	600566.220
72094.797	134454.375	595683.407
16436.670	95437.664	590800.595
30838.049	139533.031	585917.782
77712.117	98696.648	581034.970
66156.055	144850.313	576152.157
57793.973	121296.539	571269.345
27683.412	147776.172	566386.532
85436.133	60452.418	561503.720
82105.320	89995.438	556620.907
9550.304	62903.117	551738.095
34008.758	69025.117	546855.282
62695.625	136831.406	541972.470
147811.484	133712.750	537089.657
113001.148	83558.773	532206.845
40841.430	6200.748	527324.032
69540.578	91072.203	522441.220
-14182.580	25700.635	517558.407
70386.086	115245.984	512675.595
-33942.586	-12922.473	507792.782
11614.257	63113.527	502909.970
34390.133	83232.719	498027.157
-5990.642	127041.320	493144.345
-6321.945	113574.047	488261.532
55931.656	156038.422	483378.720
-27698.957	36932.078	478495.907
65289.184	61789.066	473613.095
38189.156	84002.266	468730.282
45759.012	139418.063	463847.470
6949.010	149704.156	458964.657
31884.920	92782.297	454081.845
52848.313	57449.980	449199.032
95355.094	123331.656	444316.220
11571.664	171964.391	439433.407
6197.495	103522.445	434550.595
95182.219	96066.883	429667.782
82304.883	93252.273	424784.970
89212.102	210724.781	419902.157
-31625.236	174800.438	415019.345
49738.359	101499.414	410136.532
28166.605	50602.980	405253.720
35907.945	196712.922	400370.907
4193.210	50924.543	395488.095
15967.604	27812.314	390605.282
36594.672	150528.016	385722.470
76660.727	120646.688	380839.657
44427.445	197940.844	375956.845
102418.648	184439.516	371074.032
786.273	197702.531	366191.220
79357.281	180812.328	361308.407
-3102.354	176529.891	356425.595
107085.820	79793.406	351542.782
32844.918	169636.094	346659.970
39073.863	105079.383	341777.157
27545.412	80159.195	336894.345
80756.930	77172.188	332011.532
52010.410	218008.719	327128.720
95847.961	100992.234	322245.907
-1085.464	202365.984	317363.095
10170.539	182021.469	312480.282
100127.672	200422.703	307597.470
72429.063	111343.648	302714.657
156442.422	196911.328	297831.845
56752.090	244529.984	292949.032
58992.801	285480.688	288066.220
86256.320	163286.313	283183.407
25970.895	255743.875	278300.595
116077.430	171901.078	273417.782
42640.617	223304.516	268534.970
-35766.199	166300.922	263652.157
54449.941	163380.875	258769.345
101150.102	197260.531	253886.532
41400.867	145074.719	249003.720
107125.375	230232.766	244120.907
103796.813	280125.750	239238.095
36892.188	284640.625	234355.282
66790.953	230263.219	229472.470
85110.500	192349.000	224589.657
172548.250	304943.813	219706.845
145967.094	284315.844	214824.032
129367.078	257473.656	209941.220
148124.500	199833.203	205058.407
133711.922	269354.188	200175.595
32792.641	241628.828	195292.782
128197.109	376032.844	190409.970
277730.188	281891.469	185527.157
248281.328	320801.344	180644.345
139194.766	311283.594	175761.532
91754.023	206147.063	170878.720
147856.188	287920.031	165995.907
-5732.998	491736.344	161113.095
-4722.329	519643.813	156230.282
192952.109	512045.531	151347.470
190062.453	721859.313	146464.657
431428.094	558470.938	141581.845
434114.875	414333.781	136699.032
503752.094	401430.844	131816.220
549826.313	385939.219	126933.407
432390.125	528331.063	122050.595
575222.438	411957.281	117167.782
659226.688	500510.500	112284.970
709946.063	348127.094	107402.157
733925.000	386466.563	102519.345
838065.750	245241.547	97636.532
789527.000	148289.031	92753.720
723468.875	627.829	87870.907
812069.813	-8852.039	82988.095
730581.500	-97347.938	78105.282
638157.438	-24616.254	73222.470
640371.500	-185821.156	68339.657
569665.125	-174743.563	63456.845
568634.500	-135857.641	58574.032
626996.813	-60132.789	53691.220
578010.563	-130875.555	48808.407
514720.781	-182889.844	43925.595
589372.563	-200879.453	39042.782
541679.625	-244162.531	34159.970
458541.125	-160209.391	29277.157
435938.906	-246221.156	24394.345
458964.250	-205387.484	19511.532
462719.156	-362728.031	14628.720
515960.281	-244527.063	9745.907
387273.375	-301217.219	4863.095
399343.188	-209766.531	-19.718
499915.344	-331957.563	-4902.530
271585.313	-289897.719	-9785.343
295281.844	-315034.031	-14668.155
267008.500	-278593.938	-19550.968
271621.438	-313896.781	-24433.780
189903.594	-253800.469	-29316.593
92242.211	-237350.938	-34199.405
412214.469	-128340.688	-39082.218
220710.391	-168192.297	-43965.030
192441.953	-256885.688	-48847.843
305064.531	-323532.719	-53730.655
229076.266	-320103.094	-58613.468
219490.734	-240496.781	-63496.280
306645.094	-253483.703	-68379.093
333318.063	-223217.453	-73261.905
228320.063	-232273.828	-78144.718
98380.008	-148112.359	-83027.530
139615.703	-172122.609	-87910.343
129965.688	-346690.125	-92793.155
279696.313	-223978.609	-97675.968
223650.047	-148393.500	-102558.780
135932.531	-188006.203	-107441.593
183671.188	-275868.344	-112324.405
187124.016	-261090.109	-117207.218
194942.797	-314168.531	-122090.030
202950.000	-284544.719	-126972.843
180255.172	-233695.859	-131855.655
86208.117	-294563.156	-136738.468
162032.891	-265864.250	-141621.280
58730.430	-228064.594	-146504.093
121880.859	-209094.922	-151386.905
47396.215	-263951.031	-156269.718
135427.609	-232544.797	-161152.530
92883.258	-192827.203	-166035.343
181108.375	-108320.734	-170918.155
-6476.782	-265011.531	-175800.968
200459.813	-166388.453	-180683.780
39372.719	-242305.813	-185566.593
88947.828	-293296.000	-190449.405
112701.797	-273535.594	-195332.218
82459.648	-163662.094	-200215.030
-75486.336	-154054.828	-205097.843
-55270.859	-103976.484	-209980.655
51858.965	-157168.438	-214863.468
25706.693	-135841.031	-219746.280
137503.609	-94335.156	-224629.093
29055.090	-45524.590	-229511.905
-36922.859	-184997.016	-234394.718
146968.359	-249686.313	-239277.530
100799.820	-129058.484	-244160.343
110270.180	-33531.398	-249043.155
120901.000	-157375.344	-253925.968
97974.578	-297004.250	-258808.780
16337.741	-137428.406	-263691.593
-28952.568	-98591.070	-268574.405
63254.473	-67975.813	-273457.218
-1547.610	-152609.984	-278340.030
46313.734	-322756.125	-283222.843
127555.180	-88370.930	-288105.655
41187.770	-22916.662	-292988.468
99371.469	-201848.391	-297871.280
-25900.074	-167723.328	-302754.093
79074.063	-140821.828	-307636.905
92787.594	-195824.516	-312519.718
59896.813	-158308.828	-317402.530
32324.893	-72444.102	-322285.343
92847.414	38793.063	-327168.155
106531.023	-165971.234	-332050.968
-10004.357	-167251.859	-336933.780
99050.195	-109912.867	-341816.593
-66692.383	-177924.953	-346699.405
27941.629	-59689.938	-351582.218
65388.820	-146486.734	-356465.030
-3573.100	-124579.789	-361347.843
-40619.941	32852.281	-366230.655
-42761.137	-125247.484	-371113.468
77290.734	-52071.457	-375996.280
82557.961	-234659.813	-380879.093
7792.386	-89079.602	-385761.905
114572.695	-149476.094	-390644.718
132442.766	13822.102	-395527.530
31710.338	20960.383	-400410.343
51419.289	-118141.492	-405293.155
-59550.172	-119564.695	-410175.968
51655.102	-127864.266	-415058.780
142872.859	-141640.297	-419941.593
-61430.664	-132326.578	-424824.405
20776.346	-116667.289	-429707.218
66044.984	-79863.875	-434590.030
38114.020	-219104.250	-439472.843
91904.695	-16281.293	-444355.655
42719.691	-46209.164	-449238.468
-22835.424	-80503.430	-454121.280
83514.680	-19104.146	-459004.093
14696.435	-16971.746	-463886.905
98891.109	-95196.914	-468769.718
-96331.719	-158423.109	-473652.530
66006.461	-44934.852	-478535.343
23157.227	-227371.813	-483418.155
63403.320	-52150.516	-488300.968
1614.621	-27503.863	-493183.780
126140.945	-93147.813	-498066.593
39224.453	69955.547	-502949.405
-57578.602	-160736.125	-507832.218
70313.078	-78066.750	-512715.030
125568.633	-72513.164	-517597.843
94964.633	-65940.898	-522480.655
-20775.244	-183150.031	-527363.468
44382.996	-28083.648	-532246.280
658.549	-155151.766	-537129.093
133196.641	-138341.609	-542011.905
88362.453	-78780.914	-546894.718
71569.367	60147.184	-551777.530
-82434.266	-173536.344	-556660.343
53300.258	-43373.066	-561543.155
121375.742	-14493.751	-566425.968
46388.031	-44630.848	-571308.780
35042.668	-96886.828	-576191.593
-97792.180	-83970.258	-581074.405
-38584.398	-146656.563	-585957.218
20623.959	-109084.766	-590840.030
93139.422	1864.738	-595722.843
39101.898	-94302.898	-600605.655
11364.376	-96300.367	-605488.468
-3883.412	-126569.852	-610371.280
32186.471	-167575.313	-615254.093
70998.617	3621.278	-620136.905
-83768.117	-76615.547	-625019.718
74477.227	-33646.047	-629902.530
45327.230	30073.891	-634785.343
14980.856	-51021.723	-639668.155
148959.063	-96181.891	-644550.968
36737.063	-204140.125	-649433.780
107806.625	70314.461	-654316.593
107916.023	-2076.732	-659199.405
-103439.852	-75422.750	-664082.218
-148461.391	-175985.266	-668965.030
70028.680	-112266.227	-673847.843
50934.719	-13399.749	-678730.655
28544.148	-107228.445	-683613.468
27629.113	-113947.805	-688496.280
84380.820	-8917.916	-693379.093
42200.781	20618.469	-698261.905
48945.191	-117990.711	-703144.718
67954.672	-149192.531	-708027.530
2074.277	-32411.480	-712910.343
32760.072	-107904.094	-717793.155
80425.477	-94975.469	-722675.968
-67305.633	-70013.172	-727558.780
16304.479	-105107.680	-732441.593
90513.320	-74048.609	-737324.405
-54783.836	-127939.648	-742207.218
39400.234	-47395.590	-747090.030
-32901.000	-6424.340	-751972.843
31510.539	-78901.313	-756855.655
77003.000	15706.561	-761738.468
33917.012	30742.631	-766621.280
-77100.227	83040.602	-771504.093
1780.846	-16366.382	-776386.905
-51986.371	-152327.813	-781269.718
18554.064	-73922.242	-786152.530
-14540.550	-159818.828	-791035.343
65031.453	-45914.625	-795918.155
-61036.828	-153329.234	-800800.968
-27276.777	-25823.320	-805683.780
-52658.008	-20729.225	-810566.593
44360.984	-64965.656	-815449.405
3849.957	-64602.203	-820332.218
16130.102	9979.944	-825215.030
62247.078	-60595.512	-830097.843
35718.035	-154118.266	-834980.655
-32295.074	5782.477	-839863.468
40966.777	-83330.867	-844746.280
78488.820	103056.102	-849629.093
-39530.832	-738.404	-854511.905
23435.025	-35168.383	-859394.718
74723.859	-60588.938	-864277.530
-4564.031	-85539.836	-869160.343
-57640.461	60950.098	-874043.155
37726.395	13539.864	-878925.968
-43330.973	-2320.179	-883808.780
117901.563	-93635.172	-888691.593
-26120.836	151327.219	-893574.405
53132.504	58960.715	-898457.218
66274.117	-43491.402	-903340.030
106615.133	36742.660	-908222.843
58394.422	2908.092	-913105.655
-157.769	-107247.641	-917988.468
8855.568	-116375.469	-922871.280
-12006.507	-38032.242	-927754.093
54826.828	-67162.773	-932636.905
110054.648	92972.031	-937519.718
78417.641	-1649.985	-942402.530
139661.828	-83682.461	-947285.343
-3771.186	-92002.500	-952168.155
113911.641	-54999.977	-957050.968
-2159.550	-142050.219	-961933.780
-26910.502	-82482.242	-966816.593
57472.430	-94881.945	-971699.405
25024.504	-101839.328	-976582.218
-52352.863	-60292.770	-981465.030
-53370.977	52162.031	-986347.843
46935.895	-137835.938	-991230.655
62.339	-7978.833	-996113.468
-57125.152	-52602.109	-1000996.280
81471.000	-24531.842	-1005879.093
55882.242	68470.633	-1010761.905
-26472.088	-15142.950	-1015644.718
155677.078	-6466.453	-1020527.530
129772.336	278.634	-1025410.343
-20642.631	14843.591	-1030293.155
32040.596	-86844.141	-1035175.968
48112.789	26355.277	-1040058.780
-59878.234	-103441.125	-1044941.593
10155.882	12901.747	-1049824.405
179699.906	-29382.795	-1054707.218
93112.242	-115067.797	-1059590.030
190012.234	-127183.922	-1064472.843
-35406.469	-88011.875	-1069355.655
68098.250	-74127.258	-1074238.468
-86432.891	39010.531	-1079121.280
-45858.453	-119535.055	-1084004.093
87169.211	-16523.896	-1088886.905
-88225.969	-7726.009	-1093769.718
-20115.807	43927.047	-1098652.530
108647.398	-12694.618	-1103535.343
-67482.211	-142090.000	-1108418.155
29730.988	39511.715	-1113300.968
18474.744	-53070.590	-1118183.780
-36113.492	-115354.398	-1123066.593
-11287.146	-136293.656	-1127949.405
64623.660	-95518.070	-1132832.218
69770.086	-43608.449	-1137715.030
24135.260	135174.313	-1142597.843
207.250	9005.530	-1147480.655
-33076.281	-76710.703	-1152363.468
47083.082	-134738.453	-1157246.280
-26624.963	-87634.813	-1162129.093
26429.607	-32772.652	-1167011.905
7013.963	-53706.250	-1171894.718
-87815.070	-45743.426	-1176777.530
-5050.397	17604.023	-1181660.343
82168.555	-36459.754	-1186543.155
-25673.887	-25975.895	-1191425.968
67827.656	-105586.836	-1196308.780
-3457.179	-11223.477	-1201191.593
71104.242	28090.170	-1206074.405
33072.227	25955.879	-1210957.218
88037.250	20264.404	-1215840.030
-107639.656	86705.063	-1220722.843
2549.429	14688.511	-1225605.655
29726.844	52968.707	-1230488.468
-31877.928	-20392.105	-1235371.280
128144.031	8696.954	-1240254.093
-40269.316	80774.313	-1245136.905
-12918.301	-91937.977	-1250019.718
73155.141	-72873.125	-1254902.530
17791.734	29202.367	-1259785.343
-17365.672	-130907.852	-1264668.155
-14758.579	-51927.645	-1269550.968
12030.882	7892.410	-1274433.780
25786.424	23299.748	-1279316.593
4835.097	-7850.084	-1284199.405
99760.367	-72868.188	-1289082.218
-23043.111	-96769.406	-1293965.030
22238.307	10485.816	-1298847.843
115014.383	19.020	-1303730.655
131405.688	128976.281	-1308613.468
11878.999	-84572.000	-1313496.280
92507.219	-73317.219	-1318379.093
30557.203	-8939.295	-1323261.905
12570.414	-19413.303	-1328144.718
54400.645	-73198.094	-1333027.530
-44853.277	-157338.172	-1337910.343
12430.940	-53774.598	-1342793.155
-3069.285	-61951.590	-1347675.968
-29920.666	12497.563	-1352558.780
77556.930	-48260.789	-1357441.593
37532.949	-17922.623	-1362324.405
21419.271	25252.348	-1367207.218
-407.900	-42772.152	-1372090.030
14624.343	21177.168	-1376972.843
1.111	-19073.004	-1381855.655
-27142.959	37008.941	-1386738.468
-32583.141	58021.457	-1391621.280
-12529.493	14173.557	-1396504.093
-35788.809	9412.319	-1401386.905
-4429.875	1435.069	-1406269.718
17248.592	68011.414	-1411152.530
45689.395	-54471.586	-1416035.343
34009.355	-22963.063	-1420918.155
12578.990	18030.764	-1425800.968
-2338.990	-36195.742	-1430683.780
135223.484	-24190.709	-1435566.593
-44397.336	13064.015	-1440449.405
68907.773	-32353.570	-1445332.218
58350.402	-138129.641	-1450215.030
50665.902	-111120.891	-1455097.843
32472.443	21834.332	-1459980.655
-19828.578	16076.446	-1464863.468
36067.336	9965.196	-1469746.280
22152.713	-1152.264	-1474629.093
9831.797	632.861	-1479511.905
87134.758	-5324.212	-1484394.718
37460.363	11426.369	-1489277.530
-5253.431	29048.500	-1494160.343
20881.393	50369.559	-1499043.155
53987.094	-25647.531	-1503925.968
25337.232	-20652.844	-1508808.780
-42763.445	17555.154	-1513691.593
30679.523	4344.807	-1518574.405
69516.445	-11010.722	-1523457.218
82665.445	-494.701	-1528340.030
-61436.891	10747.555	-1533222.843
31498.234	-10657.275	-1538105.655
24210.316	-22177.045	-1542988.468
-40744.891	-30947.619	-1547871.280
36821.930	21505.686	-1552754.093
129932.672	9454.162	-1557636.905
20006.393	1507.332	-1562519.718
-58527.563	-10641.007	-1567402.530
94916.195	-4916.988	-1572285.343
58743.738	-14925.569	-1577168.155
72830.414	-16014.587	-1582050.968
92514.570	-44350.184	-1586933.780
74314.836	7274.248	-1591816.593
-13716.887	6824.061	-1596699.405
74819.688	-6640.478	-1601582.218
-8624.061	-31794.127	-1606465.030
106974.547	-21489.855	-1611347.843
-82529.227	226.863	-1616230.655
16858.549	34471.547	-1621113.468
60654.371	-33341.887	-1625996.280
12325.111	-71925.719	-1630879.093
93893.922	18901.059	-1635761.905
108205.992	12363.727	-1640644.718
54896.008	-33251.277	-1645527.530
-74147.617	-14453.923	-1650410.343
52468.266	33581.598	-1655293.155
15141.387	-64023.703	-1660175.968
107855.305	-12838.446	-1665058.780
43614.902	-23137.941	-1669941.593
91276.125	9439.590	-1674824.405
57796.070	-92505.492	-1679707.218
102246.102	-21023.926	-1684590.030
10618.927	28630.350	-1689472.843
-53241.152	18913.463	-1694355.655
30537.387	-68949.625	-1699238.468
4160.041	-48402.184	-1704121.280
10704.271	-33649.398	-1709004.093
57784.094	8250.222	-1713886.905
12313.338	-21361.008	-1718769.718
95175.484	-56211.258	-1723652.530
19854.795	-41264.695	-1728535.343
57077.059	-79513.711	-1733418.155
-3501.381	-46035.777	-1738300.968
27119.572	15312.039	-1743183.780
-33182.395	11814.327	-1748066.593
37674.672	14030.017	-1752949.405
4337.474	21361.061	-1757832.218
6527.452	-65724.805	-1762715.030
9465.287	-29889.439	-1767597.843
47402.461	-38290.895	-1772480.655
40057.223	-9969.514	-1777363.468
11898.403	-27772.723	-1782246.280
-11426.100	-86015.703	-1787129.093
33204.691	10647.071	-1792011.905
43948.102	-10591.837	-1796894.718
122469.508	-28986.924	-1801777.530
-41002.250	47936.668	-1806660.343
44076.871	-17284.590	-1811543.155
43729.086	14674.867	-1816425.968
-4514.177	-33728.910	-1821308.780
-8308.895	-16560.352	-1826191.593
14307.743	-29766.949	-1831074.405
18045.176	-42433.191	-1835957.218
19410.160	5420.650	-1840840.030
34827.566	31269.535	-1845722.843
431.058	-28025.055	-1850605.655
10527.542	-22767.002	-1855488.468
26919.322	-51292.160	-1860371.280
27653.018	17201.748	-1865254.093
40850.887	-35439.961	-1870136.905
664.370	-21275.082	-1875019.718
786.372	60276.504	-1879902.530
29239.078	58596.695	-1884785.343
16339.819	-38834.590	-1889668.155
26464.896	38983.652	-1894550.968
20786.020	-109702.469	-1899433.780
3860.564	-18591.688	-1904316.593
20174.074	40088.309	-1909199.405
-43149.383	3349.397	-1914082.218
-28216.588	-85447.406	-1918965.030
106617.789	-35688.801	-1923847.843
43609.230	9666.274	-1928730.655
3015.771	29229.777	-1933613.468
9293.854	36663.926	-1938496.280
79821.031	-71731.945	-1943379.093
31763.535	-30926.625	-1948261.905
94711.313	47220.168	-1953144.718
74964.539	-1626.202	-1958027.530
-30977.947	-32430.980	-1962910.343
31960.012	-58309.957	-1967793.155
28312.219	42634.133	-1972675.968
15100.097	20967.947	-1977558.780
19848.787	20704.152	-1982441.593
11215.117	30818.098	-1987324.405
-20392.400	-19598.203	-1992207.218
4680.673	-15708.053	-1997090.030
-30471.420	47871.477	-2001972.843
60757.801	-49215.758	-2006855.655
-30119.262	-7797.117	-2011738.468
65791.594	5809.313	-2016621.280
15021.909	27965.961	-2021504.093
62986.832	-11466.317	-2026386.905
-40124.523	-24931.131	-2031269.718
11748.679	3810.898	-2036152.530
84655.969	-40331.438	-2041035.343
34110.684	2042.886	-2045918.155
-1156.427	5008.672	-2050800.968
75873.461	-19689.008	-2055683.780
25405.836	-2761.168	-2060566.593
64078.078	-17286.641	-2065449.405
47886.125	-30225.730	-2070332.218
27870.453	-40260.223	-2075215.030
36961.273	2274.764	-2080097.843
26680.586	-23249.791	-2084980.655
45227.109	16327.872	-2089863.468
17696.139	-17541.592	-2094746.280
26907.955	29506.086	-2099629.093
-27404.891	-5251.247	-2104511.905
-9398.357	-20767.469	-2109394.718
-789.574	38325.297	-2114277.530
6710.195	16369.070	-2119160.343
36914.781	-5573.718	-2124043.155
-12533.194	-3373.890	-2128925.968
-5190.009	-10778.789	-2133808.780
69594.906	-5072.867	-2138691.593
38844.258	10447.409	-2143574.405
-23179.117	10871.212	-2148457.218
-8528.143	-40127.617	-2153340.030
37503.313	-17256.742	-2158222.843
43240.031	-9438.007	-2163105.655
9773.552	-4559.227	-2167988.468
52477.145	-14054.288	-2172871.280
-38839.301	47888.828	-2177754.093
12364.726	7448.351	-2182636.905
66790.070	23570.514	-2187519.718
42568.984	23299.982	-2192402.530
73923.539	-18880.961	-2197285.343
40814.277	29423.941	-2202168.155
10884.651	-903.575	-2207050.968
-7068.444	11461.172	-2211933.780
53855.609	-16970.387	-2216816.593
12404.218	43317.184	-2221699.405
-1337.905	4753.694	-2226582.218
11769.146	-18538.688	-2231465.030
-2194.657	5707.042	-2236347.843
30952.248	38596.527	-2241230.655
69184.469	-10669.969	-2246113.468
38043.141	-18545.988	-2250996.280
73927.875	41887.109	-2255879.093
-11016.475	12207.892	-2260761.905
37007.746	-17731.688	-2265644.718
557.333	6065.407	-2270527.530
27604.619	-15523.747	-2275410.343
21544.408	-1569.540	-2280293.155
-18928.279	-8539.739	-2285175.968
33217.715	-10801.016	-2290058.780
76715.320	11542.495	-2294941.593
28654.854	22703.580	-2299824.405
44392.215	-1463.489	-2304707.218
36733.762	15515.651	-2309590.030
67746.625	-11601.268	-2314472.843
43746.555	3306.453	-2319355.655
36922.637	475.183	-2324238.468
224.116	-15136.646	-2329121.280
16959.758	-10228.693	-2334004.093
36777.773	45082.777	-2338886.905
5665.931	18294.924	-2343769.718
24815.881	27117.391	-2348652.530
-11433.224	26361.445	-2353535.343
16577.037	-18897.637	-2358418.155
59462.289	9928.156	-2363300.968
14728.096	4401.970	-2368183.780
21604.750	2674.648	-2373066.593
40570.906	8824.354	-2377949.405
46279.574	41725.355	-2382832.218
38924.098	-22926.686	-2387715.030
53422.445	12998.468	-2392597.843
20342.871	9328.762	-2397480.655
41903.832	-7634.008	-2402363.468
52697.645	-29649.260	-2407246.280
18295.359	-5182.990	-2412129.093
38532.570	25292.652	-2417011.905
55581.180	14803.714	-2421894.718
31658.146	-10617.587	-2426777.530
35425.047	16061.494	-2431660.343
5823.611	16705.887	-2436543.155
32135.658	14901.195	-2441425.968
43891.547	-20131.816	-2446308.780
36778.316	-19829.461	-2451191.593
18196.281	-1202.997	-2456074.405
22939.443	3528.789	-2460957.218
50901.559	-9046.903	-2465840.030
32922.773	-30270.457	-2470722.843
44161.395	9094.222	-2475605.655
35040.176	21252.941	-2480488.468
33728.633	-6035.475	-2485371.280
13018.587	-3516.040	-2490254.093
35481.465	7249.362	-2495136.905
