Data Point Listing of File C:\NTNMR\data\Dan\LiFePO4\[001]\Li7 [001] 135deg.tnt
Starting Point:	1	Ending Point:	1024
Real	Imag	ppm
126964.453	7793.496	8573.143
102940.930	-21667.697	8556.398
112669.930	10562.845	8539.653
95083.180	21047.701	8522.909
104593.016	-9892.358	8506.164
78454.836	18013.684	8489.419
120789.625	23927.617	8472.674
133175.188	-13948.260	8455.930
115683.219	18431.510	8439.185
125774.313	-1638.799	8422.440
92702.008	9934.836	8405.695
123420.992	12323.667	8388.951
104495.656	8581.755	8372.206
118489.227	22942.838	8355.461
113261.148	16568.723	8338.716
91092.414	21867.803	8321.972
73416.523	34671.074	8305.227
120339.836	-19429.609	8288.482
110029.344	39766.988	8271.737
99320.648	31223.688	8254.993
89041.008	26215.221	8238.248
84483.836	14675.805	8221.503
109457.000	23128.209	8204.758
123344.430	10079.078	8188.014
99557.703	20606.754	8171.269
141420.609	5891.590	8154.524
127015.664	25777.328	8137.779
94252.563	14113.625	8121.035
140669.547	21803.938	8104.290
99205.203	-832.422	8087.545
97811.797	24338.461	8070.800
135612.203	15967.576	8054.056
106071.430	20642.059	8037.311
111132.625	24070.811	8020.566
132910.797	33811.168	8003.821
96934.359	-3152.776	7987.077
118574.609	-14290.679	7970.332
85270.227	-12840.484	7953.587
122547.602	15503.730	7936.842
106271.969	23807.557	7920.098
105845.180	35291.355	7903.353
129692.039	45165.895	7886.608
127628.461	1790.565	7869.863
106539.219	-18815.902	7853.119
116648.617	10217.058	7836.374
104705.195	28239.289	7819.629
64783.441	3686.654	7802.884
70314.875	43725.875	7786.140
92243.484	35526.746	7769.395
70152.445	17675.020	7752.650
114024.539	40454.793	7735.905
92960.164	14272.255	7719.161
93426.672	51829.691	7702.416
93083.813	11076.528	7685.671
105400.875	14414.952	7668.926
72199.320	15143.626	7652.182
105348.203	36603.977	7635.437
117095.641	16643.529	7618.692
82564.047	16442.604	7601.947
78214.672	21031.865	7585.203
113340.633	12956.671	7568.458
118689.102	30325.736	7551.713
78474.555	19387.018	7534.968
120092.977	49528.188	7518.224
130125.844	8594.808	7501.479
101139.680	49039.590	7484.734
118942.398	23566.596	7467.989
116071.406	12113.934	7451.245
100916.508	13954.362	7434.500
93862.719	25614.477	7417.755
105402.797	30892.551	7401.010
134168.578	49173.859	7384.266
71941.477	37641.887	7367.521
103785.906	12236.717	7350.776
126366.656	29812.631	7334.031
99013.273	-2568.128	7317.287
93040.547	24911.354	7300.542
139145.313	15289.712	7283.797
75329.898	34170.914	7267.052
110123.508	7287.275	7250.308
107846.961	42171.457	7233.563
115425.188	44215.004	7216.818
95538.781	47909.254	7200.073
125226.109	44850.777	7183.329
80804.797	42617.914	7166.584
110278.617	70090.906	7149.839
99317.016	27357.842	7133.094
107421.570	35730.785	7116.350
120728.609	46912.305	7099.605
126926.102	71220.820	7082.860
71848.102	40993.660	7066.115
125024.102	4840.917	7049.371
158833.906	38327.113	7032.626
101980.883	18283.348	7015.881
97685.734	54511.379	6999.136
96836.992	58290.195	6982.392
95661.055	83591.852	6965.647
102297.805	32765.867	6948.902
115772.891	21089.682	6932.157
82805.875	19786.367	6915.413
136861.813	13685.649	6898.668
146749.641	8241.885	6881.923
111554.406	49971.785	6865.178
77913.969	37412.945	6848.434
121803.938	30037.004	6831.689
91214.250	72818.078	6814.944
143833.688	52814.238	6798.199
107796.047	7461.109	6781.455
132837.109	41285.051	6764.710
65798.469	28895.846	6747.965
115677.547	28625.813	6731.220
97416.844	35414.820	6714.476
112375.984	14024.523	6697.731
126668.406	18224.354	6680.986
89516.852	53374.148	6664.241
120426.586	22324.207	6647.497
107235.406	29874.840	6630.752
107126.563	48625.859	6614.007
100265.297	44802.879	6597.262
131960.563	60929.859	6580.518
107643.211	42322.078	6563.773
92576.469	31080.510	6547.028
98835.563	40026.988	6530.283
134300.297	37616.672	6513.539
50359.977	56856.477	6496.794
91712.539	56927.875	6480.049
123730.594	50992.508	6463.304
91489.031	40291.688	6446.560
148341.547	46201.766	6429.815
97061.367	18891.117	6413.070
94912.867	40846.621	6396.325
117083.320	57667.508	6379.581
134011.094	28197.014	6362.836
131599.906	47208.109	6346.091
110629.211	54583.527	6329.346
151050.016	56477.875	6312.602
89092.039	59242.086	6295.857
139734.578	35890.605	6279.112
96908.891	43675.219	6262.367
76886.422	82065.695	6245.623
117095.125	77039.867	6228.878
155835.344	21023.377	6212.133
97059.008	35689.328	6195.388
126452.461	26388.127	6178.644
86121.453	42448.816	6161.899
92684.578	21967.293	6145.154
93539.695	32021.887	6128.409
136936.875	46753.422	6111.665
85757.578	48369.645	6094.920
109995.094	73776.898	6078.175
114524.719	68356.461	6061.430
111341.211	79992.523	6044.686
114816.570	77399.906	6027.941
112794.086	78237.703	6011.196
73744.070	98388.352	5994.451
87791.773	50677.531	5977.707
107975.586	86351.016	5960.962
115728.703	96278.867	5944.217
62596.293	75124.352	5927.472
122646.516	116143.859	5910.728
119085.133	80553.406	5893.983
117246.609	74408.664	5877.238
92044.453	76196.141	5860.493
128322.398	73289.297	5843.749
96554.547	20659.752	5827.004
107507.945	33892.980	5810.259
86398.250	62350.289	5793.514
67533.406	79069.086	5776.770
94667.453	26763.660	5760.025
108397.578	79029.523	5743.280
111036.133	73304.766	5726.535
83851.445	66023.258	5709.791
111573.992	46281.695	5693.046
64200.270	15831.847	5676.301
120814.656	36763.230	5659.556
101062.117	95642.688	5642.812
84583.289	64218.941	5626.067
116620.984	87555.797	5609.322
104031.703	51358.230	5592.577
119135.313	68356.766	5575.833
82137.578	89881.734	5559.088
122923.688	94979.516	5542.343
71697.234	81369.563	5525.598
95775.586	81864.711	5508.854
123519.547	67088.648	5492.109
129283.578	50743.656	5475.364
125352.469	93772.281	5458.619
118402.133	100631.500	5441.875
95198.102	59956.156	5425.130
100511.617	89697.789	5408.385
121737.242	58616.449	5391.640
127162.906	31448.770	5374.896
111416.461	103814.883	5358.151
143600.469	73188.383	5341.406
115544.859	71545.641	5324.661
159873.125	69405.359	5307.917
79507.086	48483.438	5291.172
104888.625	115825.250	5274.427
139649.781	65465.527	5257.682
118068.672	99325.602	5240.938
129604.336	85179.375	5224.193
104594.320	106461.242	5207.448
92220.094	63683.980	5190.703
95955.383	111666.180	5173.959
107559.242	66650.008	5157.214
136074.063	84603.398	5140.469
105538.195	77760.344	5123.724
108131.219	98660.180	5106.980
93115.484	55512.797	5090.235
97190.711	82475.164	5073.490
100671.320	101365.477	5056.745
73381.063	70421.008	5040.001
119535.047	105834.133	5023.256
105917.688	62470.520	5006.511
121900.695	79849.227	4989.766
91526.883	102232.836	4973.022
113445.492	83763.156	4956.277
144517.703	70852.352	4939.532
116713.180	106302.875	4922.787
102878.859	98255.867	4906.043
119563.445	123753.594	4889.298
91487.289	98000.578	4872.553
110362.727	103080.344	4855.808
92335.469	84331.094	4839.064
100222.117	99423.164	4822.319
108024.969	59492.117	4805.574
124023.055	88273.391	4788.829
135765.188	82045.094	4772.085
60204.402	75259.617	4755.340
73582.906	161463.797	4738.595
81309.391	81950.742	4721.850
81305.234	118560.766	4705.106
82544.555	98373.102	4688.361
125644.086	105186.000	4671.616
94287.734	143940.469	4654.871
77352.523	93393.875	4638.127
104064.563	74082.531	4621.382
51589.980	128649.172	4604.637
123970.508	93252.664	4587.892
134499.438	132250.719	4571.148
55557.816	75985.258	4554.403
100218.945	51760.563	4537.658
87577.125	82240.984	4520.913
108777.555	96208.555	4504.169
139072.250	108237.461	4487.424
92273.258	129235.531	4470.679
92510.359	66582.359	4453.934
93205.547	89954.773	4437.190
88583.500	92418.891	4420.445
141821.469	98709.203	4403.700
109636.891	118030.492	4386.955
87593.594	136339.078	4370.211
78291.109	88575.266	4353.466
90629.766	124582.094	4336.721
106949.578	113575.672	4319.976
87424.281	119587.398	4303.232
115176.945	133609.688	4286.487
108582.875	98282.422	4269.742
143818.500	169838.797	4252.997
87881.000	105992.969	4236.253
100555.531	127319.641	4219.508
101380.133	145272.922	4202.763
118703.508	153516.734	4186.018
94892.344	115137.758	4169.274
114268.570	164239.766	4152.529
110723.484	105026.203	4135.784
145454.438	138012.391	4119.039
122453.172	137675.813	4102.295
145925.625	113854.844	4085.550
80616.820	108147.461	4068.805
109350.039	123663.750	4052.060
112740.945	151083.172	4035.316
94566.633	129560.203	4018.571
119579.266	135571.094	4001.826
82489.734	75234.938	3985.081
124800.773	159271.063	3968.337
132498.156	105860.734	3951.592
88370.258	108912.664	3934.847
77689.883	103318.930	3918.102
129190.109	142415.594	3901.358
74074.063	131848.313	3884.613
90788.469	130796.289	3867.868
123136.258	164027.641	3851.123
135501.250	158113.078	3834.379
104974.734	125813.852	3817.634
101463.883	160830.031	3800.889
99024.195	127485.648	3784.144
133488.797	126867.820	3767.400
141808.531	124449.773	3750.655
104223.836	144435.547	3733.910
131570.094	117163.984	3717.165
125975.906	149275.109	3700.421
154054.094	142179.688	3683.676
91910.891	161663.688	3666.931
103669.422	130994.109	3650.186
83877.117	167573.547	3633.442
111639.586	134639.094	3616.697
104186.297	139455.641	3599.952
127633.375	121810.117	3583.207
162179.563	132644.859	3566.463
104747.320	141228.766	3549.718
103943.500	167132.641	3532.973
145469.484	151531.906	3516.228
157992.250	127184.063	3499.484
103596.469	144640.125	3482.739
102371.125	122791.328	3465.994
93904.742	167676.531	3449.249
108578.719	172875.656	3432.505
145369.719	157614.703	3415.760
92280.461	158278.938	3399.015
89516.563	171678.109	3382.270
82862.359	155234.484	3365.526
61869.309	180415.922	3348.781
95326.609	166700.313	3332.036
119842.875	158549.156	3315.291
99135.109	185448.813	3298.547
117604.016	190189.594	3281.802
105529.781	154779.438	3265.057
109218.438	180972.141	3248.312
102425.938	174248.125	3231.568
155116.875	145763.109	3214.823
100251.594	188001.453	3198.078
140464.906	158990.922	3181.333
115600.914	184179.813	3164.589
118964.133	174384.891	3147.844
127784.750	164990.469	3131.099
62588.641	182206.531	3114.354
126241.758	209280.578	3097.610
91538.055	190822.344	3080.865
111666.109	174754.875	3064.120
80284.930	169865.156	3047.375
99759.922	158965.703	3030.631
104320.984	208930.750	3013.886
78848.891	195134.359	2997.141
93770.922	182052.094	2980.396
72341.406	177995.547	2963.652
103311.625	216520.969	2946.907
111781.258	191533.859	2930.162
117554.305	180153.922	2913.417
85672.336	206242.375	2896.673
104824.492	199590.922	2879.928
103963.648	195572.672	2863.183
82192.383	167325.688	2846.438
139924.422	183820.438	2829.694
97043.141	224788.109	2812.949
103530.672	226962.922	2796.204
70643.422	210909.422	2779.459
111086.211	208756.078	2762.715
111559.859	198071.016	2745.970
113552.711	204591.641	2729.225
122140.484	184759.203	2712.480
83742.211	213812.266	2695.736
73938.719	250518.609	2678.991
97800.773	193570.141	2662.246
99340.938	191196.328	2645.501
114866.063	246318.219	2628.757
140475.844	235383.891	2612.012
123829.367	239999.875	2595.267
105597.844	224362.656	2578.522
82980.172	204252.656	2561.778
100004.094	236008.438	2545.033
136291.266	215728.375	2528.288
91517.859	230757.156	2511.543
94412.102	239373.688	2494.799
123394.336	212679.406	2478.054
111353.633	251216.719	2461.309
87396.000	239743.641	2444.564
106585.969	224638.016	2427.820
80800.047	249709.844	2411.075
106817.023	229247.469	2394.330
124405.258	279319.500	2377.585
113144.234	240080.563	2360.841
128835.398	244522.344	2344.096
140650.813	269240.625	2327.351
143795.922	236171.391	2310.606
73808.266	258998.688	2293.862
105357.023	269008.688	2277.117
101426.289	265065.188	2260.372
118893.938	268122.375	2243.627
115236.594	279737.375	2226.883
100407.148	300085.469	2210.138
95430.914	281082.281	2193.393
84857.539	271504.781	2176.648
116788.586	294365.594	2159.904
104354.914	259188.781	2143.159
87580.047	286398.281	2126.414
80236.313	291675.031	2109.669
117052.852	326693.094	2092.925
104470.867	283113.094	2076.180
138264.250	309725.969	2059.435
106288.844	352353.500	2042.690
116507.273	318764.406	2025.946
101975.414	331205.938	2009.201
120613.219	315317.469	1992.456
157567.063	335919.406	1975.711
74224.211	313238.875	1958.967
117720.172	351666.781	1942.222
142655.969	352739.156	1925.477
118613.031	346907.781	1908.732
88135.922	337742.469	1891.988
123396.914	333952.688	1875.243
104085.016	312004.375	1858.498
79120.352	347057.094	1841.753
90550.789	361162.250	1825.009
94845.336	355858.781	1808.264
107716.852	339878.719	1791.519
109211.555	373399.844	1774.774
91667.070	363275.375	1758.030
115422.453	382797.750	1741.285
103211.320	352065.000	1724.540
97378.086	400110.406	1707.795
127316.563	406795.625	1691.051
99293.391	416952.156	1674.306
101031.680	399016.969	1657.561
97701.523	450328.156	1640.816
111328.773	426158.188	1624.072
103858.805	414739.125	1607.327
104239.328	398156.844	1590.582
83679.641	442637.250	1573.837
87781.898	468964.875	1557.093
99722.234	436001.813	1540.348
116210.727	456860.188	1523.603
120771.688	492915.344	1506.858
104564.531	445889.969	1490.114
138268.172	473581.625	1473.369
111204.969	494178.719	1456.624
111388.648	502079.469	1439.879
149782.063	472242.781	1423.135
120209.375	523133.438	1406.390
116787.594	495400.813	1389.645
93885.398	519274.781	1372.900
110113.508	565926.188	1356.156
117919.898	524621.688	1339.411
140158.063	553143.688	1322.666
123342.797	569005.188	1305.921
121309.102	573945.250	1289.177
126227.367	578990.813	1272.432
129469.656	579493.125	1255.687
115877.672	603099.563	1238.942
135100.219	609756.188	1222.198
138305.375	627178.813	1205.453
85708.563	657130.438	1188.708
113737.320	675000.750	1171.963
115827.508	683191.625	1155.219
105322.125	695925.125	1138.474
123567.820	674830.563	1121.729
134774.078	716209.500	1104.984
164687.703	761062.813	1088.240
140160.641	779303.250	1071.495
148658.422	770457.375	1054.750
176793.156	802021.250	1038.005
160257.188	807917.563	1021.261
190613.750	880188.125	1004.516
186256.547	880331.313	987.771
208339.063	878576.125	971.026
189573.516	918348.125	954.282
210899.047	961205.625	937.537
197824.969	973391.250	920.792
250519.047	974506.250	904.047
251872.625	1016716.500	887.303
316456.344	1060106.875	870.558
305339.781	1105772.875	853.813
324146.406	1147574.375	837.068
355273.344	1179696.750	820.324
375130.063	1191457.375	803.579
400400.781	1195616.375	786.834
449842.563	1245242.750	770.089
484667.938	1301505.125	753.345
516295.375	1314698.125	736.600
567347.875	1361435.250	719.855
614826.625	1438423.000	703.110
664847.250	1477589.000	686.366
728191.688	1503162.250	669.621
813284.125	1581607.375	652.876
901470.000	1593801.000	636.131
1013526.000	1631211.750	619.387
1130188.500	1638325.125	602.642
1282468.625	1650306.125	585.897
1412899.125	1616098.750	569.152
1543257.750	1588692.000	552.408
1629544.000	1469325.750	535.663
1731878.125	1431653.625	518.918
1824490.875	1299724.875	502.173
1869122.000	1227341.000	485.429
1960438.250	1110843.250	468.684
1960385.125	1076773.625	451.939
2004911.375	983853.875	435.194
1993256.375	911063.750	418.450
2027894.000	852023.750	401.705
2072723.875	782395.625	384.960
2094988.500	745025.063	368.215
2152425.500	705221.688	351.471
2228452.250	631664.875	334.726
2286973.500	563345.938	317.981
2347561.500	473827.406	301.236
2404798.000	383287.313	284.492
2441261.250	227765.828	267.747
2474179.250	99505.539	251.002
2516173.000	-5840.667	234.257
2468368.500	-219802.859	217.513
2416563.000	-304704.000	200.768
2352224.750	-422431.188	184.023
2256208.000	-533902.938	167.278
2144545.250	-618020.188	150.534
2079391.875	-710915.188	133.789
1988218.500	-742159.438	117.044
1900303.750	-741928.125	100.299
1834034.500	-827182.125	83.555
1752478.500	-798375.938	66.810
1683292.625	-801554.875	50.065
1642200.250	-833238.250	33.320
1576851.875	-836804.688	16.576
1563789.375	-810229.438	-0.169
1534446.875	-800070.813	-16.914
1526094.500	-855686.375	-33.659
1547030.250	-820852.438	-50.403
1502148.250	-855943.375	-67.148
1509570.250	-877786.938	-83.893
1502081.500	-973012.438	-100.638
1517831.250	-998576.875	-117.382
1434625.125	-1060294.375	-134.127
1395398.625	-1119497.125	-150.872
1329830.375	-1174384.500	-167.617
1273176.875	-1195765.375	-184.361
1201139.375	-1246815.125	-201.106
1101828.750	-1237710.375	-217.851
1064764.750	-1265365.625	-234.596
989200.438	-1272001.500	-251.340
901707.813	-1271558.250	-268.085
836279.438	-1236075.875	-284.830
807620.500	-1214227.250	-301.575
758722.813	-1198069.500	-318.319
684809.563	-1194118.125	-335.064
646767.688	-1133767.250	-351.809
600251.813	-1131440.125	-368.554
578584.063	-1120161.125	-385.298
509916.375	-1073530.250	-402.043
527491.813	-1048272.063	-418.788
481806.469	-1034438.563	-435.533
437960.625	-1015184.438	-452.277
473939.344	-983476.938	-469.022
429970.375	-950203.938	-485.767
439152.156	-968032.875	-502.512
413370.969	-926885.375	-519.256
374365.188	-940658.938	-536.001
383787.250	-922777.313	-552.746
355917.500	-931442.625	-569.491
354761.156	-903623.438	-586.235
353755.125	-886276.188	-602.980
317441.031	-882148.750	-619.725
275478.094	-856772.250	-636.470
282539.156	-839208.938	-653.214
252495.141	-825769.250	-669.959
246633.094	-838378.813	-686.704
219270.703	-795525.313	-703.449
226909.047	-767898.813	-720.193
223558.719	-779113.750	-736.938
205792.906	-765281.750	-753.683
188007.578	-752559.875	-770.428
189566.500	-715643.313	-787.172
177995.281	-685982.750	-803.917
172736.750	-679458.813	-820.662
152529.141	-645851.188	-837.407
173029.781	-624197.875	-854.151
138888.297	-679807.000	-870.896
132329.516	-646494.063	-887.641
154439.063	-622536.063	-904.386
165369.406	-605213.125	-921.130
132322.703	-605720.313	-937.875
141350.641	-587679.188	-954.620
146809.125	-567319.938	-971.365
129756.547	-537006.188	-988.109
127190.602	-504401.625	-1004.854
116024.281	-536583.625	-1021.599
105495.703	-526160.938	-1038.344
135114.078	-504791.031	-1055.088
122602.742	-505491.250	-1071.833
123154.953	-488324.219	-1088.578
138462.859	-498978.406	-1105.323
119082.742	-479519.688	-1122.067
127689.313	-489706.219	-1138.812
158005.281	-465740.000	-1155.557
137169.766	-501094.750	-1172.302
141061.703	-453416.781	-1189.046
126934.641	-444318.750	-1205.791
116110.953	-468134.844	-1222.536
113140.602	-406878.156	-1239.281
96190.391	-423092.219	-1256.025
103481.406	-417920.594	-1272.770
113184.586	-429420.063	-1289.515
91819.617	-401177.594	-1306.260
130994.352	-398355.906	-1323.004
104681.680	-379673.438	-1339.749
105425.766	-376468.938	-1356.494
124351.375	-401975.594	-1373.239
90957.781	-393575.344	-1389.983
106850.234	-364832.500	-1406.728
91802.781	-387170.875	-1423.473
115700.516	-363157.313	-1440.218
110860.844	-349757.844	-1456.962
93525.273	-351722.375	-1473.707
101110.867	-348507.000	-1490.452
76599.250	-351624.344	-1507.197
98565.055	-314502.625	-1523.941
102552.375	-366589.125	-1540.686
107576.344	-366128.125	-1557.431
121174.820	-379142.531	-1574.176
115849.195	-330378.875	-1590.920
102053.086	-344000.125	-1607.665
130568.219	-307519.625	-1624.410
109030.352	-300441.563	-1641.155
114332.188	-310704.781	-1657.899
107279.273	-305863.750	-1674.644
108599.023	-316811.500	-1691.389
105787.063	-288546.219	-1708.134
124328.242	-315766.000	-1724.878
107185.109	-287927.781	-1741.623
111265.492	-272860.656	-1758.368
82246.219	-286517.500	-1775.113
117741.719	-280096.844	-1791.857
128013.859	-262714.094	-1808.602
108614.750	-285193.813	-1825.347
104622.047	-303941.219	-1842.092
105648.625	-257643.781	-1858.836
120149.898	-269284.750	-1875.581
113734.695	-268814.375	-1892.326
109362.367	-240675.000	-1909.071
104086.641	-239870.594	-1925.815
96594.352	-248109.328	-1942.560
92266.695	-287113.156	-1959.305
103531.906	-252910.281	-1976.050
95043.438	-254598.656	-1992.794
124595.211	-270827.406	-2009.539
106124.680	-260033.297	-2026.284
107777.258	-239498.656	-2043.029
120808.711	-257780.859	-2059.773
118184.383	-270281.344	-2076.518
105684.320	-258765.266	-2093.263
96206.813	-259109.766	-2110.008
105913.234	-239737.875	-2126.752
105390.586	-249174.266	-2143.497
86865.945	-224616.313	-2160.242
80852.930	-255765.609	-2176.987
115589.086	-215493.656	-2193.731
92147.141	-249177.125	-2210.476
105369.750	-220746.969	-2227.221
121529.664	-223983.156	-2243.966
96804.961	-200947.219	-2260.710
90141.023	-197927.156	-2277.455
92983.164	-212186.719	-2294.200
103444.969	-243400.484	-2310.944
131296.922	-218441.172	-2327.689
108069.891	-220236.094	-2344.434
121231.680	-241438.000	-2361.179
90961.281	-237878.125	-2377.923
85609.578	-201033.656	-2394.668
112629.727	-205589.031	-2411.413
74203.734	-199357.469	-2428.158
97812.719	-209317.453	-2444.902
95896.703	-189534.969	-2461.647
89074.430	-193680.172	-2478.392
109275.961	-201491.266	-2495.137
95000.961	-198939.938	-2511.881
95173.570	-181877.781	-2528.626
97418.969	-230414.844	-2545.371
88174.016	-208374.375	-2562.116
95272.727	-219757.516	-2578.860
123634.836	-197643.906	-2595.605
78828.711	-195515.156	-2612.350
111989.227	-188372.484	-2629.095
116565.273	-190880.344	-2645.839
88868.961	-208912.438	-2662.584
97158.047	-204743.328	-2679.329
94742.055	-177814.922	-2696.074
107337.492	-174564.625	-2712.818
93710.727	-207433.922	-2729.563
131882.219	-182475.781	-2746.308
121650.641	-175859.641	-2763.053
107441.516	-185358.328	-2779.797
85458.023	-170587.391	-2796.542
94210.508	-141032.172	-2813.287
117177.070	-159458.219	-2830.032
118676.961	-197975.453	-2846.776
132201.391	-184271.563	-2863.521
87732.156	-170650.469	-2880.266
105597.430	-175659.125	-2897.011
147281.750	-175548.469	-2913.755
113616.781	-160334.250	-2930.500
129559.242	-180505.813	-2947.245
105602.969	-170152.625	-2963.990
104745.898	-161754.078	-2980.734
94107.570	-143399.297	-2997.479
108143.344	-178788.703	-3014.224
97385.477	-140323.094	-3030.969
80814.586	-165030.891	-3047.713
120064.313	-146103.219	-3064.458
96534.961	-158513.344	-3081.203
101104.656	-123839.313	-3097.948
95606.789	-142642.594	-3114.692
79443.492	-146371.703	-3131.437
97050.563	-130048.859	-3148.182
111392.219	-136476.891	-3164.927
90495.070	-147323.938	-3181.671
115985.758	-154445.844	-3198.416
99533.578	-150837.938	-3215.161
135288.563	-133123.109	-3231.906
101329.352	-156777.813	-3248.650
85287.508	-160178.609	-3265.395
110570.445	-145088.484	-3282.140
88269.523	-148700.969	-3298.885
103914.352	-158866.016	-3315.629
137135.000	-148294.313	-3332.374
81567.383	-133396.469	-3349.119
124233.086	-148631.672	-3365.864
123405.625	-154323.406	-3382.608
115161.484	-145261.063	-3399.353
85415.961	-160678.750	-3416.098
115776.719	-108259.992	-3432.843
127198.188	-133901.266	-3449.587
88598.969	-143248.719	-3466.332
113809.633	-127873.438	-3483.077
93539.195	-126811.258	-3499.822
131878.172	-146640.703	-3516.566
87660.883	-153421.297	-3533.311
81240.688	-131748.891	-3550.056
106630.164	-138821.672	-3566.801
122205.383	-150269.625	-3583.545
103546.906	-132778.719	-3600.290
119884.898	-134742.406	-3617.035
115411.609	-143370.766	-3633.780
104476.813	-119906.609	-3650.524
87588.320	-128511.438	-3667.269
108246.828	-148191.953	-3684.014
84212.375	-141955.813	-3700.759
106525.672	-133918.953	-3717.503
118561.977	-118713.719	-3734.248
91025.586	-120369.656	-3750.993
108397.727	-130286.008	-3767.738
103071.664	-124773.500	-3784.482
122146.648	-104301.766	-3801.227
101764.672	-117648.281	-3817.972
105034.867	-117439.367	-3834.717
108095.688	-113065.633	-3851.461
89420.336	-124779.367	-3868.206
118121.133	-135884.125	-3884.951
117605.414	-102758.688	-3901.696
96930.695	-126141.047	-3918.440
100505.289	-121038.219	-3935.185
117878.133	-118444.406	-3951.930
106449.578	-106331.914	-3968.675
103307.891	-120155.844	-3985.419
108162.219	-90296.320	-4002.164
78533.758	-77092.016	-4018.909
127155.320	-105751.852	-4035.654
112700.898	-106190.555	-4052.398
90582.148	-96540.836	-4069.143
95438.734	-103713.594	-4085.888
106437.555	-91821.367	-4102.633
128580.844	-99735.070	-4119.377
150778.172	-97071.422	-4136.122
104028.984	-93039.523	-4152.867
102688.125	-96244.641	-4169.612
96669.828	-126614.391	-4186.356
114624.992	-105029.734	-4203.101
118350.320	-101000.859	-4219.846
92554.438	-121684.664	-4236.591
113097.578	-97110.992	-4253.335
110918.125	-127039.359	-4270.080
112727.117	-106411.930	-4286.825
97604.578	-102889.742	-4303.570
105749.852	-89593.938	-4320.314
77533.445	-94097.984	-4337.059
106267.461	-68040.219	-4353.804
100253.398	-73417.750	-4370.549
102313.586	-79835.398	-4387.293
119073.234	-95397.523	-4404.038
98127.781	-85120.039	-4420.783
93123.523	-83025.086	-4437.528
119879.773	-99989.469	-4454.272
98951.000	-109304.852	-4471.017
97094.234	-79231.094	-4487.762
91383.516	-110047.445	-4504.507
103521.258	-87511.844	-4521.251
101818.719	-97443.781	-4537.996
107062.453	-105502.820	-4554.741
114976.234	-96188.742	-4571.486
116318.344	-86691.531	-4588.230
100040.398	-79182.133	-4604.975
119649.289	-84566.539	-4621.720
118437.961	-71395.313	-4638.465
98191.422	-87948.227	-4655.209
93987.984	-81096.141	-4671.954
71322.922	-95821.383	-4688.699
128974.758	-90107.398	-4705.444
119405.258	-74030.680	-4722.188
132930.297	-84348.922	-4738.933
93372.461	-68530.313	-4755.678
129941.258	-96012.602	-4772.423
116269.969	-74801.078	-4789.167
96994.773	-81415.266	-4805.912
142638.828	-71599.016	-4822.657
83167.172	-48763.199	-4839.402
110121.234	-101229.469	-4856.146
110340.969	-74129.305	-4872.891
101690.602	-106214.313	-4889.636
112037.188	-81107.563	-4906.381
106369.844	-67565.883	-4923.125
116467.711	-50187.723	-4939.870
107383.844	-83691.633	-4956.615
100822.742	-66886.461	-4973.360
98991.453	-81077.328	-4990.104
110535.086	-72062.836	-5006.849
121597.531	-57483.203	-5023.594
105698.445	-80705.508	-5040.339
100140.344	-71585.750	-5057.083
113529.469	-64568.609	-5073.828
110013.070	-89087.219	-5090.573
121453.750	-78554.156	-5107.318
101677.141	-100725.914	-5124.062
96717.305	-86692.383	-5140.807
83632.820	-80298.398	-5157.552
96650.547	-63470.629	-5174.297
114397.055	-67299.039	-5191.041
107365.992	-71696.492	-5207.786
104147.750	-54088.387	-5224.531
101374.969	-78305.586	-5241.276
108192.234	-62011.652	-5258.020
115177.789	-78777.828	-5274.765
108186.602	-76932.117	-5291.510
98231.281	-50404.969	-5308.255
103099.703	-44368.734	-5324.999
95495.203	-61403.570	-5341.744
114691.477	-65180.930	-5358.489
94430.336	-79472.633	-5375.234
92569.938	-66901.875	-5391.978
90701.922	-54559.508	-5408.723
94492.273	-77142.969	-5425.468
91657.133	-59544.008	-5442.213
94063.039	-61363.406	-5458.957
108720.148	-66028.797	-5475.702
114672.500	-50360.629	-5492.447
90409.367	-68830.297	-5509.192
100887.789	-76836.672	-5525.936
100412.055	-65165.348	-5542.681
97355.172	-60281.734	-5559.426
95673.852	-65357.547	-5576.171
116869.711	-38352.184	-5592.915
95525.133	-52640.844	-5609.660
104279.930	-62735.609	-5626.405
71272.664	-67175.328	-5643.150
103344.063	-52131.465	-5659.894
94279.531	-97041.844	-5676.639
89856.406	-75802.227	-5693.384
108346.742	-55991.734	-5710.129
133500.156	-57706.402	-5726.873
136590.578	-50423.922	-5743.618
122268.891	-45071.234	-5760.363
90340.352	-26769.012	-5777.108
111098.344	-60437.887	-5793.852
105197.688	-49741.047	-5810.597
113015.039	-50755.574	-5827.342
105033.234	-63395.199	-5844.087
86586.375	-42561.547	-5860.831
90264.359	-45988.273	-5877.576
100789.797	-43369.383	-5894.321
107849.109	-47817.914	-5911.066
113028.945	-65715.633	-5927.810
101623.633	-37755.781	-5944.555
79647.742	-41265.738	-5961.300
88003.703	-64095.754	-5978.045
111909.852	-39415.324	-5994.789
110707.938	-62139.418	-6011.534
102072.180	-50190.563	-6028.279
91015.953	-55750.219	-6045.024
103194.875	-45466.234	-6061.768
108596.820	-73423.258	-6078.513
94261.031	-45781.590	-6095.258
86384.570	-62032.797	-6112.003
93936.617	-38035.977	-6128.747
95072.930	-19523.088	-6145.492
122239.070	-56210.629	-6162.237
93994.867	-65363.867	-6178.982
105647.203	-41248.184	-6195.726
120655.438	-36104.230	-6212.471
116194.359	-24315.953	-6229.216
94103.219	-51619.750	-6245.961
67990.156	-39598.168	-6262.705
82656.469	-25918.232	-6279.450
109093.719	-48275.242	-6296.195
118156.328	-51326.734	-6312.940
101252.711	-14176.395	-6329.684
92511.672	-47253.227	-6346.429
107137.180	-34003.000	-6363.174
92589.023	-38163.188	-6379.919
115075.242	-39944.789	-6396.663
100799.250	-24536.078	-6413.408
104564.813	-24680.055	-6430.153
108825.484	-45037.930	-6446.898
109401.063	-37720.773	-6463.642
93430.680	-42772.898	-6480.387
102982.914	-32117.623	-6497.132
113661.102	-30202.055	-6513.877
101777.047	-41188.453	-6530.621
113209.406	-37762.219	-6547.366
104565.383	-32455.311	-6564.111
103337.109	-35468.809	-6580.856
123571.328	-37234.645	-6597.600
107690.422	-33338.004	-6614.345
125087.508	-27881.590	-6631.090
121176.797	-12825.325	-6647.835
85881.047	-32014.375	-6664.579
108202.766	-22082.385	-6681.324
103891.445	-47839.211	-6698.069
103339.711	-30323.023	-6714.814
110386.109	-43237.566	-6731.558
100127.938	-17941.082	-6748.303
103240.898	-17630.037	-6765.048
121299.844	-33312.746	-6781.793
97614.711	-26067.855	-6798.537
120172.531	-27525.117	-6815.282
114230.070	-34055.227	-6832.027
112470.648	-19090.174	-6848.772
114648.406	-34737.078	-6865.516
101074.375	-28526.670	-6882.261
107750.617	-39033.113	-6899.006
115894.750	-15700.430	-6915.751
108691.422	-15248.598	-6932.495
105072.969	-37316.371	-6949.240
118967.023	-17503.426	-6965.985
102736.734	-22396.492	-6982.730
84687.641	-20065.488	-6999.474
108232.250	-57578.121	-7016.219
124433.281	-25965.961	-7032.964
106262.891	-15385.208	-7049.709
116258.742	-39247.887	-7066.453
87206.023	-18132.570	-7083.198
111155.164	-27744.064	-7099.943
122296.453	-5793.478	-7116.688
100560.313	-9574.688	-7133.432
109228.195	-36832.461	-7150.177
125935.500	-15906.918	-7166.922
100914.352	-26130.668	-7183.667
96463.109	-53066.281	-7200.411
109830.031	-11507.337	-7217.156
95447.609	-18123.820	-7233.901
133313.406	-39560.824	-7250.646
99351.000	-30265.264	-7267.390
94582.859	-34036.074	-7284.135
99177.758	12825.644	-7300.880
100798.133	-38400.496	-7317.625
100168.383	-24085.416	-7334.369
105757.242	-2396.466	-7351.114
96100.664	-34539.938	-7367.859
92669.750	-2697.189	-7384.604
110101.680	-51129.973	-7401.348
108653.703	-25530.338	-7418.093
120633.586	-6858.421	-7434.838
108170.359	6936.484	-7451.583
101260.695	-25628.156	-7468.327
86705.805	-10697.014	-7485.072
108421.492	-15318.091	-7501.817
111548.547	-6733.773	-7518.562
110665.008	-20152.396	-7535.306
107665.555	-35215.223	-7552.051
107292.922	-328.554	-7568.796
132457.469	-4404.069	-7585.541
108511.141	-43518.258	-7602.285
98848.313	-9964.485	-7619.030
114085.172	-11698.179	-7635.775
117628.930	-19852.879	-7652.520
104537.570	-33001.426	-7669.264
89410.328	-6528.628	-7686.009
107544.195	-1616.313	-7702.754
105772.195	15720.271	-7719.499
104820.180	-27671.008	-7736.243
118856.266	-23847.822	-7752.988
125430.703	-32885.301	-7769.733
114508.000	-30993.043	-7786.478
103312.359	25481.314	-7803.222
109001.039	-23265.688	-7819.967
95600.125	-18320.291	-7836.712
119277.344	1777.362	-7853.457
117109.055	-19296.180	-7870.201
114801.008	9317.694	-7886.946
99628.922	-618.705	-7903.691
113851.586	-5826.088	-7920.436
115892.594	485.185	-7937.180
90981.094	-14654.011	-7953.925
123236.172	-10901.402	-7970.670
127801.516	13324.147	-7987.415
120261.828	-12836.525	-8004.159
111399.273	3466.378	-8020.904
97954.602	-28902.037	-8037.649
93371.188	-21024.609	-8054.394
120558.180	6169.230	-8071.138
100132.773	4686.742	-8087.883
114222.313	-3048.352	-8104.628
114560.367	4434.874	-8121.373
95151.867	21065.535	-8138.117
118649.781	3847.662	-8154.862
114281.922	-17505.334	-8171.607
96032.430	-20290.906	-8188.352
92010.961	-9736.291	-8205.096
96598.875	-8895.706	-8221.841
104970.789	-19614.029	-8238.586
92448.109	7347.825	-8255.331
88887.766	-18309.238	-8272.075
105178.727	-5050.206	-8288.820
103242.469	10221.598	-8305.565
97747.000	20118.355	-8322.310
112372.141	-10488.415	-8339.054
114305.195	2937.382	-8355.799
70469.344	8526.417	-8372.544
68347.133	-33315.355	-8389.289
92965.648	-13763.051	-8406.033
98827.375	-2792.401	-8422.778
100659.297	3168.922	-8439.523
120978.859	21692.053	-8456.268
104110.000	4123.360	-8473.012
122420.031	14740.457	-8489.757
88664.414	3519.495	-8506.502
107803.664	7984.907	-8523.247
102632.758	-1012.055	-8539.991
103372.906	-1461.312	-8556.736
